Sample Names	Chr	Pos	MutationType	SBS1	SBS2	SBS3	SBS4	SBS5	SBS6	SBS7a	SBS7b	SBS7c	SBS7d	SBS8	SBS9	SBS10a	SBS10b	SBS10c	SBS10d	SBS11	SBS12	SBS13	SBS14	SBS15	SBS16	SBS17a	SBS17b	SBS18	SBS19	SBS20	SBS21	SBS22a	SBS22b	SBS23	SBS24	SBS25	SBS26	SBS27	SBS28	SBS29	SBS30	SBS31	SBS32	SBS33	SBS34	SBS35	SBS36	SBS37	SBS38	SBS39	SBS40a	SBS40b	SBS40c	SBS41	SBS42	SBS43	SBS44	SBS45	SBS46	SBS47	SBS48	SBS49	SBS50	SBS51	SBS52	SBS53	SBS54	SBS55	SBS56	SBS57	SBS58	SBS59	SBS60	SBS84	SBS85	SBS86	SBS87	SBS88	SBS89	SBS90	SBS91	SBS92	SBS93	SBS94	SBS95	SBS96	SBS97	SBS98	SBS99
ACH-000415	1	2408112	C[T>A]C	0.0021309820155732944	0.0	0.0	0.0	0.41071752268502104	0.018530670904234485	0.0	0.0	0.0	0.0	0.0	0.0	0.0	0.0016090505392742014	0.0	0.0	0.0	0.0	0.004820480067034285	0.0	0.0	0.0	0.0	0.0	0.0	0.0	0.0	0.0	0.0	0.0	0.0	0.0	0.0	0.0	0.0	0.0	0.0	0.0	0.0	0.0	0.0	0.0	0.0	0.0	0.0	0.0	0.0	0.0	0.0	0.0	0.0	0.0	0.0	0.0	0.0	0.0	0.0	0.0	0.0	0.0	0.0	0.0	0.0	0.0	0.0	0.0	0.0	0.0	0.0	0.0	0.0	0.0	0.0	0.0	0.0	0.0	0.0	0.0	0.0	0.0	0.5621912937888627	0.0	0.0	0.0	0.0	0.0
ACH-000415	1	6639186	C[C>T]A	0.0037658629886889697	0.0	0.0	0.0	0.5331202508011228	0.15882768103721925	0.0	0.0	0.0	0.0	0.0	0.0	0.0	0.000795951609981708	0.0	0.0	0.0	0.0	9.446873418588825e-05	0.0	0.0	0.0	0.0	0.0	0.0	0.0	0.0	0.0	0.0	0.0	0.0	0.0	0.0	0.0	0.0	0.0	0.0	0.0	0.0	0.0	0.0	0.0	0.0	0.0	0.0	0.0	0.0	0.0	0.0	0.0	0.0	0.0	0.0	0.0	0.0	0.0	0.0	0.0	0.0	0.0	0.0	0.0	0.0	0.0	0.0	0.0	0.0	0.0	0.0	0.0	0.0	0.0	0.0	0.0	0.0	0.0	0.0	0.0	0.0	0.0	0.30339578482880136	0.0	0.0	0.0	0.0	0.0
ACH-000415	1	8045077	G[C>T]G	0.12550147135618905	0.0	0.0	0.0	0.10334424368275028	0.6355724058427978	0.0	0.0	0.0	0.0	0.0	0.0	0.0	0.02030662279623841	0.0	0.0	0.0	0.0	0.00026637227666108024	0.0	0.0	0.0	0.0	0.0	0.0	0.0	0.0	0.0	0.0	0.0	0.0	0.0	0.0	0.0	0.0	0.0	0.0	0.0	0.0	0.0	0.0	0.0	0.0	0.0	0.0	0.0	0.0	0.0	0.0	0.0	0.0	0.0	0.0	0.0	0.0	0.0	0.0	0.0	0.0	0.0	0.0	0.0	0.0	0.0	0.0	0.0	0.0	0.0	0.0	0.0	0.0	0.0	0.0	0.0	0.0	0.0	0.0	0.0	0.0	0.0	0.11500888404536323	0.0	0.0	0.0	0.0	0.0
ACH-000415	1	18961612	G[C>T]G	0.12550147135618905	0.0	0.0	0.0	0.10334424368275028	0.6355724058427978	0.0	0.0	0.0	0.0	0.0	0.0	0.0	0.02030662279623841	0.0	0.0	0.0	0.0	0.00026637227666108024	0.0	0.0	0.0	0.0	0.0	0.0	0.0	0.0	0.0	0.0	0.0	0.0	0.0	0.0	0.0	0.0	0.0	0.0	0.0	0.0	0.0	0.0	0.0	0.0	0.0	0.0	0.0	0.0	0.0	0.0	0.0	0.0	0.0	0.0	0.0	0.0	0.0	0.0	0.0	0.0	0.0	0.0	0.0	0.0	0.0	0.0	0.0	0.0	0.0	0.0	0.0	0.0	0.0	0.0	0.0	0.0	0.0	0.0	0.0	0.0	0.0	0.11500888404536323	0.0	0.0	0.0	0.0	0.0
ACH-000415	1	23885879	C[C>T]G	0.13557322778853023	0.0	0.0	0.0	0.1766626720907914	0.5233960036100253	0.0	0.0	0.0	0.0	0.0	0.0	0.0	0.007164640192898836	0.0	0.0	0.0	0.0	0.0035780627465558244	0.0	0.0	0.0	0.0	0.0	0.0	0.0	0.0	0.0	0.0	0.0	0.0	0.0	0.0	0.0	0.0	0.0	0.0	0.0	0.0	0.0	0.0	0.0	0.0	0.0	0.0	0.0	0.0	0.0	0.0	0.0	0.0	0.0	0.0	0.0	0.0	0.0	0.0	0.0	0.0	0.0	0.0	0.0	0.0	0.0	0.0	0.0	0.0	0.0	0.0	0.0	0.0	0.0	0.0	0.0	0.0	0.0	0.0	0.0	0.0	0.0	0.15362539357119848	0.0	0.0	0.0	0.0	0.0
ACH-000415	1	26189992	C[C>T]T	0.000270766597922425	0.0	0.0	0.0	0.46573562384240735	0.11824163173795278	0.0	0.0	0.0	0.0	0.0	0.0	0.0	0.002301074231473801	0.0	0.0	0.0	0.0	0.005206952934963899	0.0	0.0	0.0	0.0	0.0	0.0	0.0	0.0	0.0	0.0	0.0	0.0	0.0	0.0	0.0	0.0	0.0	0.0	0.0	0.0	0.0	0.0	0.0	0.0	0.0	0.0	0.0	0.0	0.0	0.0	0.0	0.0	0.0	0.0	0.0	0.0	0.0	0.0	0.0	0.0	0.0	0.0	0.0	0.0	0.0	0.0	0.0	0.0	0.0	0.0	0.0	0.0	0.0	0.0	0.0	0.0	0.0	0.0	0.0	0.0	0.0	0.4082439506552797	0.0	0.0	0.0	0.0	0.0
ACH-000415	1	40704132	T[C>G]T	0.0012066142483026232	0.0	0.0	0.0	0.14110511075608093	0.0006140529777960741	0.0	0.0	0.0	0.0	0.0	0.0	0.0	9.397546939020107e-05	0.0	0.0	0.0	0.0	0.7419033200186808	0.0	0.0	0.0	0.0	0.0	0.0	0.0	0.0	0.0	0.0	0.0	0.0	0.0	0.0	0.0	0.0	0.0	0.0	0.0	0.0	0.0	0.0	0.0	0.0	0.0	0.0	0.0	0.0	0.0	0.0	0.0	0.0	0.0	0.0	0.0	0.0	0.0	0.0	0.0	0.0	0.0	0.0	0.0	0.0	0.0	0.0	0.0	0.0	0.0	0.0	0.0	0.0	0.0	0.0	0.0	0.0	0.0	0.0	0.0	0.0	0.0	0.11507692652974942	0.0	0.0	0.0	0.0	0.0
ACH-000415	1	68947182	C[C>T]G	0.13557322778853023	0.0	0.0	0.0	0.1766626720907914	0.5233960036100253	0.0	0.0	0.0	0.0	0.0	0.0	0.0	0.007164640192898836	0.0	0.0	0.0	0.0	0.0035780627465558244	0.0	0.0	0.0	0.0	0.0	0.0	0.0	0.0	0.0	0.0	0.0	0.0	0.0	0.0	0.0	0.0	0.0	0.0	0.0	0.0	0.0	0.0	0.0	0.0	0.0	0.0	0.0	0.0	0.0	0.0	0.0	0.0	0.0	0.0	0.0	0.0	0.0	0.0	0.0	0.0	0.0	0.0	0.0	0.0	0.0	0.0	0.0	0.0	0.0	0.0	0.0	0.0	0.0	0.0	0.0	0.0	0.0	0.0	0.0	0.0	0.0	0.15362539357119848	0.0	0.0	0.0	0.0	0.0
ACH-000415	1	86960047	C[C>T]C	0.00046167422044797956	0.0	0.0	0.0	0.474148380313732	0.15695899718013281	0.0	0.0	0.0	0.0	0.0	0.0	0.0	0.00040401281170853533	0.0	0.0	0.0	0.0	0.006000435822324147	0.0	0.0	0.0	0.0	0.0	0.0	0.0	0.0	0.0	0.0	0.0	0.0	0.0	0.0	0.0	0.0	0.0	0.0	0.0	0.0	0.0	0.0	0.0	0.0	0.0	0.0	0.0	0.0	0.0	0.0	0.0	0.0	0.0	0.0	0.0	0.0	0.0	0.0	0.0	0.0	0.0	0.0	0.0	0.0	0.0	0.0	0.0	0.0	0.0	0.0	0.0	0.0	0.0	0.0	0.0	0.0	0.0	0.0	0.0	0.0	0.0	0.3620264996516545	0.0	0.0	0.0	0.0	0.0
ACH-000415	1	91978838	T[C>G]A	2.207115389887336e-16	0.0	0.0	0.0	0.11283327611632461	0.00030497781894165186	0.0	0.0	0.0	0.0	0.0	0.0	0.0	6.152210432080574e-16	0.0	0.0	0.0	0.0	0.815705975795045	0.0	0.0	0.0	0.0	0.0	0.0	0.0	0.0	0.0	0.0	0.0	0.0	0.0	0.0	0.0	0.0	0.0	0.0	0.0	0.0	0.0	0.0	0.0	0.0	0.0	0.0	0.0	0.0	0.0	0.0	0.0	0.0	0.0	0.0	0.0	0.0	0.0	0.0	0.0	0.0	0.0	0.0	0.0	0.0	0.0	0.0	0.0	0.0	0.0	0.0	0.0	0.0	0.0	0.0	0.0	0.0	0.0	0.0	0.0	0.0	0.0	0.07115577026968785	0.0	0.0	0.0	0.0	0.0
ACH-000415	1	94543248	T[C>T]C	4.7737372494549915e-05	0.0	0.0	0.0	0.42967840050130746	0.083362137974309	0.0	0.0	0.0	0.0	0.0	0.0	0.0	0.17379743412339543	0.0	0.0	0.0	0.0	0.014906714845424284	0.0	0.0	0.0	0.0	0.0	0.0	0.0	0.0	0.0	0.0	0.0	0.0	0.0	0.0	0.0	0.0	0.0	0.0	0.0	0.0	0.0	0.0	0.0	0.0	0.0	0.0	0.0	0.0	0.0	0.0	0.0	0.0	0.0	0.0	0.0	0.0	0.0	0.0	0.0	0.0	0.0	0.0	0.0	0.0	0.0	0.0	0.0	0.0	0.0	0.0	0.0	0.0	0.0	0.0	0.0	0.0	0.0	0.0	0.0	0.0	0.0	0.29820757518306934	0.0	0.0	0.0	0.0	0.0
ACH-000415	1	109823081	G[T>C]C	0.01237841924766317	0.0	0.0	0.0	0.7549549799280509	0.0448525812515429	0.0	0.0	0.0	0.0	0.0	0.0	0.0	0.09721061547719334	0.0	0.0	0.0	0.0	0.003082195693118568	0.0	0.0	0.0	0.0	0.0	0.0	0.0	0.0	0.0	0.0	0.0	0.0	0.0	0.0	0.0	0.0	0.0	0.0	0.0	0.0	0.0	0.0	0.0	0.0	0.0	0.0	0.0	0.0	0.0	0.0	0.0	0.0	0.0	0.0	0.0	0.0	0.0	0.0	0.0	0.0	0.0	0.0	0.0	0.0	0.0	0.0	0.0	0.0	0.0	0.0	0.0	0.0	0.0	0.0	0.0	0.0	0.0	0.0	0.0	0.0	0.0	0.08752120840243116	0.0	0.0	0.0	0.0	0.0
ACH-000415	1	114215261	T[T>C]C	0.016184678418127905	0.0	0.0	0.0	0.6765693987766177	0.03227628332288134	0.0	0.0	0.0	0.0	0.0	0.0	0.0	0.00108260538471517	0.0	0.0	0.0	0.0	0.00030902942066340434	0.0	0.0	0.0	0.0	0.0	0.0	0.0	0.0	0.0	0.0	0.0	0.0	0.0	0.0	0.0	0.0	0.0	0.0	0.0	0.0	0.0	0.0	0.0	0.0	0.0	0.0	0.0	0.0	0.0	0.0	0.0	0.0	0.0	0.0	0.0	0.0	0.0	0.0	0.0	0.0	0.0	0.0	0.0	0.0	0.0	0.0	0.0	0.0	0.0	0.0	0.0	0.0	0.0	0.0	0.0	0.0	0.0	0.0	0.0	0.0	0.0	0.27357800467699467	0.0	0.0	0.0	0.0	0.0
ACH-000415	1	114223865	A[T>A]T	0.0006136267487835987	0.0	0.0	0.0	0.30341352441775965	0.03452351818587698	0.0	0.0	0.0	0.0	0.0	0.0	0.0	0.02675309633887656	0.0	0.0	0.0	0.0	0.005282066681157795	0.0	0.0	0.0	0.0	0.0	0.0	0.0	0.0	0.0	0.0	0.0	0.0	0.0	0.0	0.0	0.0	0.0	0.0	0.0	0.0	0.0	0.0	0.0	0.0	0.0	0.0	0.0	0.0	0.0	0.0	0.0	0.0	0.0	0.0	0.0	0.0	0.0	0.0	0.0	0.0	0.0	0.0	0.0	0.0	0.0	0.0	0.0	0.0	0.0	0.0	0.0	0.0	0.0	0.0	0.0	0.0	0.0	0.0	0.0	0.0	0.0	0.6294141676275454	0.0	0.0	0.0	0.0	0.0
ACH-000415	1	120459094	A[T>A]C	0.012813211279127046	0.0	0.0	0.0	0.5811325916031757	0.01945799577885278	0.0	0.0	0.0	0.0	0.0	0.0	0.0	0.005420726533775335	0.0	0.0	0.0	0.0	0.0009738609538564529	0.0	0.0	0.0	0.0	0.0	0.0	0.0	0.0	0.0	0.0	0.0	0.0	0.0	0.0	0.0	0.0	0.0	0.0	0.0	0.0	0.0	0.0	0.0	0.0	0.0	0.0	0.0	0.0	0.0	0.0	0.0	0.0	0.0	0.0	0.0	0.0	0.0	0.0	0.0	0.0	0.0	0.0	0.0	0.0	0.0	0.0	0.0	0.0	0.0	0.0	0.0	0.0	0.0	0.0	0.0	0.0	0.0	0.0	0.0	0.0	0.0	0.38020161385121287	0.0	0.0	0.0	0.0	0.0
ACH-000415	1	149908112	T[T>A]C	1.97390242178194e-15	0.0	0.0	0.0	0.5349179187022024	0.006259754430499654	0.0	0.0	0.0	0.0	0.0	0.0	0.0	0.016481419583035617	0.0	0.0	0.0	0.0	0.005339043136125111	0.0	0.0	0.0	0.0	0.0	0.0	0.0	0.0	0.0	0.0	0.0	0.0	0.0	0.0	0.0	0.0	0.0	0.0	0.0	0.0	0.0	0.0	0.0	0.0	0.0	0.0	0.0	0.0	0.0	0.0	0.0	0.0	0.0	0.0	0.0	0.0	0.0	0.0	0.0	0.0	0.0	0.0	0.0	0.0	0.0	0.0	0.0	0.0	0.0	0.0	0.0	0.0	0.0	0.0	0.0	0.0	0.0	0.0	0.0	0.0	0.0	0.43700186414813535	0.0	0.0	0.0	0.0	0.0
ACH-000415	1	150526598	C[C>T]G	0.13557322778853023	0.0	0.0	0.0	0.1766626720907914	0.5233960036100253	0.0	0.0	0.0	0.0	0.0	0.0	0.0	0.007164640192898836	0.0	0.0	0.0	0.0	0.0035780627465558244	0.0	0.0	0.0	0.0	0.0	0.0	0.0	0.0	0.0	0.0	0.0	0.0	0.0	0.0	0.0	0.0	0.0	0.0	0.0	0.0	0.0	0.0	0.0	0.0	0.0	0.0	0.0	0.0	0.0	0.0	0.0	0.0	0.0	0.0	0.0	0.0	0.0	0.0	0.0	0.0	0.0	0.0	0.0	0.0	0.0	0.0	0.0	0.0	0.0	0.0	0.0	0.0	0.0	0.0	0.0	0.0	0.0	0.0	0.0	0.0	0.0	0.15362539357119848	0.0	0.0	0.0	0.0	0.0
ACH-000415	1	151134236	C[T>A]G	0.0019518550891974942	0.0	0.0	0.0	0.4404837367375771	0.004296883181649075	0.0	0.0	0.0	0.0	0.0	0.0	0.0	3.744011465406279e-15	0.0	0.0	0.0	0.0	0.0035390665906927746	0.0	0.0	0.0	0.0	0.0	0.0	0.0	0.0	0.0	0.0	0.0	0.0	0.0	0.0	0.0	0.0	0.0	0.0	0.0	0.0	0.0	0.0	0.0	0.0	0.0	0.0	0.0	0.0	0.0	0.0	0.0	0.0	0.0	0.0	0.0	0.0	0.0	0.0	0.0	0.0	0.0	0.0	0.0	0.0	0.0	0.0	0.0	0.0	0.0	0.0	0.0	0.0	0.0	0.0	0.0	0.0	0.0	0.0	0.0	0.0	0.0	0.5497284584008799	0.0	0.0	0.0	0.0	0.0
ACH-000415	1	159410308	C[C>T]A	0.0037658629886889697	0.0	0.0	0.0	0.5331202508011228	0.15882768103721925	0.0	0.0	0.0	0.0	0.0	0.0	0.0	0.000795951609981708	0.0	0.0	0.0	0.0	9.446873418588825e-05	0.0	0.0	0.0	0.0	0.0	0.0	0.0	0.0	0.0	0.0	0.0	0.0	0.0	0.0	0.0	0.0	0.0	0.0	0.0	0.0	0.0	0.0	0.0	0.0	0.0	0.0	0.0	0.0	0.0	0.0	0.0	0.0	0.0	0.0	0.0	0.0	0.0	0.0	0.0	0.0	0.0	0.0	0.0	0.0	0.0	0.0	0.0	0.0	0.0	0.0	0.0	0.0	0.0	0.0	0.0	0.0	0.0	0.0	0.0	0.0	0.0	0.30339578482880136	0.0	0.0	0.0	0.0	0.0
ACH-000415	1	177249571	T[C>T]G	0.056380490729478455	0.0	0.0	0.0	0.11893842262519502	0.16530736871658822	0.0	0.0	0.0	0.0	0.0	0.0	0.0	0.6270359151029994	0.0	0.0	0.0	0.0	0.0015854785326826198	0.0	0.0	0.0	0.0	0.0	0.0	0.0	0.0	0.0	0.0	0.0	0.0	0.0	0.0	0.0	0.0	0.0	0.0	0.0	0.0	0.0	0.0	0.0	0.0	0.0	0.0	0.0	0.0	0.0	0.0	0.0	0.0	0.0	0.0	0.0	0.0	0.0	0.0	0.0	0.0	0.0	0.0	0.0	0.0	0.0	0.0	0.0	0.0	0.0	0.0	0.0	0.0	0.0	0.0	0.0	0.0	0.0	0.0	0.0	0.0	0.0	0.03075232429305641	0.0	0.0	0.0	0.0	0.0
ACH-000415	1	183194799	T[C>T]G	0.056380490729478455	0.0	0.0	0.0	0.11893842262519502	0.16530736871658822	0.0	0.0	0.0	0.0	0.0	0.0	0.0	0.6270359151029994	0.0	0.0	0.0	0.0	0.0015854785326826198	0.0	0.0	0.0	0.0	0.0	0.0	0.0	0.0	0.0	0.0	0.0	0.0	0.0	0.0	0.0	0.0	0.0	0.0	0.0	0.0	0.0	0.0	0.0	0.0	0.0	0.0	0.0	0.0	0.0	0.0	0.0	0.0	0.0	0.0	0.0	0.0	0.0	0.0	0.0	0.0	0.0	0.0	0.0	0.0	0.0	0.0	0.0	0.0	0.0	0.0	0.0	0.0	0.0	0.0	0.0	0.0	0.0	0.0	0.0	0.0	0.0	0.03075232429305641	0.0	0.0	0.0	0.0	0.0
ACH-000415	1	207110727	G[T>A]G	0.0028011021627296806	0.0	0.0	0.0	0.6830051526941597	0.013771483010823019	0.0	0.0	0.0	0.0	0.0	0.0	0.0	7.076641187563076e-15	0.0	0.0	0.0	0.0	0.0013911929747751092	0.0	0.0	0.0	0.0	0.0	0.0	0.0	0.0	0.0	0.0	0.0	0.0	0.0	0.0	0.0	0.0	0.0	0.0	0.0	0.0	0.0	0.0	0.0	0.0	0.0	0.0	0.0	0.0	0.0	0.0	0.0	0.0	0.0	0.0	0.0	0.0	0.0	0.0	0.0	0.0	0.0	0.0	0.0	0.0	0.0	0.0	0.0	0.0	0.0	0.0	0.0	0.0	0.0	0.0	0.0	0.0	0.0	0.0	0.0	0.0	0.0	0.2990310691575053	0.0	0.0	0.0	0.0	0.0
ACH-000415	1	214830359	G[C>A]C	0.000698671575876402	0.0	0.0	0.0	0.23010387950207462	0.011670708830457585	0.0	0.0	0.0	0.0	0.0	0.0	0.0	0.014712571891885394	0.0	0.0	0.0	0.0	0.0024161681087439494	0.0	0.0	0.0	0.0	0.0	0.0	0.0	0.0	0.0	0.0	0.0	0.0	0.0	0.0	0.0	0.0	0.0	0.0	0.0	0.0	0.0	0.0	0.0	0.0	0.0	0.0	0.0	0.0	0.0	0.0	0.0	0.0	0.0	0.0	0.0	0.0	0.0	0.0	0.0	0.0	0.0	0.0	0.0	0.0	0.0	0.0	0.0	0.0	0.0	0.0	0.0	0.0	0.0	0.0	0.0	0.0	0.0	0.0	0.0	0.0	0.0	0.7403980000909621	0.0	0.0	0.0	0.0	0.0
ACH-000415	1	214830360	G[C>T]A	0.004655285699975081	0.0	0.0	0.0	0.29686154352386046	0.6086840000932552	0.0	0.0	0.0	0.0	0.0	0.0	0.0	0.001065478952378704	0.0	0.0	0.0	0.0	0.019568830823622495	0.0	0.0	0.0	0.0	0.0	0.0	0.0	0.0	0.0	0.0	0.0	0.0	0.0	0.0	0.0	0.0	0.0	0.0	0.0	0.0	0.0	0.0	0.0	0.0	0.0	0.0	0.0	0.0	0.0	0.0	0.0	0.0	0.0	0.0	0.0	0.0	0.0	0.0	0.0	0.0	0.0	0.0	0.0	0.0	0.0	0.0	0.0	0.0	0.0	0.0	0.0	0.0	0.0	0.0	0.0	0.0	0.0	0.0	0.0	0.0	0.0	0.06916486090690797	0.0	0.0	0.0	0.0	0.0
ACH-000415	1	245849810	C[C>T]G	0.13557322778853023	0.0	0.0	0.0	0.1766626720907914	0.5233960036100253	0.0	0.0	0.0	0.0	0.0	0.0	0.0	0.007164640192898836	0.0	0.0	0.0	0.0	0.0035780627465558244	0.0	0.0	0.0	0.0	0.0	0.0	0.0	0.0	0.0	0.0	0.0	0.0	0.0	0.0	0.0	0.0	0.0	0.0	0.0	0.0	0.0	0.0	0.0	0.0	0.0	0.0	0.0	0.0	0.0	0.0	0.0	0.0	0.0	0.0	0.0	0.0	0.0	0.0	0.0	0.0	0.0	0.0	0.0	0.0	0.0	0.0	0.0	0.0	0.0	0.0	0.0	0.0	0.0	0.0	0.0	0.0	0.0	0.0	0.0	0.0	0.0	0.15362539357119848	0.0	0.0	0.0	0.0	0.0
ACH-000415	1	247201420	G[C>G]C	0.0010159126333146031	0.0	0.0	0.0	0.45926719388669046	0.026318207446353402	0.0	0.0	0.0	0.0	0.0	0.0	0.0	0.002358447845536181	0.0	0.0	0.0	0.0	0.007713039308294434	0.0	0.0	0.0	0.0	0.0	0.0	0.0	0.0	0.0	0.0	0.0	0.0	0.0	0.0	0.0	0.0	0.0	0.0	0.0	0.0	0.0	0.0	0.0	0.0	0.0	0.0	0.0	0.0	0.0	0.0	0.0	0.0	0.0	0.0	0.0	0.0	0.0	0.0	0.0	0.0	0.0	0.0	0.0	0.0	0.0	0.0	0.0	0.0	0.0	0.0	0.0	0.0	0.0	0.0	0.0	0.0	0.0	0.0	0.0	0.0	0.0	0.503327198879811	0.0	0.0	0.0	0.0	0.0
ACH-000415	2	25013319	C[T>C]T	0.00010190276410118559	0.0	0.0	0.0	0.5202698404904168	0.018845589092497294	0.0	0.0	0.0	0.0	0.0	0.0	0.0	0.005458661245863174	0.0	0.0	0.0	0.0	0.000696543665970233	0.0	0.0	0.0	0.0	0.0	0.0	0.0	0.0	0.0	0.0	0.0	0.0	0.0	0.0	0.0	0.0	0.0	0.0	0.0	0.0	0.0	0.0	0.0	0.0	0.0	0.0	0.0	0.0	0.0	0.0	0.0	0.0	0.0	0.0	0.0	0.0	0.0	0.0	0.0	0.0	0.0	0.0	0.0	0.0	0.0	0.0	0.0	0.0	0.0	0.0	0.0	0.0	0.0	0.0	0.0	0.0	0.0	0.0	0.0	0.0	0.0	0.4546274627411512	0.0	0.0	0.0	0.0	0.0
ACH-000415	2	27306270	C[C>A]C	0.0017467546516634121	0.0	0.0	0.0	0.08744522301564091	0.02475453850942661	0.0	0.0	0.0	0.0	0.0	0.0	0.0	0.008687218319496825	0.0	0.0	0.0	0.0	0.0024554502720390567	0.0	0.0	0.0	0.0	0.0	0.0	0.0	0.0	0.0	0.0	0.0	0.0	0.0	0.0	0.0	0.0	0.0	0.0	0.0	0.0	0.0	0.0	0.0	0.0	0.0	0.0	0.0	0.0	0.0	0.0	0.0	0.0	0.0	0.0	0.0	0.0	0.0	0.0	0.0	0.0	0.0	0.0	0.0	0.0	0.0	0.0	0.0	0.0	0.0	0.0	0.0	0.0	0.0	0.0	0.0	0.0	0.0	0.0	0.0	0.0	0.0	0.8749108152317332	0.0	0.0	0.0	0.0	0.0
ACH-000415	2	32476017	C[C>A]A	0.0002921102365671602	0.0	0.0	0.0	0.10152440029957521	0.010568583649432374	0.0	0.0	0.0	0.0	0.0	0.0	0.0	0.0013655435347728337	0.0	0.0	0.0	0.0	0.0034072012079099157	0.0	0.0	0.0	0.0	0.0	0.0	0.0	0.0	0.0	0.0	0.0	0.0	0.0	0.0	0.0	0.0	0.0	0.0	0.0	0.0	0.0	0.0	0.0	0.0	0.0	0.0	0.0	0.0	0.0	0.0	0.0	0.0	0.0	0.0	0.0	0.0	0.0	0.0	0.0	0.0	0.0	0.0	0.0	0.0	0.0	0.0	0.0	0.0	0.0	0.0	0.0	0.0	0.0	0.0	0.0	0.0	0.0	0.0	0.0	0.0	0.0	0.8828421610717425	0.0	0.0	0.0	0.0	0.0
ACH-000415	2	97532079	A[C>T]G	0.2476354891813735	0.0	0.0	0.0	0.06119238105427301	0.5049565074982683	0.0	0.0	0.0	0.0	0.0	0.0	0.0	0.0007863121155298085	0.0	0.0	0.0	0.0	0.0005343677403751868	0.0	0.0	0.0	0.0	0.0	0.0	0.0	0.0	0.0	0.0	0.0	0.0	0.0	0.0	0.0	0.0	0.0	0.0	0.0	0.0	0.0	0.0	0.0	0.0	0.0	0.0	0.0	0.0	0.0	0.0	0.0	0.0	0.0	0.0	0.0	0.0	0.0	0.0	0.0	0.0	0.0	0.0	0.0	0.0	0.0	0.0	0.0	0.0	0.0	0.0	0.0	0.0	0.0	0.0	0.0	0.0	0.0	0.0	0.0	0.0	0.0	0.18489494241018017	0.0	0.0	0.0	0.0	0.0
ACH-000415	2	106497919	G[C>A]C	0.000698671575876402	0.0	0.0	0.0	0.23010387950207462	0.011670708830457585	0.0	0.0	0.0	0.0	0.0	0.0	0.0	0.014712571891885394	0.0	0.0	0.0	0.0	0.0024161681087439494	0.0	0.0	0.0	0.0	0.0	0.0	0.0	0.0	0.0	0.0	0.0	0.0	0.0	0.0	0.0	0.0	0.0	0.0	0.0	0.0	0.0	0.0	0.0	0.0	0.0	0.0	0.0	0.0	0.0	0.0	0.0	0.0	0.0	0.0	0.0	0.0	0.0	0.0	0.0	0.0	0.0	0.0	0.0	0.0	0.0	0.0	0.0	0.0	0.0	0.0	0.0	0.0	0.0	0.0	0.0	0.0	0.0	0.0	0.0	0.0	0.0	0.7403980000909621	0.0	0.0	0.0	0.0	0.0
ACH-000415	2	169780250	G[C>T]G	0.12550147135618905	0.0	0.0	0.0	0.10334424368275028	0.6355724058427978	0.0	0.0	0.0	0.0	0.0	0.0	0.0	0.02030662279623841	0.0	0.0	0.0	0.0	0.00026637227666108024	0.0	0.0	0.0	0.0	0.0	0.0	0.0	0.0	0.0	0.0	0.0	0.0	0.0	0.0	0.0	0.0	0.0	0.0	0.0	0.0	0.0	0.0	0.0	0.0	0.0	0.0	0.0	0.0	0.0	0.0	0.0	0.0	0.0	0.0	0.0	0.0	0.0	0.0	0.0	0.0	0.0	0.0	0.0	0.0	0.0	0.0	0.0	0.0	0.0	0.0	0.0	0.0	0.0	0.0	0.0	0.0	0.0	0.0	0.0	0.0	0.0	0.11500888404536323	0.0	0.0	0.0	0.0	0.0
ACH-000415	2	197138776	G[T>C]A	0.00334853960448385	0.0	0.0	0.0	0.6562576017916139	0.05083375991592734	0.0	0.0	0.0	0.0	0.0	0.0	0.0	0.13123766521636301	0.0	0.0	0.0	0.0	0.0023791662355308655	0.0	0.0	0.0	0.0	0.0	0.0	0.0	0.0	0.0	0.0	0.0	0.0	0.0	0.0	0.0	0.0	0.0	0.0	0.0	0.0	0.0	0.0	0.0	0.0	0.0	0.0	0.0	0.0	0.0	0.0	0.0	0.0	0.0	0.0	0.0	0.0	0.0	0.0	0.0	0.0	0.0	0.0	0.0	0.0	0.0	0.0	0.0	0.0	0.0	0.0	0.0	0.0	0.0	0.0	0.0	0.0	0.0	0.0	0.0	0.0	0.0	0.15594326723608107	0.0	0.0	0.0	0.0	0.0
ACH-000415	2	215839583	A[T>A]A	0.0033559485775409097	0.0	0.0	0.0	0.4518253359821273	0.002556191801040419	0.0	0.0	0.0	0.0	0.0	0.0	0.0	0.021373305031791915	0.0	0.0	0.0	0.0	2.420887191219325e-15	0.0	0.0	0.0	0.0	0.0	0.0	0.0	0.0	0.0	0.0	0.0	0.0	0.0	0.0	0.0	0.0	0.0	0.0	0.0	0.0	0.0	0.0	0.0	0.0	0.0	0.0	0.0	0.0	0.0	0.0	0.0	0.0	0.0	0.0	0.0	0.0	0.0	0.0	0.0	0.0	0.0	0.0	0.0	0.0	0.0	0.0	0.0	0.0	0.0	0.0	0.0	0.0	0.0	0.0	0.0	0.0	0.0	0.0	0.0	0.0	0.0	0.5208892186074972	0.0	0.0	0.0	0.0	0.0
ACH-000415	2	218947908	A[C>G]A	0.007569274836755025	0.0	0.0	0.0	0.5998624084836617	0.01188816188005402	0.0	0.0	0.0	0.0	0.0	0.0	0.0	0.0034746931644980294	0.0	0.0	0.0	0.0	0.040938273203115154	0.0	0.0	0.0	0.0	0.0	0.0	0.0	0.0	0.0	0.0	0.0	0.0	0.0	0.0	0.0	0.0	0.0	0.0	0.0	0.0	0.0	0.0	0.0	0.0	0.0	0.0	0.0	0.0	0.0	0.0	0.0	0.0	0.0	0.0	0.0	0.0	0.0	0.0	0.0	0.0	0.0	0.0	0.0	0.0	0.0	0.0	0.0	0.0	0.0	0.0	0.0	0.0	0.0	0.0	0.0	0.0	0.0	0.0	0.0	0.0	0.0	0.3362671884319161	0.0	0.0	0.0	0.0	0.0
ACH-000415	2	220370780	C[C>A]A	0.0002921102365671602	0.0	0.0	0.0	0.10152440029957521	0.010568583649432374	0.0	0.0	0.0	0.0	0.0	0.0	0.0	0.0013655435347728337	0.0	0.0	0.0	0.0	0.0034072012079099157	0.0	0.0	0.0	0.0	0.0	0.0	0.0	0.0	0.0	0.0	0.0	0.0	0.0	0.0	0.0	0.0	0.0	0.0	0.0	0.0	0.0	0.0	0.0	0.0	0.0	0.0	0.0	0.0	0.0	0.0	0.0	0.0	0.0	0.0	0.0	0.0	0.0	0.0	0.0	0.0	0.0	0.0	0.0	0.0	0.0	0.0	0.0	0.0	0.0	0.0	0.0	0.0	0.0	0.0	0.0	0.0	0.0	0.0	0.0	0.0	0.0	0.8828421610717425	0.0	0.0	0.0	0.0	0.0
ACH-000415	2	239162081	G[C>T]G	0.12550147135618905	0.0	0.0	0.0	0.10334424368275028	0.6355724058427978	0.0	0.0	0.0	0.0	0.0	0.0	0.0	0.02030662279623841	0.0	0.0	0.0	0.0	0.00026637227666108024	0.0	0.0	0.0	0.0	0.0	0.0	0.0	0.0	0.0	0.0	0.0	0.0	0.0	0.0	0.0	0.0	0.0	0.0	0.0	0.0	0.0	0.0	0.0	0.0	0.0	0.0	0.0	0.0	0.0	0.0	0.0	0.0	0.0	0.0	0.0	0.0	0.0	0.0	0.0	0.0	0.0	0.0	0.0	0.0	0.0	0.0	0.0	0.0	0.0	0.0	0.0	0.0	0.0	0.0	0.0	0.0	0.0	0.0	0.0	0.0	0.0	0.11500888404536323	0.0	0.0	0.0	0.0	0.0
ACH-000415	3	14712441	T[C>A]T	9.687003991622908e-06	0.0	0.0	0.0	0.30540904569744093	0.0076341861651273895	0.0	0.0	0.0	0.0	0.0	0.0	0.0	0.3764040254623176	0.0	0.0	0.0	0.0	0.15205290428465357	0.0	0.0	0.0	0.0	0.0	0.0	0.0	0.0	0.0	0.0	0.0	0.0	0.0	0.0	0.0	0.0	0.0	0.0	0.0	0.0	0.0	0.0	0.0	0.0	0.0	0.0	0.0	0.0	0.0	0.0	0.0	0.0	0.0	0.0	0.0	0.0	0.0	0.0	0.0	0.0	0.0	0.0	0.0	0.0	0.0	0.0	0.0	0.0	0.0	0.0	0.0	0.0	0.0	0.0	0.0	0.0	0.0	0.0	0.0	0.0	0.0	0.15849015138646871	0.0	0.0	0.0	0.0	0.0
ACH-000415	3	44854661	A[C>G]T	0.004661404708484393	0.0	0.0	0.0	0.6027293972168493	0.0064416632609826975	0.0	0.0	0.0	0.0	0.0	0.0	0.0	2.541241961331324e-15	0.0	0.0	0.0	0.0	0.04251569099987817	0.0	0.0	0.0	0.0	0.0	0.0	0.0	0.0	0.0	0.0	0.0	0.0	0.0	0.0	0.0	0.0	0.0	0.0	0.0	0.0	0.0	0.0	0.0	0.0	0.0	0.0	0.0	0.0	0.0	0.0	0.0	0.0	0.0	0.0	0.0	0.0	0.0	0.0	0.0	0.0	0.0	0.0	0.0	0.0	0.0	0.0	0.0	0.0	0.0	0.0	0.0	0.0	0.0	0.0	0.0	0.0	0.0	0.0	0.0	0.0	0.0	0.343651843813803	0.0	0.0	0.0	0.0	0.0
ACH-000415	3	48626220	G[C>A]G	0.010045412414770792	0.0	0.0	0.0	0.584432794605865	0.037892303619154535	0.0	0.0	0.0	0.0	0.0	0.0	0.0	0.0040817871887565416	0.0	0.0	0.0	0.0	0.007295438333161276	0.0	0.0	0.0	0.0	0.0	0.0	0.0	0.0	0.0	0.0	0.0	0.0	0.0	0.0	0.0	0.0	0.0	0.0	0.0	0.0	0.0	0.0	0.0	0.0	0.0	0.0	0.0	0.0	0.0	0.0	0.0	0.0	0.0	0.0	0.0	0.0	0.0	0.0	0.0	0.0	0.0	0.0	0.0	0.0	0.0	0.0	0.0	0.0	0.0	0.0	0.0	0.0	0.0	0.0	0.0	0.0	0.0	0.0	0.0	0.0	0.0	0.3562522638382921	0.0	0.0	0.0	0.0	0.0
ACH-000415	3	49758496	C[C>A]C	0.0017467546516634121	0.0	0.0	0.0	0.08744522301564091	0.02475453850942661	0.0	0.0	0.0	0.0	0.0	0.0	0.0	0.008687218319496825	0.0	0.0	0.0	0.0	0.0024554502720390567	0.0	0.0	0.0	0.0	0.0	0.0	0.0	0.0	0.0	0.0	0.0	0.0	0.0	0.0	0.0	0.0	0.0	0.0	0.0	0.0	0.0	0.0	0.0	0.0	0.0	0.0	0.0	0.0	0.0	0.0	0.0	0.0	0.0	0.0	0.0	0.0	0.0	0.0	0.0	0.0	0.0	0.0	0.0	0.0	0.0	0.0	0.0	0.0	0.0	0.0	0.0	0.0	0.0	0.0	0.0	0.0	0.0	0.0	0.0	0.0	0.0	0.8749108152317332	0.0	0.0	0.0	0.0	0.0
ACH-000415	3	133467278	A[T>C]A	0.0012371533486882228	0.0	0.0	0.0	0.765293682812774	0.015557593306139532	0.0	0.0	0.0	0.0	0.0	0.0	0.0	0.029708703762369944	0.0	0.0	0.0	0.0	0.005635179583151205	0.0	0.0	0.0	0.0	0.0	0.0	0.0	0.0	0.0	0.0	0.0	0.0	0.0	0.0	0.0	0.0	0.0	0.0	0.0	0.0	0.0	0.0	0.0	0.0	0.0	0.0	0.0	0.0	0.0	0.0	0.0	0.0	0.0	0.0	0.0	0.0	0.0	0.0	0.0	0.0	0.0	0.0	0.0	0.0	0.0	0.0	0.0	0.0	0.0	0.0	0.0	0.0	0.0	0.0	0.0	0.0	0.0	0.0	0.0	0.0	0.0	0.18256768718687702	0.0	0.0	0.0	0.0	0.0
ACH-000415	3	169514149	A[T>C]A	0.0012371533486882228	0.0	0.0	0.0	0.765293682812774	0.015557593306139532	0.0	0.0	0.0	0.0	0.0	0.0	0.0	0.029708703762369944	0.0	0.0	0.0	0.0	0.005635179583151205	0.0	0.0	0.0	0.0	0.0	0.0	0.0	0.0	0.0	0.0	0.0	0.0	0.0	0.0	0.0	0.0	0.0	0.0	0.0	0.0	0.0	0.0	0.0	0.0	0.0	0.0	0.0	0.0	0.0	0.0	0.0	0.0	0.0	0.0	0.0	0.0	0.0	0.0	0.0	0.0	0.0	0.0	0.0	0.0	0.0	0.0	0.0	0.0	0.0	0.0	0.0	0.0	0.0	0.0	0.0	0.0	0.0	0.0	0.0	0.0	0.0	0.18256768718687702	0.0	0.0	0.0	0.0	0.0
ACH-000415	3	183896862	T[C>T]G	0.056380490729478455	0.0	0.0	0.0	0.11893842262519502	0.16530736871658822	0.0	0.0	0.0	0.0	0.0	0.0	0.0	0.6270359151029994	0.0	0.0	0.0	0.0	0.0015854785326826198	0.0	0.0	0.0	0.0	0.0	0.0	0.0	0.0	0.0	0.0	0.0	0.0	0.0	0.0	0.0	0.0	0.0	0.0	0.0	0.0	0.0	0.0	0.0	0.0	0.0	0.0	0.0	0.0	0.0	0.0	0.0	0.0	0.0	0.0	0.0	0.0	0.0	0.0	0.0	0.0	0.0	0.0	0.0	0.0	0.0	0.0	0.0	0.0	0.0	0.0	0.0	0.0	0.0	0.0	0.0	0.0	0.0	0.0	0.0	0.0	0.0	0.03075232429305641	0.0	0.0	0.0	0.0	0.0
ACH-000415	4	675931	C[T>G]C	0.002124297267890908	0.0	0.0	0.0	0.6741685750775	0.048724509457174305	0.0	0.0	0.0	0.0	0.0	0.0	0.0	0.032259038635014115	0.0	0.0	0.0	0.0	7.345545406095201e-05	0.0	0.0	0.0	0.0	0.0	0.0	0.0	0.0	0.0	0.0	0.0	0.0	0.0	0.0	0.0	0.0	0.0	0.0	0.0	0.0	0.0	0.0	0.0	0.0	0.0	0.0	0.0	0.0	0.0	0.0	0.0	0.0	0.0	0.0	0.0	0.0	0.0	0.0	0.0	0.0	0.0	0.0	0.0	0.0	0.0	0.0	0.0	0.0	0.0	0.0	0.0	0.0	0.0	0.0	0.0	0.0	0.0	0.0	0.0	0.0	0.0	0.24265012410835948	0.0	0.0	0.0	0.0	0.0
ACH-000415	5	205702	A[C>T]A	0.024816582370035648	0.0	0.0	0.0	0.4722896451496477	0.39465053355616214	0.0	0.0	0.0	0.0	0.0	0.0	0.0	0.001525628768416527	0.0	0.0	0.0	0.0	0.018526931691044416	0.0	0.0	0.0	0.0	0.0	0.0	0.0	0.0	0.0	0.0	0.0	0.0	0.0	0.0	0.0	0.0	0.0	0.0	0.0	0.0	0.0	0.0	0.0	0.0	0.0	0.0	0.0	0.0	0.0	0.0	0.0	0.0	0.0	0.0	0.0	0.0	0.0	0.0	0.0	0.0	0.0	0.0	0.0	0.0	0.0	0.0	0.0	0.0	0.0	0.0	0.0	0.0	0.0	0.0	0.0	0.0	0.0	0.0	0.0	0.0	0.0	0.0881906784646935	0.0	0.0	0.0	0.0	0.0
ACH-000415	5	73931440	T[C>T]G	0.056380490729478455	0.0	0.0	0.0	0.11893842262519502	0.16530736871658822	0.0	0.0	0.0	0.0	0.0	0.0	0.0	0.6270359151029994	0.0	0.0	0.0	0.0	0.0015854785326826198	0.0	0.0	0.0	0.0	0.0	0.0	0.0	0.0	0.0	0.0	0.0	0.0	0.0	0.0	0.0	0.0	0.0	0.0	0.0	0.0	0.0	0.0	0.0	0.0	0.0	0.0	0.0	0.0	0.0	0.0	0.0	0.0	0.0	0.0	0.0	0.0	0.0	0.0	0.0	0.0	0.0	0.0	0.0	0.0	0.0	0.0	0.0	0.0	0.0	0.0	0.0	0.0	0.0	0.0	0.0	0.0	0.0	0.0	0.0	0.0	0.0	0.03075232429305641	0.0	0.0	0.0	0.0	0.0
ACH-000415	5	73931442	C[C>T]T	0.000270766597922425	0.0	0.0	0.0	0.46573562384240735	0.11824163173795278	0.0	0.0	0.0	0.0	0.0	0.0	0.0	0.002301074231473801	0.0	0.0	0.0	0.0	0.005206952934963899	0.0	0.0	0.0	0.0	0.0	0.0	0.0	0.0	0.0	0.0	0.0	0.0	0.0	0.0	0.0	0.0	0.0	0.0	0.0	0.0	0.0	0.0	0.0	0.0	0.0	0.0	0.0	0.0	0.0	0.0	0.0	0.0	0.0	0.0	0.0	0.0	0.0	0.0	0.0	0.0	0.0	0.0	0.0	0.0	0.0	0.0	0.0	0.0	0.0	0.0	0.0	0.0	0.0	0.0	0.0	0.0	0.0	0.0	0.0	0.0	0.0	0.4082439506552797	0.0	0.0	0.0	0.0	0.0
ACH-000415	5	160063260	G[C>A]A	0.004914314412208645	0.0	0.0	0.0	0.46301499375152394	0.008237328614062317	0.0	0.0	0.0	0.0	0.0	0.0	0.0	0.006364999328033711	0.0	0.0	0.0	0.0	0.007672717959823447	0.0	0.0	0.0	0.0	0.0	0.0	0.0	0.0	0.0	0.0	0.0	0.0	0.0	0.0	0.0	0.0	0.0	0.0	0.0	0.0	0.0	0.0	0.0	0.0	0.0	0.0	0.0	0.0	0.0	0.0	0.0	0.0	0.0	0.0	0.0	0.0	0.0	0.0	0.0	0.0	0.0	0.0	0.0	0.0	0.0	0.0	0.0	0.0	0.0	0.0	0.0	0.0	0.0	0.0	0.0	0.0	0.0	0.0	0.0	0.0	0.0	0.509795645934348	0.0	0.0	0.0	0.0	0.0
ACH-000415	6	31749723	T[C>T]A	0.0021793315526933295	0.0	0.0	0.0	0.5816815712421959	0.1461283020528056	0.0	0.0	0.0	0.0	0.0	0.0	0.0	0.015005065324361895	0.0	0.0	0.0	0.0	0.035368018204433194	0.0	0.0	0.0	0.0	0.0	0.0	0.0	0.0	0.0	0.0	0.0	0.0	0.0	0.0	0.0	0.0	0.0	0.0	0.0	0.0	0.0	0.0	0.0	0.0	0.0	0.0	0.0	0.0	0.0	0.0	0.0	0.0	0.0	0.0	0.0	0.0	0.0	0.0	0.0	0.0	0.0	0.0	0.0	0.0	0.0	0.0	0.0	0.0	0.0	0.0	0.0	0.0	0.0	0.0	0.0	0.0	0.0	0.0	0.0	0.0	0.0	0.21963771162351012	0.0	0.0	0.0	0.0	0.0
ACH-000415	6	32046850	C[C>T]T	0.000270766597922425	0.0	0.0	0.0	0.46573562384240735	0.11824163173795278	0.0	0.0	0.0	0.0	0.0	0.0	0.0	0.002301074231473801	0.0	0.0	0.0	0.0	0.005206952934963899	0.0	0.0	0.0	0.0	0.0	0.0	0.0	0.0	0.0	0.0	0.0	0.0	0.0	0.0	0.0	0.0	0.0	0.0	0.0	0.0	0.0	0.0	0.0	0.0	0.0	0.0	0.0	0.0	0.0	0.0	0.0	0.0	0.0	0.0	0.0	0.0	0.0	0.0	0.0	0.0	0.0	0.0	0.0	0.0	0.0	0.0	0.0	0.0	0.0	0.0	0.0	0.0	0.0	0.0	0.0	0.0	0.0	0.0	0.0	0.0	0.0	0.4082439506552797	0.0	0.0	0.0	0.0	0.0
ACH-000415	6	43139415	C[C>T]C	0.00046167422044797956	0.0	0.0	0.0	0.474148380313732	0.15695899718013281	0.0	0.0	0.0	0.0	0.0	0.0	0.0	0.00040401281170853533	0.0	0.0	0.0	0.0	0.006000435822324147	0.0	0.0	0.0	0.0	0.0	0.0	0.0	0.0	0.0	0.0	0.0	0.0	0.0	0.0	0.0	0.0	0.0	0.0	0.0	0.0	0.0	0.0	0.0	0.0	0.0	0.0	0.0	0.0	0.0	0.0	0.0	0.0	0.0	0.0	0.0	0.0	0.0	0.0	0.0	0.0	0.0	0.0	0.0	0.0	0.0	0.0	0.0	0.0	0.0	0.0	0.0	0.0	0.0	0.0	0.0	0.0	0.0	0.0	0.0	0.0	0.0	0.3620264996516545	0.0	0.0	0.0	0.0	0.0
ACH-000415	6	71571554	T[C>A]G	2.2605759077243166e-15	0.0	0.0	0.0	0.34033612983670974	0.01257693201052565	0.0	0.0	0.0	0.0	0.0	0.0	0.0	0.016263754930280542	0.0	0.0	0.0	0.0	0.31889948587853834	0.0	0.0	0.0	0.0	0.0	0.0	0.0	0.0	0.0	0.0	0.0	0.0	0.0	0.0	0.0	0.0	0.0	0.0	0.0	0.0	0.0	0.0	0.0	0.0	0.0	0.0	0.0	0.0	0.0	0.0	0.0	0.0	0.0	0.0	0.0	0.0	0.0	0.0	0.0	0.0	0.0	0.0	0.0	0.0	0.0	0.0	0.0	0.0	0.0	0.0	0.0	0.0	0.0	0.0	0.0	0.0	0.0	0.0	0.0	0.0	0.0	0.31192369734394343	0.0	0.0	0.0	0.0	0.0
ACH-000415	6	116325043	T[T>G]C	0.0004314454589264498	0.0	0.0	0.0	0.749797746825496	0.013940726290806605	0.0	0.0	0.0	0.0	0.0	0.0	0.0	0.12168000370288205	0.0	0.0	0.0	0.0	4.5196065134727195e-15	0.0	0.0	0.0	0.0	0.0	0.0	0.0	0.0	0.0	0.0	0.0	0.0	0.0	0.0	0.0	0.0	0.0	0.0	0.0	0.0	0.0	0.0	0.0	0.0	0.0	0.0	0.0	0.0	0.0	0.0	0.0	0.0	0.0	0.0	0.0	0.0	0.0	0.0	0.0	0.0	0.0	0.0	0.0	0.0	0.0	0.0	0.0	0.0	0.0	0.0	0.0	0.0	0.0	0.0	0.0	0.0	0.0	0.0	0.0	0.0	0.0	0.11415007772188426	0.0	0.0	0.0	0.0	0.0
ACH-000415	6	116442762	T[C>T]C	4.7737372494549915e-05	0.0	0.0	0.0	0.42967840050130746	0.083362137974309	0.0	0.0	0.0	0.0	0.0	0.0	0.0	0.17379743412339543	0.0	0.0	0.0	0.0	0.014906714845424284	0.0	0.0	0.0	0.0	0.0	0.0	0.0	0.0	0.0	0.0	0.0	0.0	0.0	0.0	0.0	0.0	0.0	0.0	0.0	0.0	0.0	0.0	0.0	0.0	0.0	0.0	0.0	0.0	0.0	0.0	0.0	0.0	0.0	0.0	0.0	0.0	0.0	0.0	0.0	0.0	0.0	0.0	0.0	0.0	0.0	0.0	0.0	0.0	0.0	0.0	0.0	0.0	0.0	0.0	0.0	0.0	0.0	0.0	0.0	0.0	0.0	0.29820757518306934	0.0	0.0	0.0	0.0	0.0
ACH-000415	6	132938709	C[C>G]T	8.685638007539884e-16	0.0	0.0	0.0	0.5418208971447828	0.0003477371126964846	0.0	0.0	0.0	0.0	0.0	0.0	0.0	2.4210729082900406e-15	0.0	0.0	0.0	0.0	0.06480836239268006	0.0	0.0	0.0	0.0	0.0	0.0	0.0	0.0	0.0	0.0	0.0	0.0	0.0	0.0	0.0	0.0	0.0	0.0	0.0	0.0	0.0	0.0	0.0	0.0	0.0	0.0	0.0	0.0	0.0	0.0	0.0	0.0	0.0	0.0	0.0	0.0	0.0	0.0	0.0	0.0	0.0	0.0	0.0	0.0	0.0	0.0	0.0	0.0	0.0	0.0	0.0	0.0	0.0	0.0	0.0	0.0	0.0	0.0	0.0	0.0	0.0	0.39302300334983736	0.0	0.0	0.0	0.0	0.0
ACH-000415	6	167753599	A[C>A]C	0.005006168354683266	0.0	0.0	0.0	0.3025042276641225	0.00713599019764705	0.0	0.0	0.0	0.0	0.0	0.0	0.0	0.04019973001374396	0.0	0.0	0.0	0.0	0.004115122833216968	0.0	0.0	0.0	0.0	0.0	0.0	0.0	0.0	0.0	0.0	0.0	0.0	0.0	0.0	0.0	0.0	0.0	0.0	0.0	0.0	0.0	0.0	0.0	0.0	0.0	0.0	0.0	0.0	0.0	0.0	0.0	0.0	0.0	0.0	0.0	0.0	0.0	0.0	0.0	0.0	0.0	0.0	0.0	0.0	0.0	0.0	0.0	0.0	0.0	0.0	0.0	0.0	0.0	0.0	0.0	0.0	0.0	0.0	0.0	0.0	0.0	0.6410387609365862	0.0	0.0	0.0	0.0	0.0
ACH-000415	7	2752406	G[C>T]G	0.12550147135618905	0.0	0.0	0.0	0.10334424368275028	0.6355724058427978	0.0	0.0	0.0	0.0	0.0	0.0	0.0	0.02030662279623841	0.0	0.0	0.0	0.0	0.00026637227666108024	0.0	0.0	0.0	0.0	0.0	0.0	0.0	0.0	0.0	0.0	0.0	0.0	0.0	0.0	0.0	0.0	0.0	0.0	0.0	0.0	0.0	0.0	0.0	0.0	0.0	0.0	0.0	0.0	0.0	0.0	0.0	0.0	0.0	0.0	0.0	0.0	0.0	0.0	0.0	0.0	0.0	0.0	0.0	0.0	0.0	0.0	0.0	0.0	0.0	0.0	0.0	0.0	0.0	0.0	0.0	0.0	0.0	0.0	0.0	0.0	0.0	0.11500888404536323	0.0	0.0	0.0	0.0	0.0
ACH-000415	7	27140816	C[C>G]G	0.005844921134388857	0.0	0.0	0.0	0.6034271397281974	0.008677183223692646	0.0	0.0	0.0	0.0	0.0	0.0	0.0	1.0319781678045667e-14	0.0	0.0	0.0	0.0	0.02106366720242072	0.0	0.0	0.0	0.0	0.0	0.0	0.0	0.0	0.0	0.0	0.0	0.0	0.0	0.0	0.0	0.0	0.0	0.0	0.0	0.0	0.0	0.0	0.0	0.0	0.0	0.0	0.0	0.0	0.0	0.0	0.0	0.0	0.0	0.0	0.0	0.0	0.0	0.0	0.0	0.0	0.0	0.0	0.0	0.0	0.0	0.0	0.0	0.0	0.0	0.0	0.0	0.0	0.0	0.0	0.0	0.0	0.0	0.0	0.0	0.0	0.0	0.36098708871129004	0.0	0.0	0.0	0.0	0.0
ACH-000415	7	31683534	C[C>A]C	0.0017467546516634121	0.0	0.0	0.0	0.08744522301564091	0.02475453850942661	0.0	0.0	0.0	0.0	0.0	0.0	0.0	0.008687218319496825	0.0	0.0	0.0	0.0	0.0024554502720390567	0.0	0.0	0.0	0.0	0.0	0.0	0.0	0.0	0.0	0.0	0.0	0.0	0.0	0.0	0.0	0.0	0.0	0.0	0.0	0.0	0.0	0.0	0.0	0.0	0.0	0.0	0.0	0.0	0.0	0.0	0.0	0.0	0.0	0.0	0.0	0.0	0.0	0.0	0.0	0.0	0.0	0.0	0.0	0.0	0.0	0.0	0.0	0.0	0.0	0.0	0.0	0.0	0.0	0.0	0.0	0.0	0.0	0.0	0.0	0.0	0.0	0.8749108152317332	0.0	0.0	0.0	0.0	0.0
ACH-000415	7	44924300	A[T>C]G	0.00017099946715147315	0.0	0.0	0.0	0.8993742050796566	0.04242352795247656	0.0	0.0	0.0	0.0	0.0	0.0	0.0	0.002398048049606713	0.0	0.0	0.0	0.0	0.0017947703682592937	0.0	0.0	0.0	0.0	0.0	0.0	0.0	0.0	0.0	0.0	0.0	0.0	0.0	0.0	0.0	0.0	0.0	0.0	0.0	0.0	0.0	0.0	0.0	0.0	0.0	0.0	0.0	0.0	0.0	0.0	0.0	0.0	0.0	0.0	0.0	0.0	0.0	0.0	0.0	0.0	0.0	0.0	0.0	0.0	0.0	0.0	0.0	0.0	0.0	0.0	0.0	0.0	0.0	0.0	0.0	0.0	0.0	0.0	0.0	0.0	0.0	0.05383844908284937	0.0	0.0	0.0	0.0	0.0
ACH-000415	7	66660261	T[C>A]C	0.005428574713946642	0.0	0.0	0.0	0.28715974207132156	0.006627462435458084	0.0	0.0	0.0	0.0	0.0	0.0	0.0	0.022825684041015926	0.0	0.0	0.0	0.0	0.16397957793606002	0.0	0.0	0.0	0.0	0.0	0.0	0.0	0.0	0.0	0.0	0.0	0.0	0.0	0.0	0.0	0.0	0.0	0.0	0.0	0.0	0.0	0.0	0.0	0.0	0.0	0.0	0.0	0.0	0.0	0.0	0.0	0.0	0.0	0.0	0.0	0.0	0.0	0.0	0.0	0.0	0.0	0.0	0.0	0.0	0.0	0.0	0.0	0.0	0.0	0.0	0.0	0.0	0.0	0.0	0.0	0.0	0.0	0.0	0.0	0.0	0.0	0.5139789588021979	0.0	0.0	0.0	0.0	0.0
ACH-000415	7	82763819	C[C>A]A	0.0002921102365671602	0.0	0.0	0.0	0.10152440029957521	0.010568583649432374	0.0	0.0	0.0	0.0	0.0	0.0	0.0	0.0013655435347728337	0.0	0.0	0.0	0.0	0.0034072012079099157	0.0	0.0	0.0	0.0	0.0	0.0	0.0	0.0	0.0	0.0	0.0	0.0	0.0	0.0	0.0	0.0	0.0	0.0	0.0	0.0	0.0	0.0	0.0	0.0	0.0	0.0	0.0	0.0	0.0	0.0	0.0	0.0	0.0	0.0	0.0	0.0	0.0	0.0	0.0	0.0	0.0	0.0	0.0	0.0	0.0	0.0	0.0	0.0	0.0	0.0	0.0	0.0	0.0	0.0	0.0	0.0	0.0	0.0	0.0	0.0	0.0	0.8828421610717425	0.0	0.0	0.0	0.0	0.0
ACH-000415	7	98951669	T[C>A]T	9.687003991622908e-06	0.0	0.0	0.0	0.30540904569744093	0.0076341861651273895	0.0	0.0	0.0	0.0	0.0	0.0	0.0	0.3764040254623176	0.0	0.0	0.0	0.0	0.15205290428465357	0.0	0.0	0.0	0.0	0.0	0.0	0.0	0.0	0.0	0.0	0.0	0.0	0.0	0.0	0.0	0.0	0.0	0.0	0.0	0.0	0.0	0.0	0.0	0.0	0.0	0.0	0.0	0.0	0.0	0.0	0.0	0.0	0.0	0.0	0.0	0.0	0.0	0.0	0.0	0.0	0.0	0.0	0.0	0.0	0.0	0.0	0.0	0.0	0.0	0.0	0.0	0.0	0.0	0.0	0.0	0.0	0.0	0.0	0.0	0.0	0.0	0.15849015138646871	0.0	0.0	0.0	0.0	0.0
ACH-000415	7	102952094	G[C>T]G	0.12550147135618905	0.0	0.0	0.0	0.10334424368275028	0.6355724058427978	0.0	0.0	0.0	0.0	0.0	0.0	0.0	0.02030662279623841	0.0	0.0	0.0	0.0	0.00026637227666108024	0.0	0.0	0.0	0.0	0.0	0.0	0.0	0.0	0.0	0.0	0.0	0.0	0.0	0.0	0.0	0.0	0.0	0.0	0.0	0.0	0.0	0.0	0.0	0.0	0.0	0.0	0.0	0.0	0.0	0.0	0.0	0.0	0.0	0.0	0.0	0.0	0.0	0.0	0.0	0.0	0.0	0.0	0.0	0.0	0.0	0.0	0.0	0.0	0.0	0.0	0.0	0.0	0.0	0.0	0.0	0.0	0.0	0.0	0.0	0.0	0.0	0.11500888404536323	0.0	0.0	0.0	0.0	0.0
ACH-000415	7	111584866	C[C>G]G	0.005844921134388857	0.0	0.0	0.0	0.6034271397281974	0.008677183223692646	0.0	0.0	0.0	0.0	0.0	0.0	0.0	1.0319781678045667e-14	0.0	0.0	0.0	0.0	0.02106366720242072	0.0	0.0	0.0	0.0	0.0	0.0	0.0	0.0	0.0	0.0	0.0	0.0	0.0	0.0	0.0	0.0	0.0	0.0	0.0	0.0	0.0	0.0	0.0	0.0	0.0	0.0	0.0	0.0	0.0	0.0	0.0	0.0	0.0	0.0	0.0	0.0	0.0	0.0	0.0	0.0	0.0	0.0	0.0	0.0	0.0	0.0	0.0	0.0	0.0	0.0	0.0	0.0	0.0	0.0	0.0	0.0	0.0	0.0	0.0	0.0	0.0	0.36098708871129004	0.0	0.0	0.0	0.0	0.0
ACH-000415	7	129053456	T[C>G]T	0.0012066142483026232	0.0	0.0	0.0	0.14110511075608093	0.0006140529777960741	0.0	0.0	0.0	0.0	0.0	0.0	0.0	9.397546939020107e-05	0.0	0.0	0.0	0.0	0.7419033200186808	0.0	0.0	0.0	0.0	0.0	0.0	0.0	0.0	0.0	0.0	0.0	0.0	0.0	0.0	0.0	0.0	0.0	0.0	0.0	0.0	0.0	0.0	0.0	0.0	0.0	0.0	0.0	0.0	0.0	0.0	0.0	0.0	0.0	0.0	0.0	0.0	0.0	0.0	0.0	0.0	0.0	0.0	0.0	0.0	0.0	0.0	0.0	0.0	0.0	0.0	0.0	0.0	0.0	0.0	0.0	0.0	0.0	0.0	0.0	0.0	0.0	0.11507692652974942	0.0	0.0	0.0	0.0	0.0
ACH-000415	7	141750591	G[C>G]T	1.476985111968875e-15	0.0	0.0	0.0	0.6496904991606688	0.013188822672621682	0.0	0.0	0.0	0.0	0.0	0.0	0.0	0.0020955597233646857	0.0	0.0	0.0	0.0	0.04649317716066304	0.0	0.0	0.0	0.0	0.0	0.0	0.0	0.0	0.0	0.0	0.0	0.0	0.0	0.0	0.0	0.0	0.0	0.0	0.0	0.0	0.0	0.0	0.0	0.0	0.0	0.0	0.0	0.0	0.0	0.0	0.0	0.0	0.0	0.0	0.0	0.0	0.0	0.0	0.0	0.0	0.0	0.0	0.0	0.0	0.0	0.0	0.0	0.0	0.0	0.0	0.0	0.0	0.0	0.0	0.0	0.0	0.0	0.0	0.0	0.0	0.0	0.2885319412826803	0.0	0.0	0.0	0.0	0.0
ACH-000415	7	150710889	A[C>T]A	0.024816582370035648	0.0	0.0	0.0	0.4722896451496477	0.39465053355616214	0.0	0.0	0.0	0.0	0.0	0.0	0.0	0.001525628768416527	0.0	0.0	0.0	0.0	0.018526931691044416	0.0	0.0	0.0	0.0	0.0	0.0	0.0	0.0	0.0	0.0	0.0	0.0	0.0	0.0	0.0	0.0	0.0	0.0	0.0	0.0	0.0	0.0	0.0	0.0	0.0	0.0	0.0	0.0	0.0	0.0	0.0	0.0	0.0	0.0	0.0	0.0	0.0	0.0	0.0	0.0	0.0	0.0	0.0	0.0	0.0	0.0	0.0	0.0	0.0	0.0	0.0	0.0	0.0	0.0	0.0	0.0	0.0	0.0	0.0	0.0	0.0	0.0881906784646935	0.0	0.0	0.0	0.0	0.0
ACH-000415	7	152346288	T[T>C]G	0.001841643500765176	0.0	0.0	0.0	0.820549395762032	0.05848500972151532	0.0	0.0	0.0	0.0	0.0	0.0	0.0	0.008278728289715211	0.0	0.0	0.0	0.0	0.0011485208294162766	0.0	0.0	0.0	0.0	0.0	0.0	0.0	0.0	0.0	0.0	0.0	0.0	0.0	0.0	0.0	0.0	0.0	0.0	0.0	0.0	0.0	0.0	0.0	0.0	0.0	0.0	0.0	0.0	0.0	0.0	0.0	0.0	0.0	0.0	0.0	0.0	0.0	0.0	0.0	0.0	0.0	0.0	0.0	0.0	0.0	0.0	0.0	0.0	0.0	0.0	0.0	0.0	0.0	0.0	0.0	0.0	0.0	0.0	0.0	0.0	0.0	0.10969670189655605	0.0	0.0	0.0	0.0	0.0
ACH-000415	8	11702637	T[C>G]T	0.0012066142483026232	0.0	0.0	0.0	0.14110511075608093	0.0006140529777960741	0.0	0.0	0.0	0.0	0.0	0.0	0.0	9.397546939020107e-05	0.0	0.0	0.0	0.0	0.7419033200186808	0.0	0.0	0.0	0.0	0.0	0.0	0.0	0.0	0.0	0.0	0.0	0.0	0.0	0.0	0.0	0.0	0.0	0.0	0.0	0.0	0.0	0.0	0.0	0.0	0.0	0.0	0.0	0.0	0.0	0.0	0.0	0.0	0.0	0.0	0.0	0.0	0.0	0.0	0.0	0.0	0.0	0.0	0.0	0.0	0.0	0.0	0.0	0.0	0.0	0.0	0.0	0.0	0.0	0.0	0.0	0.0	0.0	0.0	0.0	0.0	0.0	0.11507692652974942	0.0	0.0	0.0	0.0	0.0
ACH-000415	8	17407870	G[C>T]T	4.150152381750231e-05	0.0	0.0	0.0	0.29343490580837495	0.49881050645279607	0.0	0.0	0.0	0.0	0.0	0.0	0.0	0.0965329209393775	0.0	0.0	0.0	0.0	0.0035685413808209587	0.0	0.0	0.0	0.0	0.0	0.0	0.0	0.0	0.0	0.0	0.0	0.0	0.0	0.0	0.0	0.0	0.0	0.0	0.0	0.0	0.0	0.0	0.0	0.0	0.0	0.0	0.0	0.0	0.0	0.0	0.0	0.0	0.0	0.0	0.0	0.0	0.0	0.0	0.0	0.0	0.0	0.0	0.0	0.0	0.0	0.0	0.0	0.0	0.0	0.0	0.0	0.0	0.0	0.0	0.0	0.0	0.0	0.0	0.0	0.0	0.0	0.10761162389481291	0.0	0.0	0.0	0.0	0.0
ACH-000415	8	88885870	C[T>C]G	0.0008569417133204864	0.0	0.0	0.0	0.7226049391236393	0.07854400584024959	0.0	0.0	0.0	0.0	0.0	0.0	0.0	0.0001685971132121602	0.0	0.0	0.0	0.0	1.3737189969799389e-15	0.0	0.0	0.0	0.0	0.0	0.0	0.0	0.0	0.0	0.0	0.0	0.0	0.0	0.0	0.0	0.0	0.0	0.0	0.0	0.0	0.0	0.0	0.0	0.0	0.0	0.0	0.0	0.0	0.0	0.0	0.0	0.0	0.0	0.0	0.0	0.0	0.0	0.0	0.0	0.0	0.0	0.0	0.0	0.0	0.0	0.0	0.0	0.0	0.0	0.0	0.0	0.0	0.0	0.0	0.0	0.0	0.0	0.0	0.0	0.0	0.0	0.1978255162095771	0.0	0.0	0.0	0.0	0.0
ACH-000415	8	98712038	C[T>C]A	7.892772767422417e-16	0.0	0.0	0.0	0.6871355190535299	0.03644706203868399	0.0	0.0	0.0	0.0	0.0	0.0	0.0	0.013081296122262675	0.0	0.0	0.0	0.0	0.0004361907245996137	0.0	0.0	0.0	0.0	0.0	0.0	0.0	0.0	0.0	0.0	0.0	0.0	0.0	0.0	0.0	0.0	0.0	0.0	0.0	0.0	0.0	0.0	0.0	0.0	0.0	0.0	0.0	0.0	0.0	0.0	0.0	0.0	0.0	0.0	0.0	0.0	0.0	0.0	0.0	0.0	0.0	0.0	0.0	0.0	0.0	0.0	0.0	0.0	0.0	0.0	0.0	0.0	0.0	0.0	0.0	0.0	0.0	0.0	0.0	0.0	0.0	0.26289993206092305	0.0	0.0	0.0	0.0	0.0
ACH-000415	8	116616347	T[C>T]C	4.7737372494549915e-05	0.0	0.0	0.0	0.42967840050130746	0.083362137974309	0.0	0.0	0.0	0.0	0.0	0.0	0.0	0.17379743412339543	0.0	0.0	0.0	0.0	0.014906714845424284	0.0	0.0	0.0	0.0	0.0	0.0	0.0	0.0	0.0	0.0	0.0	0.0	0.0	0.0	0.0	0.0	0.0	0.0	0.0	0.0	0.0	0.0	0.0	0.0	0.0	0.0	0.0	0.0	0.0	0.0	0.0	0.0	0.0	0.0	0.0	0.0	0.0	0.0	0.0	0.0	0.0	0.0	0.0	0.0	0.0	0.0	0.0	0.0	0.0	0.0	0.0	0.0	0.0	0.0	0.0	0.0	0.0	0.0	0.0	0.0	0.0	0.29820757518306934	0.0	0.0	0.0	0.0	0.0
ACH-000415	9	12821739	T[C>T]A	0.0021793315526933295	0.0	0.0	0.0	0.5816815712421959	0.1461283020528056	0.0	0.0	0.0	0.0	0.0	0.0	0.0	0.015005065324361895	0.0	0.0	0.0	0.0	0.035368018204433194	0.0	0.0	0.0	0.0	0.0	0.0	0.0	0.0	0.0	0.0	0.0	0.0	0.0	0.0	0.0	0.0	0.0	0.0	0.0	0.0	0.0	0.0	0.0	0.0	0.0	0.0	0.0	0.0	0.0	0.0	0.0	0.0	0.0	0.0	0.0	0.0	0.0	0.0	0.0	0.0	0.0	0.0	0.0	0.0	0.0	0.0	0.0	0.0	0.0	0.0	0.0	0.0	0.0	0.0	0.0	0.0	0.0	0.0	0.0	0.0	0.0	0.21963771162351012	0.0	0.0	0.0	0.0	0.0
ACH-000415	9	35399664	T[C>A]C	0.005428574713946642	0.0	0.0	0.0	0.28715974207132156	0.006627462435458084	0.0	0.0	0.0	0.0	0.0	0.0	0.0	0.022825684041015926	0.0	0.0	0.0	0.0	0.16397957793606002	0.0	0.0	0.0	0.0	0.0	0.0	0.0	0.0	0.0	0.0	0.0	0.0	0.0	0.0	0.0	0.0	0.0	0.0	0.0	0.0	0.0	0.0	0.0	0.0	0.0	0.0	0.0	0.0	0.0	0.0	0.0	0.0	0.0	0.0	0.0	0.0	0.0	0.0	0.0	0.0	0.0	0.0	0.0	0.0	0.0	0.0	0.0	0.0	0.0	0.0	0.0	0.0	0.0	0.0	0.0	0.0	0.0	0.0	0.0	0.0	0.0	0.5139789588021979	0.0	0.0	0.0	0.0	0.0
ACH-000415	9	79118499	C[T>A]T	0.0010993200060280103	0.0	0.0	0.0	0.2653434658346708	0.004694143688138055	0.0	0.0	0.0	0.0	0.0	0.0	0.0	0.002769760864083669	0.0	0.0	0.0	0.0	0.005748173803329135	0.0	0.0	0.0	0.0	0.0	0.0	0.0	0.0	0.0	0.0	0.0	0.0	0.0	0.0	0.0	0.0	0.0	0.0	0.0	0.0	0.0	0.0	0.0	0.0	0.0	0.0	0.0	0.0	0.0	0.0	0.0	0.0	0.0	0.0	0.0	0.0	0.0	0.0	0.0	0.0	0.0	0.0	0.0	0.0	0.0	0.0	0.0	0.0	0.0	0.0	0.0	0.0	0.0	0.0	0.0	0.0	0.0	0.0	0.0	0.0	0.0	0.7203451358037504	0.0	0.0	0.0	0.0	0.0
ACH-000415	9	107289048	T[C>T]A	0.0021793315526933295	0.0	0.0	0.0	0.5816815712421959	0.1461283020528056	0.0	0.0	0.0	0.0	0.0	0.0	0.0	0.015005065324361895	0.0	0.0	0.0	0.0	0.035368018204433194	0.0	0.0	0.0	0.0	0.0	0.0	0.0	0.0	0.0	0.0	0.0	0.0	0.0	0.0	0.0	0.0	0.0	0.0	0.0	0.0	0.0	0.0	0.0	0.0	0.0	0.0	0.0	0.0	0.0	0.0	0.0	0.0	0.0	0.0	0.0	0.0	0.0	0.0	0.0	0.0	0.0	0.0	0.0	0.0	0.0	0.0	0.0	0.0	0.0	0.0	0.0	0.0	0.0	0.0	0.0	0.0	0.0	0.0	0.0	0.0	0.0	0.21963771162351012	0.0	0.0	0.0	0.0	0.0
ACH-000415	9	117848842	C[C>T]G	0.13557322778853023	0.0	0.0	0.0	0.1766626720907914	0.5233960036100253	0.0	0.0	0.0	0.0	0.0	0.0	0.0	0.007164640192898836	0.0	0.0	0.0	0.0	0.0035780627465558244	0.0	0.0	0.0	0.0	0.0	0.0	0.0	0.0	0.0	0.0	0.0	0.0	0.0	0.0	0.0	0.0	0.0	0.0	0.0	0.0	0.0	0.0	0.0	0.0	0.0	0.0	0.0	0.0	0.0	0.0	0.0	0.0	0.0	0.0	0.0	0.0	0.0	0.0	0.0	0.0	0.0	0.0	0.0	0.0	0.0	0.0	0.0	0.0	0.0	0.0	0.0	0.0	0.0	0.0	0.0	0.0	0.0	0.0	0.0	0.0	0.0	0.15362539357119848	0.0	0.0	0.0	0.0	0.0
ACH-000415	9	125330305	T[C>G]A	2.207115389887336e-16	0.0	0.0	0.0	0.11283327611632461	0.00030497781894165186	0.0	0.0	0.0	0.0	0.0	0.0	0.0	6.152210432080574e-16	0.0	0.0	0.0	0.0	0.815705975795045	0.0	0.0	0.0	0.0	0.0	0.0	0.0	0.0	0.0	0.0	0.0	0.0	0.0	0.0	0.0	0.0	0.0	0.0	0.0	0.0	0.0	0.0	0.0	0.0	0.0	0.0	0.0	0.0	0.0	0.0	0.0	0.0	0.0	0.0	0.0	0.0	0.0	0.0	0.0	0.0	0.0	0.0	0.0	0.0	0.0	0.0	0.0	0.0	0.0	0.0	0.0	0.0	0.0	0.0	0.0	0.0	0.0	0.0	0.0	0.0	0.0	0.07115577026968785	0.0	0.0	0.0	0.0	0.0
ACH-000415	9	127262398	A[C>T]G	0.2476354891813735	0.0	0.0	0.0	0.06119238105427301	0.5049565074982683	0.0	0.0	0.0	0.0	0.0	0.0	0.0	0.0007863121155298085	0.0	0.0	0.0	0.0	0.0005343677403751868	0.0	0.0	0.0	0.0	0.0	0.0	0.0	0.0	0.0	0.0	0.0	0.0	0.0	0.0	0.0	0.0	0.0	0.0	0.0	0.0	0.0	0.0	0.0	0.0	0.0	0.0	0.0	0.0	0.0	0.0	0.0	0.0	0.0	0.0	0.0	0.0	0.0	0.0	0.0	0.0	0.0	0.0	0.0	0.0	0.0	0.0	0.0	0.0	0.0	0.0	0.0	0.0	0.0	0.0	0.0	0.0	0.0	0.0	0.0	0.0	0.0	0.18489494241018017	0.0	0.0	0.0	0.0	0.0
ACH-000415	10	20453451	A[C>G]T	0.004661404708484393	0.0	0.0	0.0	0.6027293972168493	0.0064416632609826975	0.0	0.0	0.0	0.0	0.0	0.0	0.0	2.541241961331324e-15	0.0	0.0	0.0	0.0	0.04251569099987817	0.0	0.0	0.0	0.0	0.0	0.0	0.0	0.0	0.0	0.0	0.0	0.0	0.0	0.0	0.0	0.0	0.0	0.0	0.0	0.0	0.0	0.0	0.0	0.0	0.0	0.0	0.0	0.0	0.0	0.0	0.0	0.0	0.0	0.0	0.0	0.0	0.0	0.0	0.0	0.0	0.0	0.0	0.0	0.0	0.0	0.0	0.0	0.0	0.0	0.0	0.0	0.0	0.0	0.0	0.0	0.0	0.0	0.0	0.0	0.0	0.0	0.343651843813803	0.0	0.0	0.0	0.0	0.0
ACH-000415	10	124390560	C[C>T]C	0.00046167422044797956	0.0	0.0	0.0	0.474148380313732	0.15695899718013281	0.0	0.0	0.0	0.0	0.0	0.0	0.0	0.00040401281170853533	0.0	0.0	0.0	0.0	0.006000435822324147	0.0	0.0	0.0	0.0	0.0	0.0	0.0	0.0	0.0	0.0	0.0	0.0	0.0	0.0	0.0	0.0	0.0	0.0	0.0	0.0	0.0	0.0	0.0	0.0	0.0	0.0	0.0	0.0	0.0	0.0	0.0	0.0	0.0	0.0	0.0	0.0	0.0	0.0	0.0	0.0	0.0	0.0	0.0	0.0	0.0	0.0	0.0	0.0	0.0	0.0	0.0	0.0	0.0	0.0	0.0	0.0	0.0	0.0	0.0	0.0	0.0	0.3620264996516545	0.0	0.0	0.0	0.0	0.0
ACH-000415	11	3121398	C[C>G]C	0.0002459410670865651	0.0	0.0	0.0	0.42397779146015596	0.0007385917670943409	0.0	0.0	0.0	0.0	0.0	0.0	0.0	1.9905855117318864e-15	0.0	0.0	0.0	0.0	0.005395090701445138	0.0	0.0	0.0	0.0	0.0	0.0	0.0	0.0	0.0	0.0	0.0	0.0	0.0	0.0	0.0	0.0	0.0	0.0	0.0	0.0	0.0	0.0	0.0	0.0	0.0	0.0	0.0	0.0	0.0	0.0	0.0	0.0	0.0	0.0	0.0	0.0	0.0	0.0	0.0	0.0	0.0	0.0	0.0	0.0	0.0	0.0	0.0	0.0	0.0	0.0	0.0	0.0	0.0	0.0	0.0	0.0	0.0	0.0	0.0	0.0	0.0	0.5696425850042159	0.0	0.0	0.0	0.0	0.0
ACH-000415	11	17113117	A[T>C]G	0.00017099946715147315	0.0	0.0	0.0	0.8993742050796566	0.04242352795247656	0.0	0.0	0.0	0.0	0.0	0.0	0.0	0.002398048049606713	0.0	0.0	0.0	0.0	0.0017947703682592937	0.0	0.0	0.0	0.0	0.0	0.0	0.0	0.0	0.0	0.0	0.0	0.0	0.0	0.0	0.0	0.0	0.0	0.0	0.0	0.0	0.0	0.0	0.0	0.0	0.0	0.0	0.0	0.0	0.0	0.0	0.0	0.0	0.0	0.0	0.0	0.0	0.0	0.0	0.0	0.0	0.0	0.0	0.0	0.0	0.0	0.0	0.0	0.0	0.0	0.0	0.0	0.0	0.0	0.0	0.0	0.0	0.0	0.0	0.0	0.0	0.0	0.05383844908284937	0.0	0.0	0.0	0.0	0.0
ACH-000415	11	48328183	C[C>T]G	0.13557322778853023	0.0	0.0	0.0	0.1766626720907914	0.5233960036100253	0.0	0.0	0.0	0.0	0.0	0.0	0.0	0.007164640192898836	0.0	0.0	0.0	0.0	0.0035780627465558244	0.0	0.0	0.0	0.0	0.0	0.0	0.0	0.0	0.0	0.0	0.0	0.0	0.0	0.0	0.0	0.0	0.0	0.0	0.0	0.0	0.0	0.0	0.0	0.0	0.0	0.0	0.0	0.0	0.0	0.0	0.0	0.0	0.0	0.0	0.0	0.0	0.0	0.0	0.0	0.0	0.0	0.0	0.0	0.0	0.0	0.0	0.0	0.0	0.0	0.0	0.0	0.0	0.0	0.0	0.0	0.0	0.0	0.0	0.0	0.0	0.0	0.15362539357119848	0.0	0.0	0.0	0.0	0.0
ACH-000415	11	57427341	G[T>G]C	6.12830491789476e-15	0.0	0.0	0.0	0.6859581198567019	0.03631159169040027	0.0	0.0	0.0	0.0	0.0	0.0	0.0	0.07248338108134622	0.0	0.0	0.0	0.0	1.5862141697797555e-14	0.0	0.0	0.0	0.0	0.0	0.0	0.0	0.0	0.0	0.0	0.0	0.0	0.0	0.0	0.0	0.0	0.0	0.0	0.0	0.0	0.0	0.0	0.0	0.0	0.0	0.0	0.0	0.0	0.0	0.0	0.0	0.0	0.0	0.0	0.0	0.0	0.0	0.0	0.0	0.0	0.0	0.0	0.0	0.0	0.0	0.0	0.0	0.0	0.0	0.0	0.0	0.0	0.0	0.0	0.0	0.0	0.0	0.0	0.0	0.0	0.0	0.20524690737152956	0.0	0.0	0.0	0.0	0.0
ACH-000415	11	62361432	A[C>T]G	0.2476354891813735	0.0	0.0	0.0	0.06119238105427301	0.5049565074982683	0.0	0.0	0.0	0.0	0.0	0.0	0.0	0.0007863121155298085	0.0	0.0	0.0	0.0	0.0005343677403751868	0.0	0.0	0.0	0.0	0.0	0.0	0.0	0.0	0.0	0.0	0.0	0.0	0.0	0.0	0.0	0.0	0.0	0.0	0.0	0.0	0.0	0.0	0.0	0.0	0.0	0.0	0.0	0.0	0.0	0.0	0.0	0.0	0.0	0.0	0.0	0.0	0.0	0.0	0.0	0.0	0.0	0.0	0.0	0.0	0.0	0.0	0.0	0.0	0.0	0.0	0.0	0.0	0.0	0.0	0.0	0.0	0.0	0.0	0.0	0.0	0.0	0.18489494241018017	0.0	0.0	0.0	0.0	0.0
ACH-000415	11	63066399	A[C>G]C	0.008962489072739168	0.0	0.0	0.0	0.6111283230484633	0.013167959121065923	0.0	0.0	0.0	0.0	0.0	0.0	0.0	0.0027558013944674825	0.0	0.0	0.0	0.0	0.018160435215578967	0.0	0.0	0.0	0.0	0.0	0.0	0.0	0.0	0.0	0.0	0.0	0.0	0.0	0.0	0.0	0.0	0.0	0.0	0.0	0.0	0.0	0.0	0.0	0.0	0.0	0.0	0.0	0.0	0.0	0.0	0.0	0.0	0.0	0.0	0.0	0.0	0.0	0.0	0.0	0.0	0.0	0.0	0.0	0.0	0.0	0.0	0.0	0.0	0.0	0.0	0.0	0.0	0.0	0.0	0.0	0.0	0.0	0.0	0.0	0.0	0.0	0.34582499214768503	0.0	0.0	0.0	0.0	0.0
ACH-000415	11	64109592	G[C>T]G	0.12550147135618905	0.0	0.0	0.0	0.10334424368275028	0.6355724058427978	0.0	0.0	0.0	0.0	0.0	0.0	0.0	0.02030662279623841	0.0	0.0	0.0	0.0	0.00026637227666108024	0.0	0.0	0.0	0.0	0.0	0.0	0.0	0.0	0.0	0.0	0.0	0.0	0.0	0.0	0.0	0.0	0.0	0.0	0.0	0.0	0.0	0.0	0.0	0.0	0.0	0.0	0.0	0.0	0.0	0.0	0.0	0.0	0.0	0.0	0.0	0.0	0.0	0.0	0.0	0.0	0.0	0.0	0.0	0.0	0.0	0.0	0.0	0.0	0.0	0.0	0.0	0.0	0.0	0.0	0.0	0.0	0.0	0.0	0.0	0.0	0.0	0.11500888404536323	0.0	0.0	0.0	0.0	0.0
ACH-000415	11	64852187	G[C>T]A	0.004655285699975081	0.0	0.0	0.0	0.29686154352386046	0.6086840000932552	0.0	0.0	0.0	0.0	0.0	0.0	0.0	0.001065478952378704	0.0	0.0	0.0	0.0	0.019568830823622495	0.0	0.0	0.0	0.0	0.0	0.0	0.0	0.0	0.0	0.0	0.0	0.0	0.0	0.0	0.0	0.0	0.0	0.0	0.0	0.0	0.0	0.0	0.0	0.0	0.0	0.0	0.0	0.0	0.0	0.0	0.0	0.0	0.0	0.0	0.0	0.0	0.0	0.0	0.0	0.0	0.0	0.0	0.0	0.0	0.0	0.0	0.0	0.0	0.0	0.0	0.0	0.0	0.0	0.0	0.0	0.0	0.0	0.0	0.0	0.0	0.0	0.06916486090690797	0.0	0.0	0.0	0.0	0.0
ACH-000415	11	65988219	T[C>A]C	0.005428574713946642	0.0	0.0	0.0	0.28715974207132156	0.006627462435458084	0.0	0.0	0.0	0.0	0.0	0.0	0.0	0.022825684041015926	0.0	0.0	0.0	0.0	0.16397957793606002	0.0	0.0	0.0	0.0	0.0	0.0	0.0	0.0	0.0	0.0	0.0	0.0	0.0	0.0	0.0	0.0	0.0	0.0	0.0	0.0	0.0	0.0	0.0	0.0	0.0	0.0	0.0	0.0	0.0	0.0	0.0	0.0	0.0	0.0	0.0	0.0	0.0	0.0	0.0	0.0	0.0	0.0	0.0	0.0	0.0	0.0	0.0	0.0	0.0	0.0	0.0	0.0	0.0	0.0	0.0	0.0	0.0	0.0	0.0	0.0	0.0	0.5139789588021979	0.0	0.0	0.0	0.0	0.0
ACH-000415	11	70218470	G[C>T]T	4.150152381750231e-05	0.0	0.0	0.0	0.29343490580837495	0.49881050645279607	0.0	0.0	0.0	0.0	0.0	0.0	0.0	0.0965329209393775	0.0	0.0	0.0	0.0	0.0035685413808209587	0.0	0.0	0.0	0.0	0.0	0.0	0.0	0.0	0.0	0.0	0.0	0.0	0.0	0.0	0.0	0.0	0.0	0.0	0.0	0.0	0.0	0.0	0.0	0.0	0.0	0.0	0.0	0.0	0.0	0.0	0.0	0.0	0.0	0.0	0.0	0.0	0.0	0.0	0.0	0.0	0.0	0.0	0.0	0.0	0.0	0.0	0.0	0.0	0.0	0.0	0.0	0.0	0.0	0.0	0.0	0.0	0.0	0.0	0.0	0.0	0.0	0.10761162389481291	0.0	0.0	0.0	0.0	0.0
ACH-000415	11	71724260	C[T>C]T	0.00010190276410118559	0.0	0.0	0.0	0.5202698404904168	0.018845589092497294	0.0	0.0	0.0	0.0	0.0	0.0	0.0	0.005458661245863174	0.0	0.0	0.0	0.0	0.000696543665970233	0.0	0.0	0.0	0.0	0.0	0.0	0.0	0.0	0.0	0.0	0.0	0.0	0.0	0.0	0.0	0.0	0.0	0.0	0.0	0.0	0.0	0.0	0.0	0.0	0.0	0.0	0.0	0.0	0.0	0.0	0.0	0.0	0.0	0.0	0.0	0.0	0.0	0.0	0.0	0.0	0.0	0.0	0.0	0.0	0.0	0.0	0.0	0.0	0.0	0.0	0.0	0.0	0.0	0.0	0.0	0.0	0.0	0.0	0.0	0.0	0.0	0.4546274627411512	0.0	0.0	0.0	0.0	0.0
ACH-000415	11	77383209	A[T>C]T	0.006822354778060558	0.0	0.0	0.0	0.6643700177215378	0.003700654086927458	0.0	0.0	0.0	0.0	0.0	0.0	0.0	0.0004991013446388755	0.0	0.0	0.0	0.0	0.002962908055097253	0.0	0.0	0.0	0.0	0.0	0.0	0.0	0.0	0.0	0.0	0.0	0.0	0.0	0.0	0.0	0.0	0.0	0.0	0.0	0.0	0.0	0.0	0.0	0.0	0.0	0.0	0.0	0.0	0.0	0.0	0.0	0.0	0.0	0.0	0.0	0.0	0.0	0.0	0.0	0.0	0.0	0.0	0.0	0.0	0.0	0.0	0.0	0.0	0.0	0.0	0.0	0.0	0.0	0.0	0.0	0.0	0.0	0.0	0.0	0.0	0.0	0.3216449640137381	0.0	0.0	0.0	0.0	0.0
ACH-000415	11	134023050	T[C>T]A	0.0021793315526933295	0.0	0.0	0.0	0.5816815712421959	0.1461283020528056	0.0	0.0	0.0	0.0	0.0	0.0	0.0	0.015005065324361895	0.0	0.0	0.0	0.0	0.035368018204433194	0.0	0.0	0.0	0.0	0.0	0.0	0.0	0.0	0.0	0.0	0.0	0.0	0.0	0.0	0.0	0.0	0.0	0.0	0.0	0.0	0.0	0.0	0.0	0.0	0.0	0.0	0.0	0.0	0.0	0.0	0.0	0.0	0.0	0.0	0.0	0.0	0.0	0.0	0.0	0.0	0.0	0.0	0.0	0.0	0.0	0.0	0.0	0.0	0.0	0.0	0.0	0.0	0.0	0.0	0.0	0.0	0.0	0.0	0.0	0.0	0.0	0.21963771162351012	0.0	0.0	0.0	0.0	0.0
ACH-000415	12	4920339	G[C>T]T	4.150152381750231e-05	0.0	0.0	0.0	0.29343490580837495	0.49881050645279607	0.0	0.0	0.0	0.0	0.0	0.0	0.0	0.0965329209393775	0.0	0.0	0.0	0.0	0.0035685413808209587	0.0	0.0	0.0	0.0	0.0	0.0	0.0	0.0	0.0	0.0	0.0	0.0	0.0	0.0	0.0	0.0	0.0	0.0	0.0	0.0	0.0	0.0	0.0	0.0	0.0	0.0	0.0	0.0	0.0	0.0	0.0	0.0	0.0	0.0	0.0	0.0	0.0	0.0	0.0	0.0	0.0	0.0	0.0	0.0	0.0	0.0	0.0	0.0	0.0	0.0	0.0	0.0	0.0	0.0	0.0	0.0	0.0	0.0	0.0	0.0	0.0	0.10761162389481291	0.0	0.0	0.0	0.0	0.0
ACH-000415	12	8212033	A[C>T]A	0.024816582370035648	0.0	0.0	0.0	0.4722896451496477	0.39465053355616214	0.0	0.0	0.0	0.0	0.0	0.0	0.0	0.001525628768416527	0.0	0.0	0.0	0.0	0.018526931691044416	0.0	0.0	0.0	0.0	0.0	0.0	0.0	0.0	0.0	0.0	0.0	0.0	0.0	0.0	0.0	0.0	0.0	0.0	0.0	0.0	0.0	0.0	0.0	0.0	0.0	0.0	0.0	0.0	0.0	0.0	0.0	0.0	0.0	0.0	0.0	0.0	0.0	0.0	0.0	0.0	0.0	0.0	0.0	0.0	0.0	0.0	0.0	0.0	0.0	0.0	0.0	0.0	0.0	0.0	0.0	0.0	0.0	0.0	0.0	0.0	0.0	0.0881906784646935	0.0	0.0	0.0	0.0	0.0
ACH-000415	12	12974998	A[T>C]T	0.006822354778060558	0.0	0.0	0.0	0.6643700177215378	0.003700654086927458	0.0	0.0	0.0	0.0	0.0	0.0	0.0	0.0004991013446388755	0.0	0.0	0.0	0.0	0.002962908055097253	0.0	0.0	0.0	0.0	0.0	0.0	0.0	0.0	0.0	0.0	0.0	0.0	0.0	0.0	0.0	0.0	0.0	0.0	0.0	0.0	0.0	0.0	0.0	0.0	0.0	0.0	0.0	0.0	0.0	0.0	0.0	0.0	0.0	0.0	0.0	0.0	0.0	0.0	0.0	0.0	0.0	0.0	0.0	0.0	0.0	0.0	0.0	0.0	0.0	0.0	0.0	0.0	0.0	0.0	0.0	0.0	0.0	0.0	0.0	0.0	0.0	0.3216449640137381	0.0	0.0	0.0	0.0	0.0
ACH-000415	12	15073888	A[T>C]G	0.00017099946715147315	0.0	0.0	0.0	0.8993742050796566	0.04242352795247656	0.0	0.0	0.0	0.0	0.0	0.0	0.0	0.002398048049606713	0.0	0.0	0.0	0.0	0.0017947703682592937	0.0	0.0	0.0	0.0	0.0	0.0	0.0	0.0	0.0	0.0	0.0	0.0	0.0	0.0	0.0	0.0	0.0	0.0	0.0	0.0	0.0	0.0	0.0	0.0	0.0	0.0	0.0	0.0	0.0	0.0	0.0	0.0	0.0	0.0	0.0	0.0	0.0	0.0	0.0	0.0	0.0	0.0	0.0	0.0	0.0	0.0	0.0	0.0	0.0	0.0	0.0	0.0	0.0	0.0	0.0	0.0	0.0	0.0	0.0	0.0	0.0	0.05383844908284937	0.0	0.0	0.0	0.0	0.0
ACH-000415	12	15677817	C[C>G]C	0.0002459410670865651	0.0	0.0	0.0	0.42397779146015596	0.0007385917670943409	0.0	0.0	0.0	0.0	0.0	0.0	0.0	1.9905855117318864e-15	0.0	0.0	0.0	0.0	0.005395090701445138	0.0	0.0	0.0	0.0	0.0	0.0	0.0	0.0	0.0	0.0	0.0	0.0	0.0	0.0	0.0	0.0	0.0	0.0	0.0	0.0	0.0	0.0	0.0	0.0	0.0	0.0	0.0	0.0	0.0	0.0	0.0	0.0	0.0	0.0	0.0	0.0	0.0	0.0	0.0	0.0	0.0	0.0	0.0	0.0	0.0	0.0	0.0	0.0	0.0	0.0	0.0	0.0	0.0	0.0	0.0	0.0	0.0	0.0	0.0	0.0	0.0	0.5696425850042159	0.0	0.0	0.0	0.0	0.0
ACH-000415	12	19436469	C[C>A]C	0.0017467546516634121	0.0	0.0	0.0	0.08744522301564091	0.02475453850942661	0.0	0.0	0.0	0.0	0.0	0.0	0.0	0.008687218319496825	0.0	0.0	0.0	0.0	0.0024554502720390567	0.0	0.0	0.0	0.0	0.0	0.0	0.0	0.0	0.0	0.0	0.0	0.0	0.0	0.0	0.0	0.0	0.0	0.0	0.0	0.0	0.0	0.0	0.0	0.0	0.0	0.0	0.0	0.0	0.0	0.0	0.0	0.0	0.0	0.0	0.0	0.0	0.0	0.0	0.0	0.0	0.0	0.0	0.0	0.0	0.0	0.0	0.0	0.0	0.0	0.0	0.0	0.0	0.0	0.0	0.0	0.0	0.0	0.0	0.0	0.0	0.0	0.8749108152317332	0.0	0.0	0.0	0.0	0.0
ACH-000415	12	21997815	T[C>T]C	4.7737372494549915e-05	0.0	0.0	0.0	0.42967840050130746	0.083362137974309	0.0	0.0	0.0	0.0	0.0	0.0	0.0	0.17379743412339543	0.0	0.0	0.0	0.0	0.014906714845424284	0.0	0.0	0.0	0.0	0.0	0.0	0.0	0.0	0.0	0.0	0.0	0.0	0.0	0.0	0.0	0.0	0.0	0.0	0.0	0.0	0.0	0.0	0.0	0.0	0.0	0.0	0.0	0.0	0.0	0.0	0.0	0.0	0.0	0.0	0.0	0.0	0.0	0.0	0.0	0.0	0.0	0.0	0.0	0.0	0.0	0.0	0.0	0.0	0.0	0.0	0.0	0.0	0.0	0.0	0.0	0.0	0.0	0.0	0.0	0.0	0.0	0.29820757518306934	0.0	0.0	0.0	0.0	0.0
ACH-000415	12	31253621	G[C>T]G	0.12550147135618905	0.0	0.0	0.0	0.10334424368275028	0.6355724058427978	0.0	0.0	0.0	0.0	0.0	0.0	0.0	0.02030662279623841	0.0	0.0	0.0	0.0	0.00026637227666108024	0.0	0.0	0.0	0.0	0.0	0.0	0.0	0.0	0.0	0.0	0.0	0.0	0.0	0.0	0.0	0.0	0.0	0.0	0.0	0.0	0.0	0.0	0.0	0.0	0.0	0.0	0.0	0.0	0.0	0.0	0.0	0.0	0.0	0.0	0.0	0.0	0.0	0.0	0.0	0.0	0.0	0.0	0.0	0.0	0.0	0.0	0.0	0.0	0.0	0.0	0.0	0.0	0.0	0.0	0.0	0.0	0.0	0.0	0.0	0.0	0.0	0.11500888404536323	0.0	0.0	0.0	0.0	0.0
ACH-000415	12	32791648	T[C>T]T	2.579444896513433e-16	0.0	0.0	0.0	0.3545738436636143	0.05015663605105165	0.0	0.0	0.0	0.0	0.0	0.0	0.0	0.41455609589363684	0.0	0.0	0.0	0.0	0.004270353383342397	0.0	0.0	0.0	0.0	0.0	0.0	0.0	0.0	0.0	0.0	0.0	0.0	0.0	0.0	0.0	0.0	0.0	0.0	0.0	0.0	0.0	0.0	0.0	0.0	0.0	0.0	0.0	0.0	0.0	0.0	0.0	0.0	0.0	0.0	0.0	0.0	0.0	0.0	0.0	0.0	0.0	0.0	0.0	0.0	0.0	0.0	0.0	0.0	0.0	0.0	0.0	0.0	0.0	0.0	0.0	0.0	0.0	0.0	0.0	0.0	0.0	0.17644307100835477	0.0	0.0	0.0	0.0	0.0
ACH-000415	12	49445526	C[C>A]A	0.0002921102365671602	0.0	0.0	0.0	0.10152440029957521	0.010568583649432374	0.0	0.0	0.0	0.0	0.0	0.0	0.0	0.0013655435347728337	0.0	0.0	0.0	0.0	0.0034072012079099157	0.0	0.0	0.0	0.0	0.0	0.0	0.0	0.0	0.0	0.0	0.0	0.0	0.0	0.0	0.0	0.0	0.0	0.0	0.0	0.0	0.0	0.0	0.0	0.0	0.0	0.0	0.0	0.0	0.0	0.0	0.0	0.0	0.0	0.0	0.0	0.0	0.0	0.0	0.0	0.0	0.0	0.0	0.0	0.0	0.0	0.0	0.0	0.0	0.0	0.0	0.0	0.0	0.0	0.0	0.0	0.0	0.0	0.0	0.0	0.0	0.0	0.8828421610717425	0.0	0.0	0.0	0.0	0.0
ACH-000415	12	68051002	T[C>T]G	0.056380490729478455	0.0	0.0	0.0	0.11893842262519502	0.16530736871658822	0.0	0.0	0.0	0.0	0.0	0.0	0.0	0.6270359151029994	0.0	0.0	0.0	0.0	0.0015854785326826198	0.0	0.0	0.0	0.0	0.0	0.0	0.0	0.0	0.0	0.0	0.0	0.0	0.0	0.0	0.0	0.0	0.0	0.0	0.0	0.0	0.0	0.0	0.0	0.0	0.0	0.0	0.0	0.0	0.0	0.0	0.0	0.0	0.0	0.0	0.0	0.0	0.0	0.0	0.0	0.0	0.0	0.0	0.0	0.0	0.0	0.0	0.0	0.0	0.0	0.0	0.0	0.0	0.0	0.0	0.0	0.0	0.0	0.0	0.0	0.0	0.0	0.03075232429305641	0.0	0.0	0.0	0.0	0.0
ACH-000415	12	120628197	T[C>T]G	0.056380490729478455	0.0	0.0	0.0	0.11893842262519502	0.16530736871658822	0.0	0.0	0.0	0.0	0.0	0.0	0.0	0.6270359151029994	0.0	0.0	0.0	0.0	0.0015854785326826198	0.0	0.0	0.0	0.0	0.0	0.0	0.0	0.0	0.0	0.0	0.0	0.0	0.0	0.0	0.0	0.0	0.0	0.0	0.0	0.0	0.0	0.0	0.0	0.0	0.0	0.0	0.0	0.0	0.0	0.0	0.0	0.0	0.0	0.0	0.0	0.0	0.0	0.0	0.0	0.0	0.0	0.0	0.0	0.0	0.0	0.0	0.0	0.0	0.0	0.0	0.0	0.0	0.0	0.0	0.0	0.0	0.0	0.0	0.0	0.0	0.0	0.03075232429305641	0.0	0.0	0.0	0.0	0.0
ACH-000415	12	124831134	G[C>T]G	0.12550147135618905	0.0	0.0	0.0	0.10334424368275028	0.6355724058427978	0.0	0.0	0.0	0.0	0.0	0.0	0.0	0.02030662279623841	0.0	0.0	0.0	0.0	0.00026637227666108024	0.0	0.0	0.0	0.0	0.0	0.0	0.0	0.0	0.0	0.0	0.0	0.0	0.0	0.0	0.0	0.0	0.0	0.0	0.0	0.0	0.0	0.0	0.0	0.0	0.0	0.0	0.0	0.0	0.0	0.0	0.0	0.0	0.0	0.0	0.0	0.0	0.0	0.0	0.0	0.0	0.0	0.0	0.0	0.0	0.0	0.0	0.0	0.0	0.0	0.0	0.0	0.0	0.0	0.0	0.0	0.0	0.0	0.0	0.0	0.0	0.0	0.11500888404536323	0.0	0.0	0.0	0.0	0.0
ACH-000415	12	132329667	C[T>C]G	0.0008569417133204864	0.0	0.0	0.0	0.7226049391236393	0.07854400584024959	0.0	0.0	0.0	0.0	0.0	0.0	0.0	0.0001685971132121602	0.0	0.0	0.0	0.0	1.3737189969799389e-15	0.0	0.0	0.0	0.0	0.0	0.0	0.0	0.0	0.0	0.0	0.0	0.0	0.0	0.0	0.0	0.0	0.0	0.0	0.0	0.0	0.0	0.0	0.0	0.0	0.0	0.0	0.0	0.0	0.0	0.0	0.0	0.0	0.0	0.0	0.0	0.0	0.0	0.0	0.0	0.0	0.0	0.0	0.0	0.0	0.0	0.0	0.0	0.0	0.0	0.0	0.0	0.0	0.0	0.0	0.0	0.0	0.0	0.0	0.0	0.0	0.0	0.1978255162095771	0.0	0.0	0.0	0.0	0.0
ACH-000415	13	101997691	T[C>A]C	0.005428574713946642	0.0	0.0	0.0	0.28715974207132156	0.006627462435458084	0.0	0.0	0.0	0.0	0.0	0.0	0.0	0.022825684041015926	0.0	0.0	0.0	0.0	0.16397957793606002	0.0	0.0	0.0	0.0	0.0	0.0	0.0	0.0	0.0	0.0	0.0	0.0	0.0	0.0	0.0	0.0	0.0	0.0	0.0	0.0	0.0	0.0	0.0	0.0	0.0	0.0	0.0	0.0	0.0	0.0	0.0	0.0	0.0	0.0	0.0	0.0	0.0	0.0	0.0	0.0	0.0	0.0	0.0	0.0	0.0	0.0	0.0	0.0	0.0	0.0	0.0	0.0	0.0	0.0	0.0	0.0	0.0	0.0	0.0	0.0	0.0	0.5139789588021979	0.0	0.0	0.0	0.0	0.0
ACH-000415	13	108881735	T[C>G]T	0.0012066142483026232	0.0	0.0	0.0	0.14110511075608093	0.0006140529777960741	0.0	0.0	0.0	0.0	0.0	0.0	0.0	9.397546939020107e-05	0.0	0.0	0.0	0.0	0.7419033200186808	0.0	0.0	0.0	0.0	0.0	0.0	0.0	0.0	0.0	0.0	0.0	0.0	0.0	0.0	0.0	0.0	0.0	0.0	0.0	0.0	0.0	0.0	0.0	0.0	0.0	0.0	0.0	0.0	0.0	0.0	0.0	0.0	0.0	0.0	0.0	0.0	0.0	0.0	0.0	0.0	0.0	0.0	0.0	0.0	0.0	0.0	0.0	0.0	0.0	0.0	0.0	0.0	0.0	0.0	0.0	0.0	0.0	0.0	0.0	0.0	0.0	0.11507692652974942	0.0	0.0	0.0	0.0	0.0
ACH-000415	13	113173350	C[C>T]A	0.0037658629886889697	0.0	0.0	0.0	0.5331202508011228	0.15882768103721925	0.0	0.0	0.0	0.0	0.0	0.0	0.0	0.000795951609981708	0.0	0.0	0.0	0.0	9.446873418588825e-05	0.0	0.0	0.0	0.0	0.0	0.0	0.0	0.0	0.0	0.0	0.0	0.0	0.0	0.0	0.0	0.0	0.0	0.0	0.0	0.0	0.0	0.0	0.0	0.0	0.0	0.0	0.0	0.0	0.0	0.0	0.0	0.0	0.0	0.0	0.0	0.0	0.0	0.0	0.0	0.0	0.0	0.0	0.0	0.0	0.0	0.0	0.0	0.0	0.0	0.0	0.0	0.0	0.0	0.0	0.0	0.0	0.0	0.0	0.0	0.0	0.0	0.30339578482880136	0.0	0.0	0.0	0.0	0.0
ACH-000415	13	113824825	T[C>T]C	4.7737372494549915e-05	0.0	0.0	0.0	0.42967840050130746	0.083362137974309	0.0	0.0	0.0	0.0	0.0	0.0	0.0	0.17379743412339543	0.0	0.0	0.0	0.0	0.014906714845424284	0.0	0.0	0.0	0.0	0.0	0.0	0.0	0.0	0.0	0.0	0.0	0.0	0.0	0.0	0.0	0.0	0.0	0.0	0.0	0.0	0.0	0.0	0.0	0.0	0.0	0.0	0.0	0.0	0.0	0.0	0.0	0.0	0.0	0.0	0.0	0.0	0.0	0.0	0.0	0.0	0.0	0.0	0.0	0.0	0.0	0.0	0.0	0.0	0.0	0.0	0.0	0.0	0.0	0.0	0.0	0.0	0.0	0.0	0.0	0.0	0.0	0.29820757518306934	0.0	0.0	0.0	0.0	0.0
ACH-000415	14	50825793	A[T>C]T	0.006822354778060558	0.0	0.0	0.0	0.6643700177215378	0.003700654086927458	0.0	0.0	0.0	0.0	0.0	0.0	0.0	0.0004991013446388755	0.0	0.0	0.0	0.0	0.002962908055097253	0.0	0.0	0.0	0.0	0.0	0.0	0.0	0.0	0.0	0.0	0.0	0.0	0.0	0.0	0.0	0.0	0.0	0.0	0.0	0.0	0.0	0.0	0.0	0.0	0.0	0.0	0.0	0.0	0.0	0.0	0.0	0.0	0.0	0.0	0.0	0.0	0.0	0.0	0.0	0.0	0.0	0.0	0.0	0.0	0.0	0.0	0.0	0.0	0.0	0.0	0.0	0.0	0.0	0.0	0.0	0.0	0.0	0.0	0.0	0.0	0.0	0.3216449640137381	0.0	0.0	0.0	0.0	0.0
ACH-000415	14	92266654	T[C>T]T	2.579444896513433e-16	0.0	0.0	0.0	0.3545738436636143	0.05015663605105165	0.0	0.0	0.0	0.0	0.0	0.0	0.0	0.41455609589363684	0.0	0.0	0.0	0.0	0.004270353383342397	0.0	0.0	0.0	0.0	0.0	0.0	0.0	0.0	0.0	0.0	0.0	0.0	0.0	0.0	0.0	0.0	0.0	0.0	0.0	0.0	0.0	0.0	0.0	0.0	0.0	0.0	0.0	0.0	0.0	0.0	0.0	0.0	0.0	0.0	0.0	0.0	0.0	0.0	0.0	0.0	0.0	0.0	0.0	0.0	0.0	0.0	0.0	0.0	0.0	0.0	0.0	0.0	0.0	0.0	0.0	0.0	0.0	0.0	0.0	0.0	0.0	0.17644307100835477	0.0	0.0	0.0	0.0	0.0
ACH-000415	15	35275416	T[C>T]A	0.0021793315526933295	0.0	0.0	0.0	0.5816815712421959	0.1461283020528056	0.0	0.0	0.0	0.0	0.0	0.0	0.0	0.015005065324361895	0.0	0.0	0.0	0.0	0.035368018204433194	0.0	0.0	0.0	0.0	0.0	0.0	0.0	0.0	0.0	0.0	0.0	0.0	0.0	0.0	0.0	0.0	0.0	0.0	0.0	0.0	0.0	0.0	0.0	0.0	0.0	0.0	0.0	0.0	0.0	0.0	0.0	0.0	0.0	0.0	0.0	0.0	0.0	0.0	0.0	0.0	0.0	0.0	0.0	0.0	0.0	0.0	0.0	0.0	0.0	0.0	0.0	0.0	0.0	0.0	0.0	0.0	0.0	0.0	0.0	0.0	0.0	0.21963771162351012	0.0	0.0	0.0	0.0	0.0
ACH-000415	15	41863838	G[C>T]A	0.004655285699975081	0.0	0.0	0.0	0.29686154352386046	0.6086840000932552	0.0	0.0	0.0	0.0	0.0	0.0	0.0	0.001065478952378704	0.0	0.0	0.0	0.0	0.019568830823622495	0.0	0.0	0.0	0.0	0.0	0.0	0.0	0.0	0.0	0.0	0.0	0.0	0.0	0.0	0.0	0.0	0.0	0.0	0.0	0.0	0.0	0.0	0.0	0.0	0.0	0.0	0.0	0.0	0.0	0.0	0.0	0.0	0.0	0.0	0.0	0.0	0.0	0.0	0.0	0.0	0.0	0.0	0.0	0.0	0.0	0.0	0.0	0.0	0.0	0.0	0.0	0.0	0.0	0.0	0.0	0.0	0.0	0.0	0.0	0.0	0.0	0.06916486090690797	0.0	0.0	0.0	0.0	0.0
ACH-000415	15	51741252	T[C>G]T	0.0012066142483026232	0.0	0.0	0.0	0.14110511075608093	0.0006140529777960741	0.0	0.0	0.0	0.0	0.0	0.0	0.0	9.397546939020107e-05	0.0	0.0	0.0	0.0	0.7419033200186808	0.0	0.0	0.0	0.0	0.0	0.0	0.0	0.0	0.0	0.0	0.0	0.0	0.0	0.0	0.0	0.0	0.0	0.0	0.0	0.0	0.0	0.0	0.0	0.0	0.0	0.0	0.0	0.0	0.0	0.0	0.0	0.0	0.0	0.0	0.0	0.0	0.0	0.0	0.0	0.0	0.0	0.0	0.0	0.0	0.0	0.0	0.0	0.0	0.0	0.0	0.0	0.0	0.0	0.0	0.0	0.0	0.0	0.0	0.0	0.0	0.0	0.11507692652974942	0.0	0.0	0.0	0.0	0.0
ACH-000415	15	51772214	A[C>T]A	0.024816582370035648	0.0	0.0	0.0	0.4722896451496477	0.39465053355616214	0.0	0.0	0.0	0.0	0.0	0.0	0.0	0.001525628768416527	0.0	0.0	0.0	0.0	0.018526931691044416	0.0	0.0	0.0	0.0	0.0	0.0	0.0	0.0	0.0	0.0	0.0	0.0	0.0	0.0	0.0	0.0	0.0	0.0	0.0	0.0	0.0	0.0	0.0	0.0	0.0	0.0	0.0	0.0	0.0	0.0	0.0	0.0	0.0	0.0	0.0	0.0	0.0	0.0	0.0	0.0	0.0	0.0	0.0	0.0	0.0	0.0	0.0	0.0	0.0	0.0	0.0	0.0	0.0	0.0	0.0	0.0	0.0	0.0	0.0	0.0	0.0	0.0881906784646935	0.0	0.0	0.0	0.0	0.0
ACH-000415	15	51783891	A[C>T]T	0.014076281811072486	0.0	0.0	0.0	0.47177397740888355	0.19411304858079548	0.0	0.0	0.0	0.0	0.0	0.0	0.0	0.03261898422896753	0.0	0.0	0.0	0.0	0.0012145814412446566	0.0	0.0	0.0	0.0	0.0	0.0	0.0	0.0	0.0	0.0	0.0	0.0	0.0	0.0	0.0	0.0	0.0	0.0	0.0	0.0	0.0	0.0	0.0	0.0	0.0	0.0	0.0	0.0	0.0	0.0	0.0	0.0	0.0	0.0	0.0	0.0	0.0	0.0	0.0	0.0	0.0	0.0	0.0	0.0	0.0	0.0	0.0	0.0	0.0	0.0	0.0	0.0	0.0	0.0	0.0	0.0	0.0	0.0	0.0	0.0	0.0	0.2862031265290363	0.0	0.0	0.0	0.0	0.0
ACH-000415	15	51980571	A[T>C]T	0.006822354778060558	0.0	0.0	0.0	0.6643700177215378	0.003700654086927458	0.0	0.0	0.0	0.0	0.0	0.0	0.0	0.0004991013446388755	0.0	0.0	0.0	0.0	0.002962908055097253	0.0	0.0	0.0	0.0	0.0	0.0	0.0	0.0	0.0	0.0	0.0	0.0	0.0	0.0	0.0	0.0	0.0	0.0	0.0	0.0	0.0	0.0	0.0	0.0	0.0	0.0	0.0	0.0	0.0	0.0	0.0	0.0	0.0	0.0	0.0	0.0	0.0	0.0	0.0	0.0	0.0	0.0	0.0	0.0	0.0	0.0	0.0	0.0	0.0	0.0	0.0	0.0	0.0	0.0	0.0	0.0	0.0	0.0	0.0	0.0	0.0	0.3216449640137381	0.0	0.0	0.0	0.0	0.0
ACH-000415	15	54307129	T[C>G]A	2.207115389887336e-16	0.0	0.0	0.0	0.11283327611632461	0.00030497781894165186	0.0	0.0	0.0	0.0	0.0	0.0	0.0	6.152210432080574e-16	0.0	0.0	0.0	0.0	0.815705975795045	0.0	0.0	0.0	0.0	0.0	0.0	0.0	0.0	0.0	0.0	0.0	0.0	0.0	0.0	0.0	0.0	0.0	0.0	0.0	0.0	0.0	0.0	0.0	0.0	0.0	0.0	0.0	0.0	0.0	0.0	0.0	0.0	0.0	0.0	0.0	0.0	0.0	0.0	0.0	0.0	0.0	0.0	0.0	0.0	0.0	0.0	0.0	0.0	0.0	0.0	0.0	0.0	0.0	0.0	0.0	0.0	0.0	0.0	0.0	0.0	0.0	0.07115577026968785	0.0	0.0	0.0	0.0	0.0
ACH-000415	15	60797743	C[C>G]T	8.685638007539884e-16	0.0	0.0	0.0	0.5418208971447828	0.0003477371126964846	0.0	0.0	0.0	0.0	0.0	0.0	0.0	2.4210729082900406e-15	0.0	0.0	0.0	0.0	0.06480836239268006	0.0	0.0	0.0	0.0	0.0	0.0	0.0	0.0	0.0	0.0	0.0	0.0	0.0	0.0	0.0	0.0	0.0	0.0	0.0	0.0	0.0	0.0	0.0	0.0	0.0	0.0	0.0	0.0	0.0	0.0	0.0	0.0	0.0	0.0	0.0	0.0	0.0	0.0	0.0	0.0	0.0	0.0	0.0	0.0	0.0	0.0	0.0	0.0	0.0	0.0	0.0	0.0	0.0	0.0	0.0	0.0	0.0	0.0	0.0	0.0	0.0	0.39302300334983736	0.0	0.0	0.0	0.0	0.0
ACH-000415	15	75093193	T[T>C]G	0.001841643500765176	0.0	0.0	0.0	0.820549395762032	0.05848500972151532	0.0	0.0	0.0	0.0	0.0	0.0	0.0	0.008278728289715211	0.0	0.0	0.0	0.0	0.0011485208294162766	0.0	0.0	0.0	0.0	0.0	0.0	0.0	0.0	0.0	0.0	0.0	0.0	0.0	0.0	0.0	0.0	0.0	0.0	0.0	0.0	0.0	0.0	0.0	0.0	0.0	0.0	0.0	0.0	0.0	0.0	0.0	0.0	0.0	0.0	0.0	0.0	0.0	0.0	0.0	0.0	0.0	0.0	0.0	0.0	0.0	0.0	0.0	0.0	0.0	0.0	0.0	0.0	0.0	0.0	0.0	0.0	0.0	0.0	0.0	0.0	0.0	0.10969670189655605	0.0	0.0	0.0	0.0	0.0
ACH-000415	15	86311974	C[C>T]T	0.000270766597922425	0.0	0.0	0.0	0.46573562384240735	0.11824163173795278	0.0	0.0	0.0	0.0	0.0	0.0	0.0	0.002301074231473801	0.0	0.0	0.0	0.0	0.005206952934963899	0.0	0.0	0.0	0.0	0.0	0.0	0.0	0.0	0.0	0.0	0.0	0.0	0.0	0.0	0.0	0.0	0.0	0.0	0.0	0.0	0.0	0.0	0.0	0.0	0.0	0.0	0.0	0.0	0.0	0.0	0.0	0.0	0.0	0.0	0.0	0.0	0.0	0.0	0.0	0.0	0.0	0.0	0.0	0.0	0.0	0.0	0.0	0.0	0.0	0.0	0.0	0.0	0.0	0.0	0.0	0.0	0.0	0.0	0.0	0.0	0.0	0.4082439506552797	0.0	0.0	0.0	0.0	0.0
ACH-000415	15	86311984	C[C>A]C	0.0017467546516634121	0.0	0.0	0.0	0.08744522301564091	0.02475453850942661	0.0	0.0	0.0	0.0	0.0	0.0	0.0	0.008687218319496825	0.0	0.0	0.0	0.0	0.0024554502720390567	0.0	0.0	0.0	0.0	0.0	0.0	0.0	0.0	0.0	0.0	0.0	0.0	0.0	0.0	0.0	0.0	0.0	0.0	0.0	0.0	0.0	0.0	0.0	0.0	0.0	0.0	0.0	0.0	0.0	0.0	0.0	0.0	0.0	0.0	0.0	0.0	0.0	0.0	0.0	0.0	0.0	0.0	0.0	0.0	0.0	0.0	0.0	0.0	0.0	0.0	0.0	0.0	0.0	0.0	0.0	0.0	0.0	0.0	0.0	0.0	0.0	0.8749108152317332	0.0	0.0	0.0	0.0	0.0
ACH-000415	16	20926947	G[C>T]A	0.004655285699975081	0.0	0.0	0.0	0.29686154352386046	0.6086840000932552	0.0	0.0	0.0	0.0	0.0	0.0	0.0	0.001065478952378704	0.0	0.0	0.0	0.0	0.019568830823622495	0.0	0.0	0.0	0.0	0.0	0.0	0.0	0.0	0.0	0.0	0.0	0.0	0.0	0.0	0.0	0.0	0.0	0.0	0.0	0.0	0.0	0.0	0.0	0.0	0.0	0.0	0.0	0.0	0.0	0.0	0.0	0.0	0.0	0.0	0.0	0.0	0.0	0.0	0.0	0.0	0.0	0.0	0.0	0.0	0.0	0.0	0.0	0.0	0.0	0.0	0.0	0.0	0.0	0.0	0.0	0.0	0.0	0.0	0.0	0.0	0.0	0.06916486090690797	0.0	0.0	0.0	0.0	0.0
ACH-000415	16	31421780	C[C>T]A	0.0037658629886889697	0.0	0.0	0.0	0.5331202508011228	0.15882768103721925	0.0	0.0	0.0	0.0	0.0	0.0	0.0	0.000795951609981708	0.0	0.0	0.0	0.0	9.446873418588825e-05	0.0	0.0	0.0	0.0	0.0	0.0	0.0	0.0	0.0	0.0	0.0	0.0	0.0	0.0	0.0	0.0	0.0	0.0	0.0	0.0	0.0	0.0	0.0	0.0	0.0	0.0	0.0	0.0	0.0	0.0	0.0	0.0	0.0	0.0	0.0	0.0	0.0	0.0	0.0	0.0	0.0	0.0	0.0	0.0	0.0	0.0	0.0	0.0	0.0	0.0	0.0	0.0	0.0	0.0	0.0	0.0	0.0	0.0	0.0	0.0	0.0	0.30339578482880136	0.0	0.0	0.0	0.0	0.0
ACH-000415	16	48138217	T[T>A]T	0.006590841257484056	0.0	0.0	0.0	0.3740721421621052	0.007739646134646899	0.0	0.0	0.0	0.0	0.0	0.0	0.0	0.012464559773793982	0.0	0.0	0.0	0.0	0.00047211343886414356	0.0	0.0	0.0	0.0	0.0	0.0	0.0	0.0	0.0	0.0	0.0	0.0	0.0	0.0	0.0	0.0	0.0	0.0	0.0	0.0	0.0	0.0	0.0	0.0	0.0	0.0	0.0	0.0	0.0	0.0	0.0	0.0	0.0	0.0	0.0	0.0	0.0	0.0	0.0	0.0	0.0	0.0	0.0	0.0	0.0	0.0	0.0	0.0	0.0	0.0	0.0	0.0	0.0	0.0	0.0	0.0	0.0	0.0	0.0	0.0	0.0	0.5986606972331058	0.0	0.0	0.0	0.0	0.0
ACH-000415	16	71883791	A[C>A]A	0.002409547505720079	0.0	0.0	0.0	0.47629064878746924	0.007168750582457929	0.0	0.0	0.0	0.0	0.0	0.0	0.0	0.0013856293734811147	0.0	0.0	0.0	0.0	0.012866204985331293	0.0	0.0	0.0	0.0	0.0	0.0	0.0	0.0	0.0	0.0	0.0	0.0	0.0	0.0	0.0	0.0	0.0	0.0	0.0	0.0	0.0	0.0	0.0	0.0	0.0	0.0	0.0	0.0	0.0	0.0	0.0	0.0	0.0	0.0	0.0	0.0	0.0	0.0	0.0	0.0	0.0	0.0	0.0	0.0	0.0	0.0	0.0	0.0	0.0	0.0	0.0	0.0	0.0	0.0	0.0	0.0	0.0	0.0	0.0	0.0	0.0	0.4998792187655403	0.0	0.0	0.0	0.0	0.0
ACH-000415	16	74502948	A[T>A]C	0.012813211279127046	0.0	0.0	0.0	0.5811325916031757	0.01945799577885278	0.0	0.0	0.0	0.0	0.0	0.0	0.0	0.005420726533775335	0.0	0.0	0.0	0.0	0.0009738609538564529	0.0	0.0	0.0	0.0	0.0	0.0	0.0	0.0	0.0	0.0	0.0	0.0	0.0	0.0	0.0	0.0	0.0	0.0	0.0	0.0	0.0	0.0	0.0	0.0	0.0	0.0	0.0	0.0	0.0	0.0	0.0	0.0	0.0	0.0	0.0	0.0	0.0	0.0	0.0	0.0	0.0	0.0	0.0	0.0	0.0	0.0	0.0	0.0	0.0	0.0	0.0	0.0	0.0	0.0	0.0	0.0	0.0	0.0	0.0	0.0	0.0	0.38020161385121287	0.0	0.0	0.0	0.0	0.0
ACH-000415	17	7578275	T[C>T]A	0.0021793315526933295	0.0	0.0	0.0	0.5816815712421959	0.1461283020528056	0.0	0.0	0.0	0.0	0.0	0.0	0.0	0.015005065324361895	0.0	0.0	0.0	0.0	0.035368018204433194	0.0	0.0	0.0	0.0	0.0	0.0	0.0	0.0	0.0	0.0	0.0	0.0	0.0	0.0	0.0	0.0	0.0	0.0	0.0	0.0	0.0	0.0	0.0	0.0	0.0	0.0	0.0	0.0	0.0	0.0	0.0	0.0	0.0	0.0	0.0	0.0	0.0	0.0	0.0	0.0	0.0	0.0	0.0	0.0	0.0	0.0	0.0	0.0	0.0	0.0	0.0	0.0	0.0	0.0	0.0	0.0	0.0	0.0	0.0	0.0	0.0	0.21963771162351012	0.0	0.0	0.0	0.0	0.0
ACH-000415	17	7761976	C[C>T]G	0.13557322778853023	0.0	0.0	0.0	0.1766626720907914	0.5233960036100253	0.0	0.0	0.0	0.0	0.0	0.0	0.0	0.007164640192898836	0.0	0.0	0.0	0.0	0.0035780627465558244	0.0	0.0	0.0	0.0	0.0	0.0	0.0	0.0	0.0	0.0	0.0	0.0	0.0	0.0	0.0	0.0	0.0	0.0	0.0	0.0	0.0	0.0	0.0	0.0	0.0	0.0	0.0	0.0	0.0	0.0	0.0	0.0	0.0	0.0	0.0	0.0	0.0	0.0	0.0	0.0	0.0	0.0	0.0	0.0	0.0	0.0	0.0	0.0	0.0	0.0	0.0	0.0	0.0	0.0	0.0	0.0	0.0	0.0	0.0	0.0	0.0	0.15362539357119848	0.0	0.0	0.0	0.0	0.0
ACH-000415	17	10405159	C[C>A]C	0.0017467546516634121	0.0	0.0	0.0	0.08744522301564091	0.02475453850942661	0.0	0.0	0.0	0.0	0.0	0.0	0.0	0.008687218319496825	0.0	0.0	0.0	0.0	0.0024554502720390567	0.0	0.0	0.0	0.0	0.0	0.0	0.0	0.0	0.0	0.0	0.0	0.0	0.0	0.0	0.0	0.0	0.0	0.0	0.0	0.0	0.0	0.0	0.0	0.0	0.0	0.0	0.0	0.0	0.0	0.0	0.0	0.0	0.0	0.0	0.0	0.0	0.0	0.0	0.0	0.0	0.0	0.0	0.0	0.0	0.0	0.0	0.0	0.0	0.0	0.0	0.0	0.0	0.0	0.0	0.0	0.0	0.0	0.0	0.0	0.0	0.0	0.8749108152317332	0.0	0.0	0.0	0.0	0.0
ACH-000415	17	15978966	C[C>T]T	0.000270766597922425	0.0	0.0	0.0	0.46573562384240735	0.11824163173795278	0.0	0.0	0.0	0.0	0.0	0.0	0.0	0.002301074231473801	0.0	0.0	0.0	0.0	0.005206952934963899	0.0	0.0	0.0	0.0	0.0	0.0	0.0	0.0	0.0	0.0	0.0	0.0	0.0	0.0	0.0	0.0	0.0	0.0	0.0	0.0	0.0	0.0	0.0	0.0	0.0	0.0	0.0	0.0	0.0	0.0	0.0	0.0	0.0	0.0	0.0	0.0	0.0	0.0	0.0	0.0	0.0	0.0	0.0	0.0	0.0	0.0	0.0	0.0	0.0	0.0	0.0	0.0	0.0	0.0	0.0	0.0	0.0	0.0	0.0	0.0	0.0	0.4082439506552797	0.0	0.0	0.0	0.0	0.0
ACH-000415	17	26646371	G[C>G]G	0.005331208911545838	0.0	0.0	0.0	0.7077578332556769	4.419635091370599e-14	0.0	0.0	0.0	0.0	0.0	0.0	0.0	1.9959642348125285e-14	0.0	0.0	0.0	0.0	0.020119274532760852	0.0	0.0	0.0	0.0	0.0	0.0	0.0	0.0	0.0	0.0	0.0	0.0	0.0	0.0	0.0	0.0	0.0	0.0	0.0	0.0	0.0	0.0	0.0	0.0	0.0	0.0	0.0	0.0	0.0	0.0	0.0	0.0	0.0	0.0	0.0	0.0	0.0	0.0	0.0	0.0	0.0	0.0	0.0	0.0	0.0	0.0	0.0	0.0	0.0	0.0	0.0	0.0	0.0	0.0	0.0	0.0	0.0	0.0	0.0	0.0	0.0	0.26679168329995245	0.0	0.0	0.0	0.0	0.0
ACH-000415	17	36891670	G[T>G]G	0.0032031648050885237	0.0	0.0	0.0	0.7119746494567818	0.015642372089320625	0.0	0.0	0.0	0.0	0.0	0.0	0.0	0.04457802076404177	0.0	0.0	0.0	0.0	0.010192629766463094	0.0	0.0	0.0	0.0	0.0	0.0	0.0	0.0	0.0	0.0	0.0	0.0	0.0	0.0	0.0	0.0	0.0	0.0	0.0	0.0	0.0	0.0	0.0	0.0	0.0	0.0	0.0	0.0	0.0	0.0	0.0	0.0	0.0	0.0	0.0	0.0	0.0	0.0	0.0	0.0	0.0	0.0	0.0	0.0	0.0	0.0	0.0	0.0	0.0	0.0	0.0	0.0	0.0	0.0	0.0	0.0	0.0	0.0	0.0	0.0	0.0	0.21440916311830424	0.0	0.0	0.0	0.0	0.0
ACH-000415	17	41833124	C[C>G]G	0.005844921134388857	0.0	0.0	0.0	0.6034271397281974	0.008677183223692646	0.0	0.0	0.0	0.0	0.0	0.0	0.0	1.0319781678045667e-14	0.0	0.0	0.0	0.0	0.02106366720242072	0.0	0.0	0.0	0.0	0.0	0.0	0.0	0.0	0.0	0.0	0.0	0.0	0.0	0.0	0.0	0.0	0.0	0.0	0.0	0.0	0.0	0.0	0.0	0.0	0.0	0.0	0.0	0.0	0.0	0.0	0.0	0.0	0.0	0.0	0.0	0.0	0.0	0.0	0.0	0.0	0.0	0.0	0.0	0.0	0.0	0.0	0.0	0.0	0.0	0.0	0.0	0.0	0.0	0.0	0.0	0.0	0.0	0.0	0.0	0.0	0.0	0.36098708871129004	0.0	0.0	0.0	0.0	0.0
ACH-000415	17	42452040	T[C>T]G	0.056380490729478455	0.0	0.0	0.0	0.11893842262519502	0.16530736871658822	0.0	0.0	0.0	0.0	0.0	0.0	0.0	0.6270359151029994	0.0	0.0	0.0	0.0	0.0015854785326826198	0.0	0.0	0.0	0.0	0.0	0.0	0.0	0.0	0.0	0.0	0.0	0.0	0.0	0.0	0.0	0.0	0.0	0.0	0.0	0.0	0.0	0.0	0.0	0.0	0.0	0.0	0.0	0.0	0.0	0.0	0.0	0.0	0.0	0.0	0.0	0.0	0.0	0.0	0.0	0.0	0.0	0.0	0.0	0.0	0.0	0.0	0.0	0.0	0.0	0.0	0.0	0.0	0.0	0.0	0.0	0.0	0.0	0.0	0.0	0.0	0.0	0.03075232429305641	0.0	0.0	0.0	0.0	0.0
ACH-000415	17	45757408	C[C>G]A	0.00010708557505654083	0.0	0.0	0.0	0.45142869184176193	0.0011322633292907773	0.0	0.0	0.0	0.0	0.0	0.0	0.0	0.0003720001802379086	0.0	0.0	0.0	0.0	0.0648083579841661	0.0	0.0	0.0	0.0	0.0	0.0	0.0	0.0	0.0	0.0	0.0	0.0	0.0	0.0	0.0	0.0	0.0	0.0	0.0	0.0	0.0	0.0	0.0	0.0	0.0	0.0	0.0	0.0	0.0	0.0	0.0	0.0	0.0	0.0	0.0	0.0	0.0	0.0	0.0	0.0	0.0	0.0	0.0	0.0	0.0	0.0	0.0	0.0	0.0	0.0	0.0	0.0	0.0	0.0	0.0	0.0	0.0	0.0	0.0	0.0	0.0	0.48215160108948674	0.0	0.0	0.0	0.0	0.0
ACH-000415	17	47688718	C[C>A]C	0.0017467546516634121	0.0	0.0	0.0	0.08744522301564091	0.02475453850942661	0.0	0.0	0.0	0.0	0.0	0.0	0.0	0.008687218319496825	0.0	0.0	0.0	0.0	0.0024554502720390567	0.0	0.0	0.0	0.0	0.0	0.0	0.0	0.0	0.0	0.0	0.0	0.0	0.0	0.0	0.0	0.0	0.0	0.0	0.0	0.0	0.0	0.0	0.0	0.0	0.0	0.0	0.0	0.0	0.0	0.0	0.0	0.0	0.0	0.0	0.0	0.0	0.0	0.0	0.0	0.0	0.0	0.0	0.0	0.0	0.0	0.0	0.0	0.0	0.0	0.0	0.0	0.0	0.0	0.0	0.0	0.0	0.0	0.0	0.0	0.0	0.0	0.8749108152317332	0.0	0.0	0.0	0.0	0.0
ACH-000415	17	56247247	C[T>G]G	0.0010133130222523916	0.0	0.0	0.0	0.7082426670814731	0.045368823492916495	0.0	0.0	0.0	0.0	0.0	0.0	0.0	0.010615557864677999	0.0	0.0	0.0	0.0	4.568587491654472e-15	0.0	0.0	0.0	0.0	0.0	0.0	0.0	0.0	0.0	0.0	0.0	0.0	0.0	0.0	0.0	0.0	0.0	0.0	0.0	0.0	0.0	0.0	0.0	0.0	0.0	0.0	0.0	0.0	0.0	0.0	0.0	0.0	0.0	0.0	0.0	0.0	0.0	0.0	0.0	0.0	0.0	0.0	0.0	0.0	0.0	0.0	0.0	0.0	0.0	0.0	0.0	0.0	0.0	0.0	0.0	0.0	0.0	0.0	0.0	0.0	0.0	0.23475963853867557	0.0	0.0	0.0	0.0	0.0
ACH-000415	17	57917187	T[T>G]C	0.0004314454589264498	0.0	0.0	0.0	0.749797746825496	0.013940726290806605	0.0	0.0	0.0	0.0	0.0	0.0	0.0	0.12168000370288205	0.0	0.0	0.0	0.0	4.5196065134727195e-15	0.0	0.0	0.0	0.0	0.0	0.0	0.0	0.0	0.0	0.0	0.0	0.0	0.0	0.0	0.0	0.0	0.0	0.0	0.0	0.0	0.0	0.0	0.0	0.0	0.0	0.0	0.0	0.0	0.0	0.0	0.0	0.0	0.0	0.0	0.0	0.0	0.0	0.0	0.0	0.0	0.0	0.0	0.0	0.0	0.0	0.0	0.0	0.0	0.0	0.0	0.0	0.0	0.0	0.0	0.0	0.0	0.0	0.0	0.0	0.0	0.0	0.11415007772188426	0.0	0.0	0.0	0.0	0.0
ACH-000415	17	61914399	C[C>T]C	0.00046167422044797956	0.0	0.0	0.0	0.474148380313732	0.15695899718013281	0.0	0.0	0.0	0.0	0.0	0.0	0.0	0.00040401281170853533	0.0	0.0	0.0	0.0	0.006000435822324147	0.0	0.0	0.0	0.0	0.0	0.0	0.0	0.0	0.0	0.0	0.0	0.0	0.0	0.0	0.0	0.0	0.0	0.0	0.0	0.0	0.0	0.0	0.0	0.0	0.0	0.0	0.0	0.0	0.0	0.0	0.0	0.0	0.0	0.0	0.0	0.0	0.0	0.0	0.0	0.0	0.0	0.0	0.0	0.0	0.0	0.0	0.0	0.0	0.0	0.0	0.0	0.0	0.0	0.0	0.0	0.0	0.0	0.0	0.0	0.0	0.0	0.3620264996516545	0.0	0.0	0.0	0.0	0.0
ACH-000415	17	66036843	G[C>G]T	1.476985111968875e-15	0.0	0.0	0.0	0.6496904991606688	0.013188822672621682	0.0	0.0	0.0	0.0	0.0	0.0	0.0	0.0020955597233646857	0.0	0.0	0.0	0.0	0.04649317716066304	0.0	0.0	0.0	0.0	0.0	0.0	0.0	0.0	0.0	0.0	0.0	0.0	0.0	0.0	0.0	0.0	0.0	0.0	0.0	0.0	0.0	0.0	0.0	0.0	0.0	0.0	0.0	0.0	0.0	0.0	0.0	0.0	0.0	0.0	0.0	0.0	0.0	0.0	0.0	0.0	0.0	0.0	0.0	0.0	0.0	0.0	0.0	0.0	0.0	0.0	0.0	0.0	0.0	0.0	0.0	0.0	0.0	0.0	0.0	0.0	0.0	0.2885319412826803	0.0	0.0	0.0	0.0	0.0
ACH-000415	17	66872639	A[C>T]G	0.2476354891813735	0.0	0.0	0.0	0.06119238105427301	0.5049565074982683	0.0	0.0	0.0	0.0	0.0	0.0	0.0	0.0007863121155298085	0.0	0.0	0.0	0.0	0.0005343677403751868	0.0	0.0	0.0	0.0	0.0	0.0	0.0	0.0	0.0	0.0	0.0	0.0	0.0	0.0	0.0	0.0	0.0	0.0	0.0	0.0	0.0	0.0	0.0	0.0	0.0	0.0	0.0	0.0	0.0	0.0	0.0	0.0	0.0	0.0	0.0	0.0	0.0	0.0	0.0	0.0	0.0	0.0	0.0	0.0	0.0	0.0	0.0	0.0	0.0	0.0	0.0	0.0	0.0	0.0	0.0	0.0	0.0	0.0	0.0	0.0	0.0	0.18489494241018017	0.0	0.0	0.0	0.0	0.0
ACH-000415	17	67293375	A[T>A]A	0.0033559485775409097	0.0	0.0	0.0	0.4518253359821273	0.002556191801040419	0.0	0.0	0.0	0.0	0.0	0.0	0.0	0.021373305031791915	0.0	0.0	0.0	0.0	2.420887191219325e-15	0.0	0.0	0.0	0.0	0.0	0.0	0.0	0.0	0.0	0.0	0.0	0.0	0.0	0.0	0.0	0.0	0.0	0.0	0.0	0.0	0.0	0.0	0.0	0.0	0.0	0.0	0.0	0.0	0.0	0.0	0.0	0.0	0.0	0.0	0.0	0.0	0.0	0.0	0.0	0.0	0.0	0.0	0.0	0.0	0.0	0.0	0.0	0.0	0.0	0.0	0.0	0.0	0.0	0.0	0.0	0.0	0.0	0.0	0.0	0.0	0.0	0.5208892186074972	0.0	0.0	0.0	0.0	0.0
ACH-000415	18	21119949	A[T>A]C	0.012813211279127046	0.0	0.0	0.0	0.5811325916031757	0.01945799577885278	0.0	0.0	0.0	0.0	0.0	0.0	0.0	0.005420726533775335	0.0	0.0	0.0	0.0	0.0009738609538564529	0.0	0.0	0.0	0.0	0.0	0.0	0.0	0.0	0.0	0.0	0.0	0.0	0.0	0.0	0.0	0.0	0.0	0.0	0.0	0.0	0.0	0.0	0.0	0.0	0.0	0.0	0.0	0.0	0.0	0.0	0.0	0.0	0.0	0.0	0.0	0.0	0.0	0.0	0.0	0.0	0.0	0.0	0.0	0.0	0.0	0.0	0.0	0.0	0.0	0.0	0.0	0.0	0.0	0.0	0.0	0.0	0.0	0.0	0.0	0.0	0.0	0.38020161385121287	0.0	0.0	0.0	0.0	0.0
ACH-000415	18	21723361	A[T>C]T	0.006822354778060558	0.0	0.0	0.0	0.6643700177215378	0.003700654086927458	0.0	0.0	0.0	0.0	0.0	0.0	0.0	0.0004991013446388755	0.0	0.0	0.0	0.0	0.002962908055097253	0.0	0.0	0.0	0.0	0.0	0.0	0.0	0.0	0.0	0.0	0.0	0.0	0.0	0.0	0.0	0.0	0.0	0.0	0.0	0.0	0.0	0.0	0.0	0.0	0.0	0.0	0.0	0.0	0.0	0.0	0.0	0.0	0.0	0.0	0.0	0.0	0.0	0.0	0.0	0.0	0.0	0.0	0.0	0.0	0.0	0.0	0.0	0.0	0.0	0.0	0.0	0.0	0.0	0.0	0.0	0.0	0.0	0.0	0.0	0.0	0.0	0.3216449640137381	0.0	0.0	0.0	0.0	0.0
ACH-000415	18	29672814	T[C>G]A	2.207115389887336e-16	0.0	0.0	0.0	0.11283327611632461	0.00030497781894165186	0.0	0.0	0.0	0.0	0.0	0.0	0.0	6.152210432080574e-16	0.0	0.0	0.0	0.0	0.815705975795045	0.0	0.0	0.0	0.0	0.0	0.0	0.0	0.0	0.0	0.0	0.0	0.0	0.0	0.0	0.0	0.0	0.0	0.0	0.0	0.0	0.0	0.0	0.0	0.0	0.0	0.0	0.0	0.0	0.0	0.0	0.0	0.0	0.0	0.0	0.0	0.0	0.0	0.0	0.0	0.0	0.0	0.0	0.0	0.0	0.0	0.0	0.0	0.0	0.0	0.0	0.0	0.0	0.0	0.0	0.0	0.0	0.0	0.0	0.0	0.0	0.0	0.07115577026968785	0.0	0.0	0.0	0.0	0.0
ACH-000415	18	43249385	A[C>A]C	0.005006168354683266	0.0	0.0	0.0	0.3025042276641225	0.00713599019764705	0.0	0.0	0.0	0.0	0.0	0.0	0.0	0.04019973001374396	0.0	0.0	0.0	0.0	0.004115122833216968	0.0	0.0	0.0	0.0	0.0	0.0	0.0	0.0	0.0	0.0	0.0	0.0	0.0	0.0	0.0	0.0	0.0	0.0	0.0	0.0	0.0	0.0	0.0	0.0	0.0	0.0	0.0	0.0	0.0	0.0	0.0	0.0	0.0	0.0	0.0	0.0	0.0	0.0	0.0	0.0	0.0	0.0	0.0	0.0	0.0	0.0	0.0	0.0	0.0	0.0	0.0	0.0	0.0	0.0	0.0	0.0	0.0	0.0	0.0	0.0	0.0	0.6410387609365862	0.0	0.0	0.0	0.0	0.0
ACH-000415	18	43252915	A[C>A]C	0.005006168354683266	0.0	0.0	0.0	0.3025042276641225	0.00713599019764705	0.0	0.0	0.0	0.0	0.0	0.0	0.0	0.04019973001374396	0.0	0.0	0.0	0.0	0.004115122833216968	0.0	0.0	0.0	0.0	0.0	0.0	0.0	0.0	0.0	0.0	0.0	0.0	0.0	0.0	0.0	0.0	0.0	0.0	0.0	0.0	0.0	0.0	0.0	0.0	0.0	0.0	0.0	0.0	0.0	0.0	0.0	0.0	0.0	0.0	0.0	0.0	0.0	0.0	0.0	0.0	0.0	0.0	0.0	0.0	0.0	0.0	0.0	0.0	0.0	0.0	0.0	0.0	0.0	0.0	0.0	0.0	0.0	0.0	0.0	0.0	0.0	0.6410387609365862	0.0	0.0	0.0	0.0	0.0
ACH-000415	18	45556158	A[C>T]G	0.2476354891813735	0.0	0.0	0.0	0.06119238105427301	0.5049565074982683	0.0	0.0	0.0	0.0	0.0	0.0	0.0	0.0007863121155298085	0.0	0.0	0.0	0.0	0.0005343677403751868	0.0	0.0	0.0	0.0	0.0	0.0	0.0	0.0	0.0	0.0	0.0	0.0	0.0	0.0	0.0	0.0	0.0	0.0	0.0	0.0	0.0	0.0	0.0	0.0	0.0	0.0	0.0	0.0	0.0	0.0	0.0	0.0	0.0	0.0	0.0	0.0	0.0	0.0	0.0	0.0	0.0	0.0	0.0	0.0	0.0	0.0	0.0	0.0	0.0	0.0	0.0	0.0	0.0	0.0	0.0	0.0	0.0	0.0	0.0	0.0	0.0	0.18489494241018017	0.0	0.0	0.0	0.0	0.0
ACH-000415	19	9060666	A[T>C]G	0.00017099946715147315	0.0	0.0	0.0	0.8993742050796566	0.04242352795247656	0.0	0.0	0.0	0.0	0.0	0.0	0.0	0.002398048049606713	0.0	0.0	0.0	0.0	0.0017947703682592937	0.0	0.0	0.0	0.0	0.0	0.0	0.0	0.0	0.0	0.0	0.0	0.0	0.0	0.0	0.0	0.0	0.0	0.0	0.0	0.0	0.0	0.0	0.0	0.0	0.0	0.0	0.0	0.0	0.0	0.0	0.0	0.0	0.0	0.0	0.0	0.0	0.0	0.0	0.0	0.0	0.0	0.0	0.0	0.0	0.0	0.0	0.0	0.0	0.0	0.0	0.0	0.0	0.0	0.0	0.0	0.0	0.0	0.0	0.0	0.0	0.0	0.05383844908284937	0.0	0.0	0.0	0.0	0.0
ACH-000415	19	10106792	T[C>G]T	0.0012066142483026232	0.0	0.0	0.0	0.14110511075608093	0.0006140529777960741	0.0	0.0	0.0	0.0	0.0	0.0	0.0	9.397546939020107e-05	0.0	0.0	0.0	0.0	0.7419033200186808	0.0	0.0	0.0	0.0	0.0	0.0	0.0	0.0	0.0	0.0	0.0	0.0	0.0	0.0	0.0	0.0	0.0	0.0	0.0	0.0	0.0	0.0	0.0	0.0	0.0	0.0	0.0	0.0	0.0	0.0	0.0	0.0	0.0	0.0	0.0	0.0	0.0	0.0	0.0	0.0	0.0	0.0	0.0	0.0	0.0	0.0	0.0	0.0	0.0	0.0	0.0	0.0	0.0	0.0	0.0	0.0	0.0	0.0	0.0	0.0	0.0	0.11507692652974942	0.0	0.0	0.0	0.0	0.0
ACH-000415	19	13080787	G[C>T]C	7.444476546111182e-05	0.0	0.0	0.0	0.2529332644661922	0.5523813526025514	0.0	0.0	0.0	0.0	0.0	0.0	0.0	0.03391681790655575	0.0	0.0	0.0	0.0	0.001920878228029959	0.0	0.0	0.0	0.0	0.0	0.0	0.0	0.0	0.0	0.0	0.0	0.0	0.0	0.0	0.0	0.0	0.0	0.0	0.0	0.0	0.0	0.0	0.0	0.0	0.0	0.0	0.0	0.0	0.0	0.0	0.0	0.0	0.0	0.0	0.0	0.0	0.0	0.0	0.0	0.0	0.0	0.0	0.0	0.0	0.0	0.0	0.0	0.0	0.0	0.0	0.0	0.0	0.0	0.0	0.0	0.0	0.0	0.0	0.0	0.0	0.0	0.15877324203120965	0.0	0.0	0.0	0.0	0.0
ACH-000415	19	16060235	C[C>T]G	0.13557322778853023	0.0	0.0	0.0	0.1766626720907914	0.5233960036100253	0.0	0.0	0.0	0.0	0.0	0.0	0.0	0.007164640192898836	0.0	0.0	0.0	0.0	0.0035780627465558244	0.0	0.0	0.0	0.0	0.0	0.0	0.0	0.0	0.0	0.0	0.0	0.0	0.0	0.0	0.0	0.0	0.0	0.0	0.0	0.0	0.0	0.0	0.0	0.0	0.0	0.0	0.0	0.0	0.0	0.0	0.0	0.0	0.0	0.0	0.0	0.0	0.0	0.0	0.0	0.0	0.0	0.0	0.0	0.0	0.0	0.0	0.0	0.0	0.0	0.0	0.0	0.0	0.0	0.0	0.0	0.0	0.0	0.0	0.0	0.0	0.0	0.15362539357119848	0.0	0.0	0.0	0.0	0.0
ACH-000415	19	19349079	C[C>T]G	0.13557322778853023	0.0	0.0	0.0	0.1766626720907914	0.5233960036100253	0.0	0.0	0.0	0.0	0.0	0.0	0.0	0.007164640192898836	0.0	0.0	0.0	0.0	0.0035780627465558244	0.0	0.0	0.0	0.0	0.0	0.0	0.0	0.0	0.0	0.0	0.0	0.0	0.0	0.0	0.0	0.0	0.0	0.0	0.0	0.0	0.0	0.0	0.0	0.0	0.0	0.0	0.0	0.0	0.0	0.0	0.0	0.0	0.0	0.0	0.0	0.0	0.0	0.0	0.0	0.0	0.0	0.0	0.0	0.0	0.0	0.0	0.0	0.0	0.0	0.0	0.0	0.0	0.0	0.0	0.0	0.0	0.0	0.0	0.0	0.0	0.0	0.15362539357119848	0.0	0.0	0.0	0.0	0.0
ACH-000415	19	20044658	T[T>C]G	0.001841643500765176	0.0	0.0	0.0	0.820549395762032	0.05848500972151532	0.0	0.0	0.0	0.0	0.0	0.0	0.0	0.008278728289715211	0.0	0.0	0.0	0.0	0.0011485208294162766	0.0	0.0	0.0	0.0	0.0	0.0	0.0	0.0	0.0	0.0	0.0	0.0	0.0	0.0	0.0	0.0	0.0	0.0	0.0	0.0	0.0	0.0	0.0	0.0	0.0	0.0	0.0	0.0	0.0	0.0	0.0	0.0	0.0	0.0	0.0	0.0	0.0	0.0	0.0	0.0	0.0	0.0	0.0	0.0	0.0	0.0	0.0	0.0	0.0	0.0	0.0	0.0	0.0	0.0	0.0	0.0	0.0	0.0	0.0	0.0	0.0	0.10969670189655605	0.0	0.0	0.0	0.0	0.0
ACH-000415	19	43026311	C[T>C]G	0.0008569417133204864	0.0	0.0	0.0	0.7226049391236393	0.07854400584024959	0.0	0.0	0.0	0.0	0.0	0.0	0.0	0.0001685971132121602	0.0	0.0	0.0	0.0	1.3737189969799389e-15	0.0	0.0	0.0	0.0	0.0	0.0	0.0	0.0	0.0	0.0	0.0	0.0	0.0	0.0	0.0	0.0	0.0	0.0	0.0	0.0	0.0	0.0	0.0	0.0	0.0	0.0	0.0	0.0	0.0	0.0	0.0	0.0	0.0	0.0	0.0	0.0	0.0	0.0	0.0	0.0	0.0	0.0	0.0	0.0	0.0	0.0	0.0	0.0	0.0	0.0	0.0	0.0	0.0	0.0	0.0	0.0	0.0	0.0	0.0	0.0	0.0	0.1978255162095771	0.0	0.0	0.0	0.0	0.0
ACH-000415	19	43031257	A[C>T]A	0.024816582370035648	0.0	0.0	0.0	0.4722896451496477	0.39465053355616214	0.0	0.0	0.0	0.0	0.0	0.0	0.0	0.001525628768416527	0.0	0.0	0.0	0.0	0.018526931691044416	0.0	0.0	0.0	0.0	0.0	0.0	0.0	0.0	0.0	0.0	0.0	0.0	0.0	0.0	0.0	0.0	0.0	0.0	0.0	0.0	0.0	0.0	0.0	0.0	0.0	0.0	0.0	0.0	0.0	0.0	0.0	0.0	0.0	0.0	0.0	0.0	0.0	0.0	0.0	0.0	0.0	0.0	0.0	0.0	0.0	0.0	0.0	0.0	0.0	0.0	0.0	0.0	0.0	0.0	0.0	0.0	0.0	0.0	0.0	0.0	0.0	0.0881906784646935	0.0	0.0	0.0	0.0	0.0
ACH-000415	19	48259824	C[C>T]A	0.0037658629886889697	0.0	0.0	0.0	0.5331202508011228	0.15882768103721925	0.0	0.0	0.0	0.0	0.0	0.0	0.0	0.000795951609981708	0.0	0.0	0.0	0.0	9.446873418588825e-05	0.0	0.0	0.0	0.0	0.0	0.0	0.0	0.0	0.0	0.0	0.0	0.0	0.0	0.0	0.0	0.0	0.0	0.0	0.0	0.0	0.0	0.0	0.0	0.0	0.0	0.0	0.0	0.0	0.0	0.0	0.0	0.0	0.0	0.0	0.0	0.0	0.0	0.0	0.0	0.0	0.0	0.0	0.0	0.0	0.0	0.0	0.0	0.0	0.0	0.0	0.0	0.0	0.0	0.0	0.0	0.0	0.0	0.0	0.0	0.0	0.0	0.30339578482880136	0.0	0.0	0.0	0.0	0.0
ACH-000415	19	48558187	T[T>A]T	0.006590841257484056	0.0	0.0	0.0	0.3740721421621052	0.007739646134646899	0.0	0.0	0.0	0.0	0.0	0.0	0.0	0.012464559773793982	0.0	0.0	0.0	0.0	0.00047211343886414356	0.0	0.0	0.0	0.0	0.0	0.0	0.0	0.0	0.0	0.0	0.0	0.0	0.0	0.0	0.0	0.0	0.0	0.0	0.0	0.0	0.0	0.0	0.0	0.0	0.0	0.0	0.0	0.0	0.0	0.0	0.0	0.0	0.0	0.0	0.0	0.0	0.0	0.0	0.0	0.0	0.0	0.0	0.0	0.0	0.0	0.0	0.0	0.0	0.0	0.0	0.0	0.0	0.0	0.0	0.0	0.0	0.0	0.0	0.0	0.0	0.0	0.5986606972331058	0.0	0.0	0.0	0.0	0.0
ACH-000415	19	52034851	G[C>T]C	7.444476546111182e-05	0.0	0.0	0.0	0.2529332644661922	0.5523813526025514	0.0	0.0	0.0	0.0	0.0	0.0	0.0	0.03391681790655575	0.0	0.0	0.0	0.0	0.001920878228029959	0.0	0.0	0.0	0.0	0.0	0.0	0.0	0.0	0.0	0.0	0.0	0.0	0.0	0.0	0.0	0.0	0.0	0.0	0.0	0.0	0.0	0.0	0.0	0.0	0.0	0.0	0.0	0.0	0.0	0.0	0.0	0.0	0.0	0.0	0.0	0.0	0.0	0.0	0.0	0.0	0.0	0.0	0.0	0.0	0.0	0.0	0.0	0.0	0.0	0.0	0.0	0.0	0.0	0.0	0.0	0.0	0.0	0.0	0.0	0.0	0.0	0.15877324203120965	0.0	0.0	0.0	0.0	0.0
ACH-000415	19	54610461	T[C>T]T	2.579444896513433e-16	0.0	0.0	0.0	0.3545738436636143	0.05015663605105165	0.0	0.0	0.0	0.0	0.0	0.0	0.0	0.41455609589363684	0.0	0.0	0.0	0.0	0.004270353383342397	0.0	0.0	0.0	0.0	0.0	0.0	0.0	0.0	0.0	0.0	0.0	0.0	0.0	0.0	0.0	0.0	0.0	0.0	0.0	0.0	0.0	0.0	0.0	0.0	0.0	0.0	0.0	0.0	0.0	0.0	0.0	0.0	0.0	0.0	0.0	0.0	0.0	0.0	0.0	0.0	0.0	0.0	0.0	0.0	0.0	0.0	0.0	0.0	0.0	0.0	0.0	0.0	0.0	0.0	0.0	0.0	0.0	0.0	0.0	0.0	0.0	0.17644307100835477	0.0	0.0	0.0	0.0	0.0
ACH-000415	19	57803254	A[C>A]A	0.002409547505720079	0.0	0.0	0.0	0.47629064878746924	0.007168750582457929	0.0	0.0	0.0	0.0	0.0	0.0	0.0	0.0013856293734811147	0.0	0.0	0.0	0.0	0.012866204985331293	0.0	0.0	0.0	0.0	0.0	0.0	0.0	0.0	0.0	0.0	0.0	0.0	0.0	0.0	0.0	0.0	0.0	0.0	0.0	0.0	0.0	0.0	0.0	0.0	0.0	0.0	0.0	0.0	0.0	0.0	0.0	0.0	0.0	0.0	0.0	0.0	0.0	0.0	0.0	0.0	0.0	0.0	0.0	0.0	0.0	0.0	0.0	0.0	0.0	0.0	0.0	0.0	0.0	0.0	0.0	0.0	0.0	0.0	0.0	0.0	0.0	0.4998792187655403	0.0	0.0	0.0	0.0	0.0
ACH-000415	20	746216	G[C>G]A	8.787081548272992e-05	0.0	0.0	0.0	0.6259474737109395	0.0011020961090993488	0.0	0.0	0.0	0.0	0.0	0.0	0.0	0.00044127825585487735	0.0	0.0	0.0	0.0	0.03573317015127319	0.0	0.0	0.0	0.0	0.0	0.0	0.0	0.0	0.0	0.0	0.0	0.0	0.0	0.0	0.0	0.0	0.0	0.0	0.0	0.0	0.0	0.0	0.0	0.0	0.0	0.0	0.0	0.0	0.0	0.0	0.0	0.0	0.0	0.0	0.0	0.0	0.0	0.0	0.0	0.0	0.0	0.0	0.0	0.0	0.0	0.0	0.0	0.0	0.0	0.0	0.0	0.0	0.0	0.0	0.0	0.0	0.0	0.0	0.0	0.0	0.0	0.3366881109573503	0.0	0.0	0.0	0.0	0.0
ACH-000415	20	2377245	T[C>T]G	0.056380490729478455	0.0	0.0	0.0	0.11893842262519502	0.16530736871658822	0.0	0.0	0.0	0.0	0.0	0.0	0.0	0.6270359151029994	0.0	0.0	0.0	0.0	0.0015854785326826198	0.0	0.0	0.0	0.0	0.0	0.0	0.0	0.0	0.0	0.0	0.0	0.0	0.0	0.0	0.0	0.0	0.0	0.0	0.0	0.0	0.0	0.0	0.0	0.0	0.0	0.0	0.0	0.0	0.0	0.0	0.0	0.0	0.0	0.0	0.0	0.0	0.0	0.0	0.0	0.0	0.0	0.0	0.0	0.0	0.0	0.0	0.0	0.0	0.0	0.0	0.0	0.0	0.0	0.0	0.0	0.0	0.0	0.0	0.0	0.0	0.0	0.03075232429305641	0.0	0.0	0.0	0.0	0.0
ACH-000415	20	13145505	T[C>T]G	0.056380490729478455	0.0	0.0	0.0	0.11893842262519502	0.16530736871658822	0.0	0.0	0.0	0.0	0.0	0.0	0.0	0.6270359151029994	0.0	0.0	0.0	0.0	0.0015854785326826198	0.0	0.0	0.0	0.0	0.0	0.0	0.0	0.0	0.0	0.0	0.0	0.0	0.0	0.0	0.0	0.0	0.0	0.0	0.0	0.0	0.0	0.0	0.0	0.0	0.0	0.0	0.0	0.0	0.0	0.0	0.0	0.0	0.0	0.0	0.0	0.0	0.0	0.0	0.0	0.0	0.0	0.0	0.0	0.0	0.0	0.0	0.0	0.0	0.0	0.0	0.0	0.0	0.0	0.0	0.0	0.0	0.0	0.0	0.0	0.0	0.0	0.03075232429305641	0.0	0.0	0.0	0.0	0.0
ACH-000415	20	21314391	G[T>G]T	0.00018554104745434433	0.0	0.0	0.0	0.43593425722540563	0.0620427938175161	0.0	0.0	0.0	0.0	0.0	0.0	0.0	0.18360682524282193	0.0	0.0	0.0	0.0	9.549009798437968e-05	0.0	0.0	0.0	0.0	0.0	0.0	0.0	0.0	0.0	0.0	0.0	0.0	0.0	0.0	0.0	0.0	0.0	0.0	0.0	0.0	0.0	0.0	0.0	0.0	0.0	0.0	0.0	0.0	0.0	0.0	0.0	0.0	0.0	0.0	0.0	0.0	0.0	0.0	0.0	0.0	0.0	0.0	0.0	0.0	0.0	0.0	0.0	0.0	0.0	0.0	0.0	0.0	0.0	0.0	0.0	0.0	0.0	0.0	0.0	0.0	0.0	0.3181350925688178	0.0	0.0	0.0	0.0	0.0
ACH-000415	20	31292274	T[C>T]G	0.056380490729478455	0.0	0.0	0.0	0.11893842262519502	0.16530736871658822	0.0	0.0	0.0	0.0	0.0	0.0	0.0	0.6270359151029994	0.0	0.0	0.0	0.0	0.0015854785326826198	0.0	0.0	0.0	0.0	0.0	0.0	0.0	0.0	0.0	0.0	0.0	0.0	0.0	0.0	0.0	0.0	0.0	0.0	0.0	0.0	0.0	0.0	0.0	0.0	0.0	0.0	0.0	0.0	0.0	0.0	0.0	0.0	0.0	0.0	0.0	0.0	0.0	0.0	0.0	0.0	0.0	0.0	0.0	0.0	0.0	0.0	0.0	0.0	0.0	0.0	0.0	0.0	0.0	0.0	0.0	0.0	0.0	0.0	0.0	0.0	0.0	0.03075232429305641	0.0	0.0	0.0	0.0	0.0
ACH-000415	20	32664602	C[C>T]G	0.13557322778853023	0.0	0.0	0.0	0.1766626720907914	0.5233960036100253	0.0	0.0	0.0	0.0	0.0	0.0	0.0	0.007164640192898836	0.0	0.0	0.0	0.0	0.0035780627465558244	0.0	0.0	0.0	0.0	0.0	0.0	0.0	0.0	0.0	0.0	0.0	0.0	0.0	0.0	0.0	0.0	0.0	0.0	0.0	0.0	0.0	0.0	0.0	0.0	0.0	0.0	0.0	0.0	0.0	0.0	0.0	0.0	0.0	0.0	0.0	0.0	0.0	0.0	0.0	0.0	0.0	0.0	0.0	0.0	0.0	0.0	0.0	0.0	0.0	0.0	0.0	0.0	0.0	0.0	0.0	0.0	0.0	0.0	0.0	0.0	0.0	0.15362539357119848	0.0	0.0	0.0	0.0	0.0
ACH-000415	20	42788394	A[C>G]G	0.003549736837410786	0.0	0.0	0.0	0.7748492719767645	4.247833231622505e-14	0.0	0.0	0.0	0.0	0.0	0.0	0.0	1.918376298152099e-14	0.0	0.0	0.0	0.0	0.021182651829329126	0.0	0.0	0.0	0.0	0.0	0.0	0.0	0.0	0.0	0.0	0.0	0.0	0.0	0.0	0.0	0.0	0.0	0.0	0.0	0.0	0.0	0.0	0.0	0.0	0.0	0.0	0.0	0.0	0.0	0.0	0.0	0.0	0.0	0.0	0.0	0.0	0.0	0.0	0.0	0.0	0.0	0.0	0.0	0.0	0.0	0.0	0.0	0.0	0.0	0.0	0.0	0.0	0.0	0.0	0.0	0.0	0.0	0.0	0.0	0.0	0.0	0.20041833935643416	0.0	0.0	0.0	0.0	0.0
ACH-000415	20	55206660	G[C>T]T	4.150152381750231e-05	0.0	0.0	0.0	0.29343490580837495	0.49881050645279607	0.0	0.0	0.0	0.0	0.0	0.0	0.0	0.0965329209393775	0.0	0.0	0.0	0.0	0.0035685413808209587	0.0	0.0	0.0	0.0	0.0	0.0	0.0	0.0	0.0	0.0	0.0	0.0	0.0	0.0	0.0	0.0	0.0	0.0	0.0	0.0	0.0	0.0	0.0	0.0	0.0	0.0	0.0	0.0	0.0	0.0	0.0	0.0	0.0	0.0	0.0	0.0	0.0	0.0	0.0	0.0	0.0	0.0	0.0	0.0	0.0	0.0	0.0	0.0	0.0	0.0	0.0	0.0	0.0	0.0	0.0	0.0	0.0	0.0	0.0	0.0	0.0	0.10761162389481291	0.0	0.0	0.0	0.0	0.0
ACH-000415	20	55908329	A[T>A]T	0.0006136267487835987	0.0	0.0	0.0	0.30341352441775965	0.03452351818587698	0.0	0.0	0.0	0.0	0.0	0.0	0.0	0.02675309633887656	0.0	0.0	0.0	0.0	0.005282066681157795	0.0	0.0	0.0	0.0	0.0	0.0	0.0	0.0	0.0	0.0	0.0	0.0	0.0	0.0	0.0	0.0	0.0	0.0	0.0	0.0	0.0	0.0	0.0	0.0	0.0	0.0	0.0	0.0	0.0	0.0	0.0	0.0	0.0	0.0	0.0	0.0	0.0	0.0	0.0	0.0	0.0	0.0	0.0	0.0	0.0	0.0	0.0	0.0	0.0	0.0	0.0	0.0	0.0	0.0	0.0	0.0	0.0	0.0	0.0	0.0	0.0	0.6294141676275454	0.0	0.0	0.0	0.0	0.0
ACH-000415	20	56138669	G[C>T]G	0.12550147135618905	0.0	0.0	0.0	0.10334424368275028	0.6355724058427978	0.0	0.0	0.0	0.0	0.0	0.0	0.0	0.02030662279623841	0.0	0.0	0.0	0.0	0.00026637227666108024	0.0	0.0	0.0	0.0	0.0	0.0	0.0	0.0	0.0	0.0	0.0	0.0	0.0	0.0	0.0	0.0	0.0	0.0	0.0	0.0	0.0	0.0	0.0	0.0	0.0	0.0	0.0	0.0	0.0	0.0	0.0	0.0	0.0	0.0	0.0	0.0	0.0	0.0	0.0	0.0	0.0	0.0	0.0	0.0	0.0	0.0	0.0	0.0	0.0	0.0	0.0	0.0	0.0	0.0	0.0	0.0	0.0	0.0	0.0	0.0	0.0	0.11500888404536323	0.0	0.0	0.0	0.0	0.0
ACH-000415	20	61959712	T[C>T]G	0.056380490729478455	0.0	0.0	0.0	0.11893842262519502	0.16530736871658822	0.0	0.0	0.0	0.0	0.0	0.0	0.0	0.6270359151029994	0.0	0.0	0.0	0.0	0.0015854785326826198	0.0	0.0	0.0	0.0	0.0	0.0	0.0	0.0	0.0	0.0	0.0	0.0	0.0	0.0	0.0	0.0	0.0	0.0	0.0	0.0	0.0	0.0	0.0	0.0	0.0	0.0	0.0	0.0	0.0	0.0	0.0	0.0	0.0	0.0	0.0	0.0	0.0	0.0	0.0	0.0	0.0	0.0	0.0	0.0	0.0	0.0	0.0	0.0	0.0	0.0	0.0	0.0	0.0	0.0	0.0	0.0	0.0	0.0	0.0	0.0	0.0	0.03075232429305641	0.0	0.0	0.0	0.0	0.0
ACH-000415	20	62595251	C[T>C]G	0.0008569417133204864	0.0	0.0	0.0	0.7226049391236393	0.07854400584024959	0.0	0.0	0.0	0.0	0.0	0.0	0.0	0.0001685971132121602	0.0	0.0	0.0	0.0	1.3737189969799389e-15	0.0	0.0	0.0	0.0	0.0	0.0	0.0	0.0	0.0	0.0	0.0	0.0	0.0	0.0	0.0	0.0	0.0	0.0	0.0	0.0	0.0	0.0	0.0	0.0	0.0	0.0	0.0	0.0	0.0	0.0	0.0	0.0	0.0	0.0	0.0	0.0	0.0	0.0	0.0	0.0	0.0	0.0	0.0	0.0	0.0	0.0	0.0	0.0	0.0	0.0	0.0	0.0	0.0	0.0	0.0	0.0	0.0	0.0	0.0	0.0	0.0	0.1978255162095771	0.0	0.0	0.0	0.0	0.0
ACH-000415	21	37610937	T[C>G]T	0.0012066142483026232	0.0	0.0	0.0	0.14110511075608093	0.0006140529777960741	0.0	0.0	0.0	0.0	0.0	0.0	0.0	9.397546939020107e-05	0.0	0.0	0.0	0.0	0.7419033200186808	0.0	0.0	0.0	0.0	0.0	0.0	0.0	0.0	0.0	0.0	0.0	0.0	0.0	0.0	0.0	0.0	0.0	0.0	0.0	0.0	0.0	0.0	0.0	0.0	0.0	0.0	0.0	0.0	0.0	0.0	0.0	0.0	0.0	0.0	0.0	0.0	0.0	0.0	0.0	0.0	0.0	0.0	0.0	0.0	0.0	0.0	0.0	0.0	0.0	0.0	0.0	0.0	0.0	0.0	0.0	0.0	0.0	0.0	0.0	0.0	0.0	0.11507692652974942	0.0	0.0	0.0	0.0	0.0
ACH-000415	22	18031725	G[C>A]A	0.004914314412208645	0.0	0.0	0.0	0.46301499375152394	0.008237328614062317	0.0	0.0	0.0	0.0	0.0	0.0	0.0	0.006364999328033711	0.0	0.0	0.0	0.0	0.007672717959823447	0.0	0.0	0.0	0.0	0.0	0.0	0.0	0.0	0.0	0.0	0.0	0.0	0.0	0.0	0.0	0.0	0.0	0.0	0.0	0.0	0.0	0.0	0.0	0.0	0.0	0.0	0.0	0.0	0.0	0.0	0.0	0.0	0.0	0.0	0.0	0.0	0.0	0.0	0.0	0.0	0.0	0.0	0.0	0.0	0.0	0.0	0.0	0.0	0.0	0.0	0.0	0.0	0.0	0.0	0.0	0.0	0.0	0.0	0.0	0.0	0.0	0.509795645934348	0.0	0.0	0.0	0.0	0.0
ACH-000415	22	22153409	A[C>G]T	0.004661404708484393	0.0	0.0	0.0	0.6027293972168493	0.0064416632609826975	0.0	0.0	0.0	0.0	0.0	0.0	0.0	2.541241961331324e-15	0.0	0.0	0.0	0.0	0.04251569099987817	0.0	0.0	0.0	0.0	0.0	0.0	0.0	0.0	0.0	0.0	0.0	0.0	0.0	0.0	0.0	0.0	0.0	0.0	0.0	0.0	0.0	0.0	0.0	0.0	0.0	0.0	0.0	0.0	0.0	0.0	0.0	0.0	0.0	0.0	0.0	0.0	0.0	0.0	0.0	0.0	0.0	0.0	0.0	0.0	0.0	0.0	0.0	0.0	0.0	0.0	0.0	0.0	0.0	0.0	0.0	0.0	0.0	0.0	0.0	0.0	0.0	0.343651843813803	0.0	0.0	0.0	0.0	0.0
ACH-000415	22	24622205	C[C>A]C	0.0017467546516634121	0.0	0.0	0.0	0.08744522301564091	0.02475453850942661	0.0	0.0	0.0	0.0	0.0	0.0	0.0	0.008687218319496825	0.0	0.0	0.0	0.0	0.0024554502720390567	0.0	0.0	0.0	0.0	0.0	0.0	0.0	0.0	0.0	0.0	0.0	0.0	0.0	0.0	0.0	0.0	0.0	0.0	0.0	0.0	0.0	0.0	0.0	0.0	0.0	0.0	0.0	0.0	0.0	0.0	0.0	0.0	0.0	0.0	0.0	0.0	0.0	0.0	0.0	0.0	0.0	0.0	0.0	0.0	0.0	0.0	0.0	0.0	0.0	0.0	0.0	0.0	0.0	0.0	0.0	0.0	0.0	0.0	0.0	0.0	0.0	0.8749108152317332	0.0	0.0	0.0	0.0	0.0
ACH-000415	22	32788274	A[T>C]A	0.0012371533486882228	0.0	0.0	0.0	0.765293682812774	0.015557593306139532	0.0	0.0	0.0	0.0	0.0	0.0	0.0	0.029708703762369944	0.0	0.0	0.0	0.0	0.005635179583151205	0.0	0.0	0.0	0.0	0.0	0.0	0.0	0.0	0.0	0.0	0.0	0.0	0.0	0.0	0.0	0.0	0.0	0.0	0.0	0.0	0.0	0.0	0.0	0.0	0.0	0.0	0.0	0.0	0.0	0.0	0.0	0.0	0.0	0.0	0.0	0.0	0.0	0.0	0.0	0.0	0.0	0.0	0.0	0.0	0.0	0.0	0.0	0.0	0.0	0.0	0.0	0.0	0.0	0.0	0.0	0.0	0.0	0.0	0.0	0.0	0.0	0.18256768718687702	0.0	0.0	0.0	0.0	0.0
ACH-000415	22	37888512	G[C>T]C	7.444476546111182e-05	0.0	0.0	0.0	0.2529332644661922	0.5523813526025514	0.0	0.0	0.0	0.0	0.0	0.0	0.0	0.03391681790655575	0.0	0.0	0.0	0.0	0.001920878228029959	0.0	0.0	0.0	0.0	0.0	0.0	0.0	0.0	0.0	0.0	0.0	0.0	0.0	0.0	0.0	0.0	0.0	0.0	0.0	0.0	0.0	0.0	0.0	0.0	0.0	0.0	0.0	0.0	0.0	0.0	0.0	0.0	0.0	0.0	0.0	0.0	0.0	0.0	0.0	0.0	0.0	0.0	0.0	0.0	0.0	0.0	0.0	0.0	0.0	0.0	0.0	0.0	0.0	0.0	0.0	0.0	0.0	0.0	0.0	0.0	0.0	0.15877324203120965	0.0	0.0	0.0	0.0	0.0
ACH-000415	22	42293125	G[C>T]C	7.444476546111182e-05	0.0	0.0	0.0	0.2529332644661922	0.5523813526025514	0.0	0.0	0.0	0.0	0.0	0.0	0.0	0.03391681790655575	0.0	0.0	0.0	0.0	0.001920878228029959	0.0	0.0	0.0	0.0	0.0	0.0	0.0	0.0	0.0	0.0	0.0	0.0	0.0	0.0	0.0	0.0	0.0	0.0	0.0	0.0	0.0	0.0	0.0	0.0	0.0	0.0	0.0	0.0	0.0	0.0	0.0	0.0	0.0	0.0	0.0	0.0	0.0	0.0	0.0	0.0	0.0	0.0	0.0	0.0	0.0	0.0	0.0	0.0	0.0	0.0	0.0	0.0	0.0	0.0	0.0	0.0	0.0	0.0	0.0	0.0	0.0	0.15877324203120965	0.0	0.0	0.0	0.0	0.0
ACH-000415	X	15863550	C[C>G]A	0.00010708557505654083	0.0	0.0	0.0	0.45142869184176193	0.0011322633292907773	0.0	0.0	0.0	0.0	0.0	0.0	0.0	0.0003720001802379086	0.0	0.0	0.0	0.0	0.0648083579841661	0.0	0.0	0.0	0.0	0.0	0.0	0.0	0.0	0.0	0.0	0.0	0.0	0.0	0.0	0.0	0.0	0.0	0.0	0.0	0.0	0.0	0.0	0.0	0.0	0.0	0.0	0.0	0.0	0.0	0.0	0.0	0.0	0.0	0.0	0.0	0.0	0.0	0.0	0.0	0.0	0.0	0.0	0.0	0.0	0.0	0.0	0.0	0.0	0.0	0.0	0.0	0.0	0.0	0.0	0.0	0.0	0.0	0.0	0.0	0.0	0.0	0.48215160108948674	0.0	0.0	0.0	0.0	0.0
ACH-000415	X	23700537	C[T>C]T	0.00010190276410118559	0.0	0.0	0.0	0.5202698404904168	0.018845589092497294	0.0	0.0	0.0	0.0	0.0	0.0	0.0	0.005458661245863174	0.0	0.0	0.0	0.0	0.000696543665970233	0.0	0.0	0.0	0.0	0.0	0.0	0.0	0.0	0.0	0.0	0.0	0.0	0.0	0.0	0.0	0.0	0.0	0.0	0.0	0.0	0.0	0.0	0.0	0.0	0.0	0.0	0.0	0.0	0.0	0.0	0.0	0.0	0.0	0.0	0.0	0.0	0.0	0.0	0.0	0.0	0.0	0.0	0.0	0.0	0.0	0.0	0.0	0.0	0.0	0.0	0.0	0.0	0.0	0.0	0.0	0.0	0.0	0.0	0.0	0.0	0.0	0.4546274627411512	0.0	0.0	0.0	0.0	0.0
ACH-000415	X	32662429	C[C>A]C	0.0017467546516634121	0.0	0.0	0.0	0.08744522301564091	0.02475453850942661	0.0	0.0	0.0	0.0	0.0	0.0	0.0	0.008687218319496825	0.0	0.0	0.0	0.0	0.0024554502720390567	0.0	0.0	0.0	0.0	0.0	0.0	0.0	0.0	0.0	0.0	0.0	0.0	0.0	0.0	0.0	0.0	0.0	0.0	0.0	0.0	0.0	0.0	0.0	0.0	0.0	0.0	0.0	0.0	0.0	0.0	0.0	0.0	0.0	0.0	0.0	0.0	0.0	0.0	0.0	0.0	0.0	0.0	0.0	0.0	0.0	0.0	0.0	0.0	0.0	0.0	0.0	0.0	0.0	0.0	0.0	0.0	0.0	0.0	0.0	0.0	0.0	0.8749108152317332	0.0	0.0	0.0	0.0	0.0
ACH-000415	X	44928924	A[C>T]C	0.01065975028172761	0.0	0.0	0.0	0.4406277382090687	0.23956210109565607	0.0	0.0	0.0	0.0	0.0	0.0	0.0	0.024789289860114774	0.0	0.0	0.0	0.0	9.733725894296277e-16	0.0	0.0	0.0	0.0	0.0	0.0	0.0	0.0	0.0	0.0	0.0	0.0	0.0	0.0	0.0	0.0	0.0	0.0	0.0	0.0	0.0	0.0	0.0	0.0	0.0	0.0	0.0	0.0	0.0	0.0	0.0	0.0	0.0	0.0	0.0	0.0	0.0	0.0	0.0	0.0	0.0	0.0	0.0	0.0	0.0	0.0	0.0	0.0	0.0	0.0	0.0	0.0	0.0	0.0	0.0	0.0	0.0	0.0	0.0	0.0	0.0	0.2843611205534321	0.0	0.0	0.0	0.0	0.0
ACH-000415	X	48751478	T[C>G]C	0.000597075629222891	0.0	0.0	0.0	0.3262389995676051	0.002061411285217551	0.0	0.0	0.0	0.0	0.0	0.0	0.0	1.827962583605612e-15	0.0	0.0	0.0	0.0	0.48549440876943906	0.0	0.0	0.0	0.0	0.0	0.0	0.0	0.0	0.0	0.0	0.0	0.0	0.0	0.0	0.0	0.0	0.0	0.0	0.0	0.0	0.0	0.0	0.0	0.0	0.0	0.0	0.0	0.0	0.0	0.0	0.0	0.0	0.0	0.0	0.0	0.0	0.0	0.0	0.0	0.0	0.0	0.0	0.0	0.0	0.0	0.0	0.0	0.0	0.0	0.0	0.0	0.0	0.0	0.0	0.0	0.0	0.0	0.0	0.0	0.0	0.0	0.18560810474851358	0.0	0.0	0.0	0.0	0.0
ACH-000415	X	54275901	T[T>A]T	0.006590841257484056	0.0	0.0	0.0	0.3740721421621052	0.007739646134646899	0.0	0.0	0.0	0.0	0.0	0.0	0.0	0.012464559773793982	0.0	0.0	0.0	0.0	0.00047211343886414356	0.0	0.0	0.0	0.0	0.0	0.0	0.0	0.0	0.0	0.0	0.0	0.0	0.0	0.0	0.0	0.0	0.0	0.0	0.0	0.0	0.0	0.0	0.0	0.0	0.0	0.0	0.0	0.0	0.0	0.0	0.0	0.0	0.0	0.0	0.0	0.0	0.0	0.0	0.0	0.0	0.0	0.0	0.0	0.0	0.0	0.0	0.0	0.0	0.0	0.0	0.0	0.0	0.0	0.0	0.0	0.0	0.0	0.0	0.0	0.0	0.0	0.5986606972331058	0.0	0.0	0.0	0.0	0.0
ACH-000415	X	140994819	A[C>T]A	0.024816582370035648	0.0	0.0	0.0	0.4722896451496477	0.39465053355616214	0.0	0.0	0.0	0.0	0.0	0.0	0.0	0.001525628768416527	0.0	0.0	0.0	0.0	0.018526931691044416	0.0	0.0	0.0	0.0	0.0	0.0	0.0	0.0	0.0	0.0	0.0	0.0	0.0	0.0	0.0	0.0	0.0	0.0	0.0	0.0	0.0	0.0	0.0	0.0	0.0	0.0	0.0	0.0	0.0	0.0	0.0	0.0	0.0	0.0	0.0	0.0	0.0	0.0	0.0	0.0	0.0	0.0	0.0	0.0	0.0	0.0	0.0	0.0	0.0	0.0	0.0	0.0	0.0	0.0	0.0	0.0	0.0	0.0	0.0	0.0	0.0	0.0881906784646935	0.0	0.0	0.0	0.0	0.0
ACH-000415	X	154344400	T[C>G]A	2.207115389887336e-16	0.0	0.0	0.0	0.11283327611632461	0.00030497781894165186	0.0	0.0	0.0	0.0	0.0	0.0	0.0	6.152210432080574e-16	0.0	0.0	0.0	0.0	0.815705975795045	0.0	0.0	0.0	0.0	0.0	0.0	0.0	0.0	0.0	0.0	0.0	0.0	0.0	0.0	0.0	0.0	0.0	0.0	0.0	0.0	0.0	0.0	0.0	0.0	0.0	0.0	0.0	0.0	0.0	0.0	0.0	0.0	0.0	0.0	0.0	0.0	0.0	0.0	0.0	0.0	0.0	0.0	0.0	0.0	0.0	0.0	0.0	0.0	0.0	0.0	0.0	0.0	0.0	0.0	0.0	0.0	0.0	0.0	0.0	0.0	0.0	0.07115577026968785	0.0	0.0	0.0	0.0	0.0
