Sample Names	Chr	Pos	MutationType	SBS1	SBS2	SBS3	SBS4	SBS5	SBS6	SBS7a	SBS7b	SBS7c	SBS7d	SBS8	SBS9	SBS10a	SBS10b	SBS10c	SBS10d	SBS11	SBS12	SBS13	SBS14	SBS15	SBS16	SBS17a	SBS17b	SBS18	SBS19	SBS20	SBS21	SBS22a	SBS22b	SBS23	SBS24	SBS25	SBS26	SBS27	SBS28	SBS29	SBS30	SBS31	SBS32	SBS33	SBS34	SBS35	SBS36	SBS37	SBS38	SBS39	SBS40a	SBS40b	SBS40c	SBS41	SBS42	SBS43	SBS44	SBS45	SBS46	SBS47	SBS48	SBS49	SBS50	SBS51	SBS52	SBS53	SBS54	SBS55	SBS56	SBS57	SBS58	SBS59	SBS60	SBS84	SBS85	SBS86	SBS87	SBS88	SBS89	SBS90	SBS91	SBS92	SBS93	SBS94	SBS95	SBS96	SBS97	SBS98	SBS99
ACH-000310	1	57140052	C[T>A]A	0.0029902349635304677	0.0	0.0	0.0	0.6563295928399179	0.0	0.0	0.0	0.0	0.0	0.0	0.0	0.0	0.0065738808965677565	0.0	0.0	0.0	0.0	0.0	0.0	0.0	0.0	0.0	0.0	0.0	0.0	0.0	0.0	0.0	0.0	0.0	0.0	0.0	0.0	0.0	0.0	0.0	0.0	0.0	0.0	0.0	0.0	0.0	0.0	0.0	0.0	0.0	0.0	0.0	0.0	0.0	0.0	0.0	0.0	0.0	0.0	0.0	0.0	0.0	0.0	0.0	0.0	0.3252436057499352	4.83537219684074e-16	0.0	0.0	0.0	0.0	0.0	0.0	0.008862685550048365	0.0	0.0	0.0	0.0	0.0	0.0	0.0	0.0	0.0	0.0	0.0	0.0	0.0	0.0	0.0
ACH-000310	1	91404940	T[T>C]A	0.003451686603196043	0.0	0.0	0.0	0.6494847182517476	0.0	0.0	0.0	0.0	0.0	0.0	0.0	0.0	0.159875134689581	0.0	0.0	0.0	0.0	0.0	0.0	0.0	0.0	0.0	0.0	0.0	0.0	0.0	0.0	0.0	0.0	0.0	0.0	0.0	0.0	0.0	0.0	0.0	0.0	0.0	0.0	0.0	0.0	0.0	0.0	0.0	0.0	0.0	0.0	0.0	0.0	0.0	0.0	0.0	0.0	0.0	0.0	0.0	0.0	0.0	0.0	0.0	0.0	0.12196344769291702	0.05975638919986307	0.0	0.0	0.0	0.0	0.0	0.0	0.005468623562695545	0.0	0.0	0.0	0.0	0.0	0.0	0.0	0.0	0.0	0.0	0.0	0.0	0.0	0.0	0.0
ACH-000310	1	93309508	G[C>T]T	0.0001450517898929276	0.0	0.0	0.0	0.18732110030568339	0.0	0.0	0.0	0.0	0.0	0.0	0.0	0.0	0.1606627520636912	0.0	0.0	0.0	0.0	0.0	0.0	0.0	0.0	0.0	0.0	0.0	0.0	0.0	0.0	0.0	0.0	0.0	0.0	0.0	0.0	0.0	0.0	0.0	0.0	0.0	0.0	0.0	0.0	0.0	0.0	0.0	0.0	0.0	0.0	0.0	0.0	0.0	0.0	0.0	0.0	0.0	0.0	0.0	0.0	0.0	0.0	0.0	0.0	0.014842227472842952	0.0008744845038813248	0.0	0.0	0.0	0.0	0.0	0.0	0.6361543838640082	0.0	0.0	0.0	0.0	0.0	0.0	0.0	0.0	0.0	0.0	0.0	0.0	0.0	0.0	0.0
ACH-000310	1	100353573	T[C>G]C	0.00741564842360997	0.0	0.0	0.0	0.7400678531075854	0.0	0.0	0.0	0.0	0.0	0.0	0.0	0.0	1.0811047958926257e-14	0.0	0.0	0.0	0.0	0.0	0.0	0.0	0.0	0.0	0.0	0.0	0.0	0.0	0.0	0.0	0.0	0.0	0.0	0.0	0.0	0.0	0.0	0.0	0.0	0.0	0.0	0.0	0.0	0.0	0.0	0.0	0.0	0.0	0.0	0.0	0.0	0.0	0.0	0.0	0.0	0.0	0.0	0.0	0.0	0.0	0.0	0.0	0.0	0.23100542032585997	0.017626887754155586	0.0	0.0	0.0	0.0	0.0	0.0	0.0038841903887781716	0.0	0.0	0.0	0.0	0.0	0.0	0.0	0.0	0.0	0.0	0.0	0.0	0.0	0.0	0.0
ACH-000310	1	148594410	G[C>G]T	2.362492471170849e-15	0.0	0.0	0.0	0.18980895923930463	0.0	0.0	0.0	0.0	0.0	0.0	0.0	0.0	0.0015961550030335638	0.0	0.0	0.0	0.0	0.0	0.0	0.0	0.0	0.0	0.0	0.0	0.0	0.0	0.0	0.0	0.0	0.0	0.0	0.0	0.0	0.0	0.0	0.0	0.0	0.0	0.0	0.0	0.0	0.0	0.0	0.0	0.0	0.0	0.0	0.0	0.0	0.0	0.0	0.0	0.0	0.0	0.0	0.0	0.0	0.0	0.0	0.0	0.0	0.007694243170444593	0.04885412094766987	0.0	0.0	0.0	0.0	0.0	0.0	0.752046521639545	0.0	0.0	0.0	0.0	0.0	0.0	0.0	0.0	0.0	0.0	0.0	0.0	0.0	0.0	0.0
ACH-000310	1	156235631	A[T>A]G	0.034406675830525264	0.0	0.0	0.0	0.7337322703583529	0.0	0.0	0.0	0.0	0.0	0.0	0.0	0.0	0.0009414895658071009	0.0	0.0	0.0	0.0	0.0	0.0	0.0	0.0	0.0	0.0	0.0	0.0	0.0	0.0	0.0	0.0	0.0	0.0	0.0	0.0	0.0	0.0	0.0	0.0	0.0	0.0	0.0	0.0	0.0	0.0	0.0	0.0	0.0	0.0	0.0	0.0	0.0	0.0	0.0	0.0	0.0	0.0	0.0	0.0	0.0	0.0	0.0	0.0	0.10977118146226034	0.1191543561641911	0.0	0.0	0.0	0.0	0.0	0.0	0.0019940266188632444	0.0	0.0	0.0	0.0	0.0	0.0	0.0	0.0	0.0	0.0	0.0	0.0	0.0	0.0	0.0
ACH-000310	1	158057856	C[C>A]A	0.0007024821128903539	0.0	0.0	0.0	0.0445938330132451	0.0	0.0	0.0	0.0	0.0	0.0	0.0	0.0	0.0015637767420960372	0.0	0.0	0.0	0.0	0.0	0.0	0.0	0.0	0.0	0.0	0.0	0.0	0.0	0.0	0.0	0.0	0.0	0.0	0.0	0.0	0.0	0.0	0.0	0.0	0.0	0.0	0.0	0.0	0.0	0.0	0.0	0.0	0.0	0.0	0.0	0.0	0.0	0.0	0.0	0.0	0.0	0.0	0.0	0.0	0.0	0.0	0.0	0.0	0.9530071203916831	0.00013278774008543048	0.0	0.0	0.0	0.0	0.0	0.0	2.101071836794786e-18	0.0	0.0	0.0	0.0	0.0	0.0	0.0	0.0	0.0	0.0	0.0	0.0	0.0	0.0	0.0
ACH-000310	1	228476587	C[T>C]T	0.0005780768778704345	0.0	0.0	0.0	0.539068756760582	0.0	0.0	0.0	0.0	0.0	0.0	0.0	0.0	0.014745736983372379	0.0	0.0	0.0	0.0	0.0	0.0	0.0	0.0	0.0	0.0	0.0	0.0	0.0	0.0	0.0	0.0	0.0	0.0	0.0	0.0	0.0	0.0	0.0	0.0	0.0	0.0	0.0	0.0	0.0	0.0	0.0	0.0	0.0	0.0	0.0	0.0	0.0	0.0	0.0	0.0	0.0	0.0	0.0	0.0	0.0	0.0	0.0	0.0	0.09322252644766851	0.3407508587915526	0.0	0.0	0.0	0.0	0.0	0.0	0.011634044138954166	0.0	0.0	0.0	0.0	0.0	0.0	0.0	0.0	0.0	0.0	0.0	0.0	0.0	0.0	0.0
ACH-000310	1	235492577	C[T>A]T	0.011300604072968094	0.0	0.0	0.0	0.49819779571573286	0.0	0.0	0.0	0.0	0.0	0.0	0.0	0.0	0.013558152282095299	0.0	0.0	0.0	0.0	0.0	0.0	0.0	0.0	0.0	0.0	0.0	0.0	0.0	0.0	0.0	0.0	0.0	0.0	0.0	0.0	0.0	0.0	0.0	0.0	0.0	0.0	0.0	0.0	0.0	0.0	0.0	0.0	0.0	0.0	0.0	0.0	0.0	0.0	0.0	0.0	0.0	0.0	0.0	0.0	0.0	0.0	0.0	0.0	0.4742422121894665	0.0027012357397371884	0.0	0.0	0.0	0.0	0.0	0.0	4.055909519124907e-17	0.0	0.0	0.0	0.0	0.0	0.0	0.0	0.0	0.0	0.0	0.0	0.0	0.0	0.0	0.0
ACH-000310	1	243319625	G[C>T]T	0.0001450517898929276	0.0	0.0	0.0	0.18732110030568339	0.0	0.0	0.0	0.0	0.0	0.0	0.0	0.0	0.1606627520636912	0.0	0.0	0.0	0.0	0.0	0.0	0.0	0.0	0.0	0.0	0.0	0.0	0.0	0.0	0.0	0.0	0.0	0.0	0.0	0.0	0.0	0.0	0.0	0.0	0.0	0.0	0.0	0.0	0.0	0.0	0.0	0.0	0.0	0.0	0.0	0.0	0.0	0.0	0.0	0.0	0.0	0.0	0.0	0.0	0.0	0.0	0.0	0.0	0.014842227472842952	0.0008744845038813248	0.0	0.0	0.0	0.0	0.0	0.0	0.6361543838640082	0.0	0.0	0.0	0.0	0.0	0.0	0.0	0.0	0.0	0.0	0.0	0.0	0.0	0.0	0.0
ACH-000310	2	27310161	A[C>T]T	0.07011873165804904	0.0	0.0	0.0	0.4292358202962313	0.0	0.0	0.0	0.0	0.0	0.0	0.0	0.0	0.07737438976486848	0.0	0.0	0.0	0.0	0.0	0.0	0.0	0.0	0.0	0.0	0.0	0.0	0.0	0.0	0.0	0.0	0.0	0.0	0.0	0.0	0.0	0.0	0.0	0.0	0.0	0.0	0.0	0.0	0.0	0.0	0.0	0.0	0.0	0.0	0.0	0.0	0.0	0.0	0.0	0.0	0.0	0.0	0.0	0.0	0.0	0.0	0.0	0.0	0.01799445849938414	0.03408792750073142	0.0	0.0	0.0	0.0	0.0	0.0	0.3711886722807356	0.0	0.0	0.0	0.0	0.0	0.0	0.0	0.0	0.0	0.0	0.0	0.0	0.0	0.0	0.0
ACH-000310	2	63206338	G[C>T]G	0.7227894998244913	0.0	0.0	0.0	0.10870892099538808	0.0	0.0	0.0	0.0	0.0	0.0	0.0	0.0	0.05569053939941626	0.0	0.0	0.0	0.0	0.0	0.0	0.0	0.0	0.0	0.0	0.0	0.0	0.0	0.0	0.0	0.0	0.0	0.0	0.0	0.0	0.0	0.0	0.0	0.0	0.0	0.0	0.0	0.0	0.0	0.0	0.0	0.0	0.0	0.0	0.0	0.0	0.0	0.0	0.0	0.0	0.0	0.0	0.0	0.0	0.0	0.0	0.0	0.0	0.02516810697061642	0.05910446179196468	0.0	0.0	0.0	0.0	0.0	0.0	0.028538471018123335	0.0	0.0	0.0	0.0	0.0	0.0	0.0	0.0	0.0	0.0	0.0	0.0	0.0	0.0	0.0
ACH-000310	2	103335367	G[C>T]G	0.7227894998244913	0.0	0.0	0.0	0.10870892099538808	0.0	0.0	0.0	0.0	0.0	0.0	0.0	0.0	0.05569053939941626	0.0	0.0	0.0	0.0	0.0	0.0	0.0	0.0	0.0	0.0	0.0	0.0	0.0	0.0	0.0	0.0	0.0	0.0	0.0	0.0	0.0	0.0	0.0	0.0	0.0	0.0	0.0	0.0	0.0	0.0	0.0	0.0	0.0	0.0	0.0	0.0	0.0	0.0	0.0	0.0	0.0	0.0	0.0	0.0	0.0	0.0	0.0	0.0	0.02516810697061642	0.05910446179196468	0.0	0.0	0.0	0.0	0.0	0.0	0.028538471018123335	0.0	0.0	0.0	0.0	0.0	0.0	0.0	0.0	0.0	0.0	0.0	0.0	0.0	0.0	0.0
ACH-000310	2	114253245	G[C>G]T	2.362492471170849e-15	0.0	0.0	0.0	0.18980895923930463	0.0	0.0	0.0	0.0	0.0	0.0	0.0	0.0	0.0015961550030335638	0.0	0.0	0.0	0.0	0.0	0.0	0.0	0.0	0.0	0.0	0.0	0.0	0.0	0.0	0.0	0.0	0.0	0.0	0.0	0.0	0.0	0.0	0.0	0.0	0.0	0.0	0.0	0.0	0.0	0.0	0.0	0.0	0.0	0.0	0.0	0.0	0.0	0.0	0.0	0.0	0.0	0.0	0.0	0.0	0.0	0.0	0.0	0.0	0.007694243170444593	0.04885412094766987	0.0	0.0	0.0	0.0	0.0	0.0	0.752046521639545	0.0	0.0	0.0	0.0	0.0	0.0	0.0	0.0	0.0	0.0	0.0	0.0	0.0	0.0	0.0
ACH-000310	2	133541339	T[C>T]A	0.016769974929167153	0.0	0.0	0.0	0.8175424042972691	0.0	0.0	0.0	0.0	0.0	0.0	0.0	0.0	0.054982907595173366	0.0	0.0	0.0	0.0	0.0	0.0	0.0	0.0	0.0	0.0	0.0	0.0	0.0	0.0	0.0	0.0	0.0	0.0	0.0	0.0	0.0	0.0	0.0	0.0	0.0	0.0	0.0	0.0	0.0	0.0	0.0	0.0	0.0	0.0	0.0	0.0	0.0	0.0	0.0	0.0	0.0	0.0	0.0	0.0	0.0	0.0	0.0	0.0	0.10970654803894249	1.0503291368481653e-16	0.0	0.0	0.0	0.0	0.0	0.0	0.0009981651394476525	0.0	0.0	0.0	0.0	0.0	0.0	0.0	0.0	0.0	0.0	0.0	0.0	0.0	0.0	0.0
ACH-000310	2	138169293	G[C>T]A	0.029269060983052056	0.0	0.0	0.0	0.3409041341579355	0.0	0.0	0.0	0.0	0.0	0.0	0.0	0.0	0.003189980516688358	0.0	0.0	0.0	0.0	0.0	0.0	0.0	0.0	0.0	0.0	0.0	0.0	0.0	0.0	0.0	0.0	0.0	0.0	0.0	0.0	0.0	0.0	0.0	0.0	0.0	0.0	0.0	0.0	0.0	0.0	0.0	0.0	0.0	0.0	0.0	0.0	0.0	0.0	0.0	0.0	0.0	0.0	0.0	0.0	0.0	0.0	0.0	0.0	0.07668966958003941	0.0013658744412147633	0.0	0.0	0.0	0.0	0.0	0.0	0.5485812803210699	0.0	0.0	0.0	0.0	0.0	0.0	0.0	0.0	0.0	0.0	0.0	0.0	0.0	0.0	0.0
ACH-000310	2	141291600	C[T>C]A	3.5520104817885944e-15	0.0	0.0	0.0	0.5648106979003554	0.0	0.0	0.0	0.0	0.0	0.0	0.0	0.0	0.028033422420163056	0.0	0.0	0.0	0.0	0.0	0.0	0.0	0.0	0.0	0.0	0.0	0.0	0.0	0.0	0.0	0.0	0.0	0.0	0.0	0.0	0.0	0.0	0.0	0.0	0.0	0.0	0.0	0.0	0.0	0.0	0.0	0.0	0.0	0.0	0.0	0.0	0.0	0.0	0.0	0.0	0.0	0.0	0.0	0.0	0.0	0.0	0.0	0.0	0.20390894580306654	0.16950514496453437	0.0	0.0	0.0	0.0	0.0	0.0	0.03374178891187703	0.0	0.0	0.0	0.0	0.0	0.0	0.0	0.0	0.0	0.0	0.0	0.0	0.0	0.0	0.0
ACH-000310	2	198570716	T[C>T]T	8.836485529316211e-16	0.0	0.0	0.0	0.22185840563575826	0.0	0.0	0.0	0.0	0.0	0.0	0.0	0.0	0.6762656472929359	0.0	0.0	0.0	0.0	0.0	0.0	0.0	0.0	0.0	0.0	0.0	0.0	0.0	0.0	0.0	0.0	0.0	0.0	0.0	0.0	0.0	0.0	0.0	0.0	0.0	0.0	0.0	0.0	0.0	0.0	0.0	0.0	0.0	0.0	0.0	0.0	0.0	0.0	0.0	0.0	0.0	0.0	0.0	0.0	0.0	0.0	0.0	0.0	0.03872350075391161	0.0008729618209255536	0.0	0.0	0.0	0.0	0.0	0.0	0.062279484496467835	0.0	0.0	0.0	0.0	0.0	0.0	0.0	0.0	0.0	0.0	0.0	0.0	0.0	0.0	0.0
ACH-000310	2	220082397	C[T>C]C	0.048623513442062775	0.0	0.0	0.0	0.5391932023693854	0.0	0.0	0.0	0.0	0.0	0.0	0.0	0.0	0.003215012171059166	0.0	0.0	0.0	0.0	0.0	0.0	0.0	0.0	0.0	0.0	0.0	0.0	0.0	0.0	0.0	0.0	0.0	0.0	0.0	0.0	0.0	0.0	0.0	0.0	0.0	0.0	0.0	0.0	0.0	0.0	0.0	0.0	0.0	0.0	0.0	0.0	0.0	0.0	0.0	0.0	0.0	0.0	0.0	0.0	0.0	0.0	0.0	0.0	0.10031576012394329	0.3085935258398293	0.0	0.0	0.0	0.0	0.0	0.0	5.89860537198955e-05	0.0	0.0	0.0	0.0	0.0	0.0	0.0	0.0	0.0	0.0	0.0	0.0	0.0	0.0	0.0
ACH-000310	2	220168469	A[C>T]G	0.9275160503869201	0.0	0.0	0.0	0.04186217395270414	0.0	0.0	0.0	0.0	0.0	0.0	0.0	0.0	0.001402439779491157	0.0	0.0	0.0	0.0	0.0	0.0	0.0	0.0	0.0	0.0	0.0	0.0	0.0	0.0	0.0	0.0	0.0	0.0	0.0	0.0	0.0	0.0	0.0	0.0	0.0	0.0	0.0	0.0	0.0	0.0	0.0	0.0	0.0	0.0	0.0	0.0	0.0	0.0	0.0	0.0	0.0	0.0	0.0	0.0	0.0	0.0	0.0	0.0	0.02238111995089921	0.000813494273837371	0.0	0.0	0.0	0.0	0.0	0.0	0.006024721656148146	0.0	0.0	0.0	0.0	0.0	0.0	0.0	0.0	0.0	0.0	0.0	0.0	0.0	0.0	0.0
ACH-000310	2	241465161	C[C>A]A	0.0007024821128903539	0.0	0.0	0.0	0.0445938330132451	0.0	0.0	0.0	0.0	0.0	0.0	0.0	0.0	0.0015637767420960372	0.0	0.0	0.0	0.0	0.0	0.0	0.0	0.0	0.0	0.0	0.0	0.0	0.0	0.0	0.0	0.0	0.0	0.0	0.0	0.0	0.0	0.0	0.0	0.0	0.0	0.0	0.0	0.0	0.0	0.0	0.0	0.0	0.0	0.0	0.0	0.0	0.0	0.0	0.0	0.0	0.0	0.0	0.0	0.0	0.0	0.0	0.0	0.0	0.9530071203916831	0.00013278774008543048	0.0	0.0	0.0	0.0	0.0	0.0	2.101071836794786e-18	0.0	0.0	0.0	0.0	0.0	0.0	0.0	0.0	0.0	0.0	0.0	0.0	0.0	0.0	0.0
ACH-000310	2	242438811	T[C>G]G	0.008517884079043364	0.0	0.0	0.0	0.5595645978408883	0.0	0.0	0.0	0.0	0.0	0.0	0.0	0.0	3.6329880221856424e-14	0.0	0.0	0.0	0.0	0.0	0.0	0.0	0.0	0.0	0.0	0.0	0.0	0.0	0.0	0.0	0.0	0.0	0.0	0.0	0.0	0.0	0.0	0.0	0.0	0.0	0.0	0.0	0.0	0.0	0.0	0.0	0.0	0.0	0.0	0.0	0.0	0.0	0.0	0.0	0.0	0.0	0.0	0.0	0.0	0.0	0.0	0.0	0.0	0.29091053398786065	0.14092439089150477	0.0	0.0	0.0	0.0	0.0	0.0	8.259320066653573e-05	0.0	0.0	0.0	0.0	0.0	0.0	0.0	0.0	0.0	0.0	0.0	0.0	0.0	0.0	0.0
ACH-000310	3	14523339	C[C>A]G	0.0009242437794754182	0.0	0.0	0.0	0.09148051216851359	0.0	0.0	0.0	0.0	0.0	0.0	0.0	0.0	0.0011080347456371967	0.0	0.0	0.0	0.0	0.0	0.0	0.0	0.0	0.0	0.0	0.0	0.0	0.0	0.0	0.0	0.0	0.0	0.0	0.0	0.0	0.0	0.0	0.0	0.0	0.0	0.0	0.0	0.0	0.0	0.0	0.0	0.0	0.0	0.0	0.0	0.0	0.0	0.0	0.0	0.0	0.0	0.0	0.0	0.0	0.0	0.0	0.0	0.0	0.8509515637777004	0.05489515384515697	0.0	0.0	0.0	0.0	0.0	0.0	0.0006404916835162984	0.0	0.0	0.0	0.0	0.0	0.0	0.0	0.0	0.0	0.0	0.0	0.0	0.0	0.0	0.0
ACH-000310	3	15718502	G[C>A]A	0.04195608937939481	0.0	0.0	0.0	0.7220096375283589	0.0	0.0	0.0	0.0	0.0	0.0	0.0	0.0	0.025876833451830318	0.0	0.0	0.0	0.0	0.0	0.0	0.0	0.0	0.0	0.0	0.0	0.0	0.0	0.0	0.0	0.0	0.0	0.0	0.0	0.0	0.0	0.0	0.0	0.0	0.0	0.0	0.0	0.0	0.0	0.0	0.0	0.0	0.0	0.0	0.0	0.0	0.0	0.0	0.0	0.0	0.0	0.0	0.0	0.0	0.0	0.0	0.0	0.0	0.014537524251101806	0.12862842948666073	0.0	0.0	0.0	0.0	0.0	0.0	0.06699148590265344	0.0	0.0	0.0	0.0	0.0	0.0	0.0	0.0	0.0	0.0	0.0	0.0	0.0	0.0	0.0
ACH-000310	3	47702893	A[T>C]G	0.00035141421312793954	0.0	0.0	0.0	0.33758323419330294	0.0	0.0	0.0	0.0	0.0	0.0	0.0	0.0	0.0023467301429799564	0.0	0.0	0.0	0.0	0.0	0.0	0.0	0.0	0.0	0.0	0.0	0.0	0.0	0.0	0.0	0.0	0.0	0.0	0.0	0.0	0.0	0.0	0.0	0.0	0.0	0.0	0.0	0.0	0.0	0.0	0.0	0.0	0.0	0.0	0.0	0.0	0.0	0.0	0.0	0.0	0.0	0.0	0.0	0.0	0.0	0.0	0.0	0.0	0.034660524888564345	0.6250225194872779	0.0	0.0	0.0	0.0	0.0	0.0	3.55770747467267e-05	0.0	0.0	0.0	0.0	0.0	0.0	0.0	0.0	0.0	0.0	0.0	0.0	0.0	0.0	0.0
ACH-000310	3	48456701	C[T>C]T	0.0005780768778704345	0.0	0.0	0.0	0.539068756760582	0.0	0.0	0.0	0.0	0.0	0.0	0.0	0.0	0.014745736983372379	0.0	0.0	0.0	0.0	0.0	0.0	0.0	0.0	0.0	0.0	0.0	0.0	0.0	0.0	0.0	0.0	0.0	0.0	0.0	0.0	0.0	0.0	0.0	0.0	0.0	0.0	0.0	0.0	0.0	0.0	0.0	0.0	0.0	0.0	0.0	0.0	0.0	0.0	0.0	0.0	0.0	0.0	0.0	0.0	0.0	0.0	0.0	0.0	0.09322252644766851	0.3407508587915526	0.0	0.0	0.0	0.0	0.0	0.0	0.011634044138954166	0.0	0.0	0.0	0.0	0.0	0.0	0.0	0.0	0.0	0.0	0.0	0.0	0.0	0.0	0.0
ACH-000310	3	120499906	A[C>T]G	0.9275160503869201	0.0	0.0	0.0	0.04186217395270414	0.0	0.0	0.0	0.0	0.0	0.0	0.0	0.0	0.001402439779491157	0.0	0.0	0.0	0.0	0.0	0.0	0.0	0.0	0.0	0.0	0.0	0.0	0.0	0.0	0.0	0.0	0.0	0.0	0.0	0.0	0.0	0.0	0.0	0.0	0.0	0.0	0.0	0.0	0.0	0.0	0.0	0.0	0.0	0.0	0.0	0.0	0.0	0.0	0.0	0.0	0.0	0.0	0.0	0.0	0.0	0.0	0.0	0.0	0.02238111995089921	0.000813494273837371	0.0	0.0	0.0	0.0	0.0	0.0	0.006024721656148146	0.0	0.0	0.0	0.0	0.0	0.0	0.0	0.0	0.0	0.0	0.0	0.0	0.0	0.0	0.0
ACH-000310	3	148871312	G[C>A]T	5.6968877427094846e-15	0.0	0.0	0.0	0.4645142463425725	0.0	0.0	0.0	0.0	0.0	0.0	0.0	0.0	0.09537257698633536	0.0	0.0	0.0	0.0	0.0	0.0	0.0	0.0	0.0	0.0	0.0	0.0	0.0	0.0	0.0	0.0	0.0	0.0	0.0	0.0	0.0	0.0	0.0	0.0	0.0	0.0	0.0	0.0	0.0	0.0	0.0	0.0	0.0	0.0	0.0	0.0	0.0	0.0	0.0	0.0	0.0	0.0	0.0	0.0	0.0	0.0	0.0	0.0	0.0369133392263732	0.16049315748260773	0.0	0.0	0.0	0.0	0.0	0.0	0.24270667996210563	0.0	0.0	0.0	0.0	0.0	0.0	0.0	0.0	0.0	0.0	0.0	0.0	0.0	0.0	0.0
ACH-000310	4	2930134	C[C>A]C	0.05239498012809466	0.0	0.0	0.0	0.4790818717879973	0.0	0.0	0.0	0.0	0.0	0.0	0.0	0.0	0.12408497934127549	0.0	0.0	0.0	0.0	0.0	0.0	0.0	0.0	0.0	0.0	0.0	0.0	0.0	0.0	0.0	0.0	0.0	0.0	0.0	0.0	0.0	0.0	0.0	0.0	0.0	0.0	0.0	0.0	0.0	0.0	0.0	0.0	0.0	0.0	0.0	0.0	0.0	0.0	0.0	0.0	0.0	0.0	0.0	0.0	0.0	0.0	0.0	0.0	0.13168412905214014	0.0702103624473644	0.0	0.0	0.0	0.0	0.0	0.0	0.14254367724312805	0.0	0.0	0.0	0.0	0.0	0.0	0.0	0.0	0.0	0.0	0.0	0.0	0.0	0.0	0.0
ACH-000310	4	44692824	C[C>T]C	0.002842797059686647	0.0	0.0	0.0	0.5332616853104292	0.0	0.0	0.0	0.0	0.0	0.0	0.0	0.0	0.0011846391349565164	0.0	0.0	0.0	0.0	0.0	0.0	0.0	0.0	0.0	0.0	0.0	0.0	0.0	0.0	0.0	0.0	0.0	0.0	0.0	0.0	0.0	0.0	0.0	0.0	0.0	0.0	0.0	0.0	0.0	0.0	0.0	0.0	0.0	0.0	0.0	0.0	0.0	0.0	0.0	0.0	0.0	0.0	0.0	0.0	0.0	0.0	0.0	0.0	0.06137737401305427	0.0022208601102336046	0.0	0.0	0.0	0.0	0.0	0.0	0.3991126443716398	0.0	0.0	0.0	0.0	0.0	0.0	0.0	0.0	0.0	0.0	0.0	0.0	0.0	0.0	0.0
ACH-000310	4	62800608	A[T>C]G	0.00035141421312793954	0.0	0.0	0.0	0.33758323419330294	0.0	0.0	0.0	0.0	0.0	0.0	0.0	0.0	0.0023467301429799564	0.0	0.0	0.0	0.0	0.0	0.0	0.0	0.0	0.0	0.0	0.0	0.0	0.0	0.0	0.0	0.0	0.0	0.0	0.0	0.0	0.0	0.0	0.0	0.0	0.0	0.0	0.0	0.0	0.0	0.0	0.0	0.0	0.0	0.0	0.0	0.0	0.0	0.0	0.0	0.0	0.0	0.0	0.0	0.0	0.0	0.0	0.0	0.0	0.034660524888564345	0.6250225194872779	0.0	0.0	0.0	0.0	0.0	0.0	3.55770747467267e-05	0.0	0.0	0.0	0.0	0.0	0.0	0.0	0.0	0.0	0.0	0.0	0.0	0.0	0.0	0.0
ACH-000310	4	87024392	T[T>G]A	6.880103252311353e-15	0.0	0.0	0.0	0.4293806415458278	0.0	0.0	0.0	0.0	0.0	0.0	0.0	0.0	0.4648375467551833	0.0	0.0	0.0	0.0	0.0	0.0	0.0	0.0	0.0	0.0	0.0	0.0	0.0	0.0	0.0	0.0	0.0	0.0	0.0	0.0	0.0	0.0	0.0	0.0	0.0	0.0	0.0	0.0	0.0	0.0	0.0	0.0	0.0	0.0	0.0	0.0	0.0	0.0	0.0	0.0	0.0	0.0	0.0	0.0	0.0	0.0	0.0	0.0	0.05083689164594668	0.0009329790239905619	0.0	0.0	0.0	0.0	0.0	0.0	0.05401194102904472	0.0	0.0	0.0	0.0	0.0	0.0	0.0	0.0	0.0	0.0	0.0	0.0	0.0	0.0	0.0
ACH-000310	4	90168953	G[C>G]C	0.0012046860818981776	0.0	0.0	0.0	0.09947153791884011	0.0	0.0	0.0	0.0	0.0	0.0	0.0	0.0	0.001331755545389237	0.0	0.0	0.0	0.0	0.0	0.0	0.0	0.0	0.0	0.0	0.0	0.0	0.0	0.0	0.0	0.0	0.0	0.0	0.0	0.0	0.0	0.0	0.0	0.0	0.0	0.0	0.0	0.0	0.0	0.0	0.0	0.0	0.0	0.0	0.0	0.0	0.0	0.0	0.0	0.0	0.0	0.0	0.0	0.0	0.0	0.0	0.0	0.0	0.7884646412038182	0.0015082862558985154	0.0	0.0	0.0	0.0	0.0	0.0	0.1080190929941558	0.0	0.0	0.0	0.0	0.0	0.0	0.0	0.0	0.0	0.0	0.0	0.0	0.0	0.0	0.0
ACH-000310	4	115589285	C[T>C]G	0.0014393349783752589	0.0	0.0	0.0	0.22168045203838074	0.0	0.0	0.0	0.0	0.0	0.0	0.0	0.0	0.00013484704553595674	0.0	0.0	0.0	0.0	0.0	0.0	0.0	0.0	0.0	0.0	0.0	0.0	0.0	0.0	0.0	0.0	0.0	0.0	0.0	0.0	0.0	0.0	0.0	0.0	0.0	0.0	0.0	0.0	0.0	0.0	0.0	0.0	0.0	0.0	0.0	0.0	0.0	0.0	0.0	0.0	0.0	0.0	0.0	0.0	0.0	0.0	0.0	0.0	0.04301653318425014	0.7201917856935112	0.0	0.0	0.0	0.0	0.0	0.0	0.013537047059946896	0.0	0.0	0.0	0.0	0.0	0.0	0.0	0.0	0.0	0.0	0.0	0.0	0.0	0.0	0.0
ACH-000310	4	115597419	A[T>G]T	0.006377391168717038	0.0	0.0	0.0	0.7331223896931337	0.0	0.0	0.0	0.0	0.0	0.0	0.0	0.0	1.6851524602216064e-14	0.0	0.0	0.0	0.0	0.0	0.0	0.0	0.0	0.0	0.0	0.0	0.0	0.0	0.0	0.0	0.0	0.0	0.0	0.0	0.0	0.0	0.0	0.0	0.0	0.0	0.0	0.0	0.0	0.0	0.0	0.0	0.0	0.0	0.0	0.0	0.0	0.0	0.0	0.0	0.0	0.0	0.0	0.0	0.0	0.0	0.0	0.0	0.0	0.14864842195112135	0.018069024482395626	0.0	0.0	0.0	0.0	0.0	0.0	0.09378277270461544	0.0	0.0	0.0	0.0	0.0	0.0	0.0	0.0	0.0	0.0	0.0	0.0	0.0	0.0	0.0
ACH-000310	4	141548649	G[C>G]A	0.0003590259490478459	0.0	0.0	0.0	0.4671269776171318	0.0	0.0	0.0	0.0	0.0	0.0	0.0	0.0	0.0008585674415881752	0.0	0.0	0.0	0.0	0.0	0.0	0.0	0.0	0.0	0.0	0.0	0.0	0.0	0.0	0.0	0.0	0.0	0.0	0.0	0.0	0.0	0.0	0.0	0.0	0.0	0.0	0.0	0.0	0.0	0.0	0.0	0.0	0.0	0.0	0.0	0.0	0.0	0.0	0.0	0.0	0.0	0.0	0.0	0.0	0.0	0.0	0.0	0.0	0.06548348785375904	0.07653500290358023	0.0	0.0	0.0	0.0	0.0	0.0	0.38963693823489276	0.0	0.0	0.0	0.0	0.0	0.0	0.0	0.0	0.0	0.0	0.0	0.0	0.0	0.0	0.0
ACH-000310	4	159812744	C[C>T]A	0.02164835290079978	0.0	0.0	0.0	0.5597594057916233	0.0	0.0	0.0	0.0	0.0	0.0	0.0	0.0	0.0021788519146617915	0.0	0.0	0.0	0.0	0.0	0.0	0.0	0.0	0.0	0.0	0.0	0.0	0.0	0.0	0.0	0.0	0.0	0.0	0.0	0.0	0.0	0.0	0.0	0.0	0.0	0.0	0.0	0.0	0.0	0.0	0.0	0.0	0.0	0.0	0.0	0.0	0.0	0.0	0.0	0.0	0.0	0.0	0.0	0.0	0.0	0.0	0.0	0.0	0.20027013518531714	0.03404523719681739	0.0	0.0	0.0	0.0	0.0	0.0	0.1820980170107805	0.0	0.0	0.0	0.0	0.0	0.0	0.0	0.0	0.0	0.0	0.0	0.0	0.0	0.0	0.0
ACH-000310	5	205970	A[C>T]G	0.9275160503869201	0.0	0.0	0.0	0.04186217395270414	0.0	0.0	0.0	0.0	0.0	0.0	0.0	0.0	0.001402439779491157	0.0	0.0	0.0	0.0	0.0	0.0	0.0	0.0	0.0	0.0	0.0	0.0	0.0	0.0	0.0	0.0	0.0	0.0	0.0	0.0	0.0	0.0	0.0	0.0	0.0	0.0	0.0	0.0	0.0	0.0	0.0	0.0	0.0	0.0	0.0	0.0	0.0	0.0	0.0	0.0	0.0	0.0	0.0	0.0	0.0	0.0	0.0	0.0	0.02238111995089921	0.000813494273837371	0.0	0.0	0.0	0.0	0.0	0.0	0.006024721656148146	0.0	0.0	0.0	0.0	0.0	0.0	0.0	0.0	0.0	0.0	0.0	0.0	0.0	0.0	0.0
ACH-000310	5	43556855	C[C>T]C	0.002842797059686647	0.0	0.0	0.0	0.5332616853104292	0.0	0.0	0.0	0.0	0.0	0.0	0.0	0.0	0.0011846391349565164	0.0	0.0	0.0	0.0	0.0	0.0	0.0	0.0	0.0	0.0	0.0	0.0	0.0	0.0	0.0	0.0	0.0	0.0	0.0	0.0	0.0	0.0	0.0	0.0	0.0	0.0	0.0	0.0	0.0	0.0	0.0	0.0	0.0	0.0	0.0	0.0	0.0	0.0	0.0	0.0	0.0	0.0	0.0	0.0	0.0	0.0	0.0	0.0	0.06137737401305427	0.0022208601102336046	0.0	0.0	0.0	0.0	0.0	0.0	0.3991126443716398	0.0	0.0	0.0	0.0	0.0	0.0	0.0	0.0	0.0	0.0	0.0	0.0	0.0	0.0	0.0
ACH-000310	5	139574138	A[C>T]C	0.06117849836726692	0.0	0.0	0.0	0.4618909911750054	0.0	0.0	0.0	0.0	0.0	0.0	0.0	0.0	0.06774801469037924	0.0	0.0	0.0	0.0	0.0	0.0	0.0	0.0	0.0	0.0	0.0	0.0	0.0	0.0	0.0	0.0	0.0	0.0	0.0	0.0	0.0	0.0	0.0	0.0	0.0	0.0	0.0	0.0	0.0	0.0	0.0	0.0	0.0	0.0	0.0	0.0	0.0	0.0	0.0	0.0	0.0	0.0	0.0	0.0	0.0	0.0	0.0	0.0	0.024043976340763534	0.004779354668655842	0.0	0.0	0.0	0.0	0.0	0.0	0.3803591647579291	0.0	0.0	0.0	0.0	0.0	0.0	0.0	0.0	0.0	0.0	0.0	0.0	0.0	0.0	0.0
ACH-000310	5	149743805	C[C>T]G	0.6727164869206642	0.0	0.0	0.0	0.16011012882184877	0.0	0.0	0.0	0.0	0.0	0.0	0.0	0.0	0.01692907487371737	0.0	0.0	0.0	0.0	0.0	0.0	0.0	0.0	0.0	0.0	0.0	0.0	0.0	0.0	0.0	0.0	0.0	0.0	0.0	0.0	0.0	0.0	0.0	0.0	0.0	0.0	0.0	0.0	0.0	0.0	0.0	0.0	0.0	0.0	0.0	0.0	0.0	0.0	0.0	0.0	0.0	0.0	0.0	0.0	0.0	0.0	0.0	0.0	0.05958884823961599	0.09065546114415378	0.0	0.0	0.0	0.0	0.0	0.0	3.2028429620097794e-18	0.0	0.0	0.0	0.0	0.0	0.0	0.0	0.0	0.0	0.0	0.0	0.0	0.0	0.0	0.0
ACH-000310	6	31323317	C[C>T]C	0.002842797059686647	0.0	0.0	0.0	0.5332616853104292	0.0	0.0	0.0	0.0	0.0	0.0	0.0	0.0	0.0011846391349565164	0.0	0.0	0.0	0.0	0.0	0.0	0.0	0.0	0.0	0.0	0.0	0.0	0.0	0.0	0.0	0.0	0.0	0.0	0.0	0.0	0.0	0.0	0.0	0.0	0.0	0.0	0.0	0.0	0.0	0.0	0.0	0.0	0.0	0.0	0.0	0.0	0.0	0.0	0.0	0.0	0.0	0.0	0.0	0.0	0.0	0.0	0.0	0.0	0.06137737401305427	0.0022208601102336046	0.0	0.0	0.0	0.0	0.0	0.0	0.3991126443716398	0.0	0.0	0.0	0.0	0.0	0.0	0.0	0.0	0.0	0.0	0.0	0.0	0.0	0.0	0.0
ACH-000310	6	38863890	A[C>T]G	0.9275160503869201	0.0	0.0	0.0	0.04186217395270414	0.0	0.0	0.0	0.0	0.0	0.0	0.0	0.0	0.001402439779491157	0.0	0.0	0.0	0.0	0.0	0.0	0.0	0.0	0.0	0.0	0.0	0.0	0.0	0.0	0.0	0.0	0.0	0.0	0.0	0.0	0.0	0.0	0.0	0.0	0.0	0.0	0.0	0.0	0.0	0.0	0.0	0.0	0.0	0.0	0.0	0.0	0.0	0.0	0.0	0.0	0.0	0.0	0.0	0.0	0.0	0.0	0.0	0.0	0.02238111995089921	0.000813494273837371	0.0	0.0	0.0	0.0	0.0	0.0	0.006024721656148146	0.0	0.0	0.0	0.0	0.0	0.0	0.0	0.0	0.0	0.0	0.0	0.0	0.0	0.0	0.0
ACH-000310	6	57018663	G[C>A]C	0.007281468100883137	0.0	0.0	0.0	0.4380116819092916	0.0	0.0	0.0	0.0	0.0	0.0	0.0	0.0	0.0730155194730544	0.0	0.0	0.0	0.0	0.0	0.0	0.0	0.0	0.0	0.0	0.0	0.0	0.0	0.0	0.0	0.0	0.0	0.0	0.0	0.0	0.0	0.0	0.0	0.0	0.0	0.0	0.0	0.0	0.0	0.0	0.0	0.0	0.0	0.0	0.0	0.0	0.0	0.0	0.0	0.0	0.0	0.0	0.0	0.0	0.0	0.0	0.0	0.0	0.09363676197873948	0.18302980491773113	0.0	0.0	0.0	0.0	0.0	0.0	0.20502476362030042	0.0	0.0	0.0	0.0	0.0	0.0	0.0	0.0	0.0	0.0	0.0	0.0	0.0	0.0	0.0
ACH-000310	6	155635496	T[T>C]A	0.003451686603196043	0.0	0.0	0.0	0.6494847182517476	0.0	0.0	0.0	0.0	0.0	0.0	0.0	0.0	0.159875134689581	0.0	0.0	0.0	0.0	0.0	0.0	0.0	0.0	0.0	0.0	0.0	0.0	0.0	0.0	0.0	0.0	0.0	0.0	0.0	0.0	0.0	0.0	0.0	0.0	0.0	0.0	0.0	0.0	0.0	0.0	0.0	0.0	0.0	0.0	0.0	0.0	0.0	0.0	0.0	0.0	0.0	0.0	0.0	0.0	0.0	0.0	0.0	0.0	0.12196344769291702	0.05975638919986307	0.0	0.0	0.0	0.0	0.0	0.0	0.005468623562695545	0.0	0.0	0.0	0.0	0.0	0.0	0.0	0.0	0.0	0.0	0.0	0.0	0.0	0.0	0.0
ACH-000310	6	168276144	A[T>C]T	0.0430941441466882	0.0	0.0	0.0	0.7664959447913587	0.0	0.0	0.0	0.0	0.0	0.0	0.0	0.0	0.0015012513301852135	0.0	0.0	0.0	0.0	0.0	0.0	0.0	0.0	0.0	0.0	0.0	0.0	0.0	0.0	0.0	0.0	0.0	0.0	0.0	0.0	0.0	0.0	0.0	0.0	0.0	0.0	0.0	0.0	0.0	0.0	0.0	0.0	0.0	0.0	0.0	0.0	0.0	0.0	0.0	0.0	0.0	0.0	0.0	0.0	0.0	0.0	0.0	0.0	0.06831234810705741	0.0548655347134755	0.0	0.0	0.0	0.0	0.0	0.0	0.06573077691123494	0.0	0.0	0.0	0.0	0.0	0.0	0.0	0.0	0.0	0.0	0.0	0.0	0.0	0.0	0.0
ACH-000310	7	74211460	A[T>C]T	0.0430941441466882	0.0	0.0	0.0	0.7664959447913587	0.0	0.0	0.0	0.0	0.0	0.0	0.0	0.0	0.0015012513301852135	0.0	0.0	0.0	0.0	0.0	0.0	0.0	0.0	0.0	0.0	0.0	0.0	0.0	0.0	0.0	0.0	0.0	0.0	0.0	0.0	0.0	0.0	0.0	0.0	0.0	0.0	0.0	0.0	0.0	0.0	0.0	0.0	0.0	0.0	0.0	0.0	0.0	0.0	0.0	0.0	0.0	0.0	0.0	0.0	0.0	0.0	0.0	0.0	0.06831234810705741	0.0548655347134755	0.0	0.0	0.0	0.0	0.0	0.0	0.06573077691123494	0.0	0.0	0.0	0.0	0.0	0.0	0.0	0.0	0.0	0.0	0.0	0.0	0.0	0.0	0.0
ACH-000310	7	95822447	G[C>A]A	0.04195608937939481	0.0	0.0	0.0	0.7220096375283589	0.0	0.0	0.0	0.0	0.0	0.0	0.0	0.0	0.025876833451830318	0.0	0.0	0.0	0.0	0.0	0.0	0.0	0.0	0.0	0.0	0.0	0.0	0.0	0.0	0.0	0.0	0.0	0.0	0.0	0.0	0.0	0.0	0.0	0.0	0.0	0.0	0.0	0.0	0.0	0.0	0.0	0.0	0.0	0.0	0.0	0.0	0.0	0.0	0.0	0.0	0.0	0.0	0.0	0.0	0.0	0.0	0.0	0.0	0.014537524251101806	0.12862842948666073	0.0	0.0	0.0	0.0	0.0	0.0	0.06699148590265344	0.0	0.0	0.0	0.0	0.0	0.0	0.0	0.0	0.0	0.0	0.0	0.0	0.0	0.0	0.0
ACH-000310	8	39505863	T[C>A]C	0.06893938767741681	0.0	0.0	0.0	0.6660717790030272	0.0	0.0	0.0	0.0	0.0	0.0	0.0	0.0	0.13803401129556425	0.0	0.0	0.0	0.0	0.0	0.0	0.0	0.0	0.0	0.0	0.0	0.0	0.0	0.0	0.0	0.0	0.0	0.0	0.0	0.0	0.0	0.0	0.0	0.0	0.0	0.0	0.0	0.0	0.0	0.0	0.0	0.0	0.0	0.0	0.0	0.0	0.0	0.0	0.0	0.0	0.0	0.0	0.0	0.0	0.0	0.0	0.0	0.0	0.12569462657393277	0.0010298207370337657	0.0	0.0	0.0	0.0	0.0	0.0	0.00023037471302533126	0.0	0.0	0.0	0.0	0.0	0.0	0.0	0.0	0.0	0.0	0.0	0.0	0.0	0.0	0.0
ACH-000310	8	110308697	C[C>A]T	4.94760380337167e-15	0.0	0.0	0.0	0.3838986749673585	0.0	0.0	0.0	0.0	0.0	0.0	0.0	0.0	0.24641531128514801	0.0	0.0	0.0	0.0	0.0	0.0	0.0	0.0	0.0	0.0	0.0	0.0	0.0	0.0	0.0	0.0	0.0	0.0	0.0	0.0	0.0	0.0	0.0	0.0	0.0	0.0	0.0	0.0	0.0	0.0	0.0	0.0	0.0	0.0	0.0	0.0	0.0	0.0	0.0	0.0	0.0	0.0	0.0	0.0	0.0	0.0	0.0	0.0	0.13835685019153332	0.11453120037720653	0.0	0.0	0.0	0.0	0.0	0.0	0.11679796317874863	0.0	0.0	0.0	0.0	0.0	0.0	0.0	0.0	0.0	0.0	0.0	0.0	0.0	0.0	0.0
ACH-000310	8	144992093	G[C>A]T	5.6968877427094846e-15	0.0	0.0	0.0	0.4645142463425725	0.0	0.0	0.0	0.0	0.0	0.0	0.0	0.0	0.09537257698633536	0.0	0.0	0.0	0.0	0.0	0.0	0.0	0.0	0.0	0.0	0.0	0.0	0.0	0.0	0.0	0.0	0.0	0.0	0.0	0.0	0.0	0.0	0.0	0.0	0.0	0.0	0.0	0.0	0.0	0.0	0.0	0.0	0.0	0.0	0.0	0.0	0.0	0.0	0.0	0.0	0.0	0.0	0.0	0.0	0.0	0.0	0.0	0.0	0.0369133392263732	0.16049315748260773	0.0	0.0	0.0	0.0	0.0	0.0	0.24270667996210563	0.0	0.0	0.0	0.0	0.0	0.0	0.0	0.0	0.0	0.0	0.0	0.0	0.0	0.0	0.0
ACH-000310	8	144997502	T[C>T]G	0.14708406900154422	0.0	0.0	0.0	0.05667282155815384	0.0	0.0	0.0	0.0	0.0	0.0	0.0	0.0	0.7789505825269721	0.0	0.0	0.0	0.0	0.0	0.0	0.0	0.0	0.0	0.0	0.0	0.0	0.0	0.0	0.0	0.0	0.0	0.0	0.0	0.0	0.0	0.0	0.0	0.0	0.0	0.0	0.0	0.0	0.0	0.0	0.0	0.0	0.0	0.0	0.0	0.0	0.0	0.0	0.0	0.0	0.0	0.0	0.0	0.0	0.0	0.0	0.0	0.0	0.017283892383433967	1.4848396530961175e-13	0.0	0.0	0.0	0.0	0.0	0.0	8.634529747416077e-06	0.0	0.0	0.0	0.0	0.0	0.0	0.0	0.0	0.0	0.0	0.0	0.0	0.0	0.0	0.0
ACH-000310	9	114873983	C[T>C]G	0.0014393349783752589	0.0	0.0	0.0	0.22168045203838074	0.0	0.0	0.0	0.0	0.0	0.0	0.0	0.0	0.00013484704553595674	0.0	0.0	0.0	0.0	0.0	0.0	0.0	0.0	0.0	0.0	0.0	0.0	0.0	0.0	0.0	0.0	0.0	0.0	0.0	0.0	0.0	0.0	0.0	0.0	0.0	0.0	0.0	0.0	0.0	0.0	0.0	0.0	0.0	0.0	0.0	0.0	0.0	0.0	0.0	0.0	0.0	0.0	0.0	0.0	0.0	0.0	0.0	0.0	0.04301653318425014	0.7201917856935112	0.0	0.0	0.0	0.0	0.0	0.0	0.013537047059946896	0.0	0.0	0.0	0.0	0.0	0.0	0.0	0.0	0.0	0.0	0.0	0.0	0.0	0.0	0.0
ACH-000310	9	119129981	A[T>C]G	0.00035141421312793954	0.0	0.0	0.0	0.33758323419330294	0.0	0.0	0.0	0.0	0.0	0.0	0.0	0.0	0.0023467301429799564	0.0	0.0	0.0	0.0	0.0	0.0	0.0	0.0	0.0	0.0	0.0	0.0	0.0	0.0	0.0	0.0	0.0	0.0	0.0	0.0	0.0	0.0	0.0	0.0	0.0	0.0	0.0	0.0	0.0	0.0	0.0	0.0	0.0	0.0	0.0	0.0	0.0	0.0	0.0	0.0	0.0	0.0	0.0	0.0	0.0	0.0	0.0	0.0	0.034660524888564345	0.6250225194872779	0.0	0.0	0.0	0.0	0.0	0.0	3.55770747467267e-05	0.0	0.0	0.0	0.0	0.0	0.0	0.0	0.0	0.0	0.0	0.0	0.0	0.0	0.0	0.0
ACH-000310	10	13342039	T[C>G]C	0.00741564842360997	0.0	0.0	0.0	0.7400678531075854	0.0	0.0	0.0	0.0	0.0	0.0	0.0	0.0	1.0811047958926257e-14	0.0	0.0	0.0	0.0	0.0	0.0	0.0	0.0	0.0	0.0	0.0	0.0	0.0	0.0	0.0	0.0	0.0	0.0	0.0	0.0	0.0	0.0	0.0	0.0	0.0	0.0	0.0	0.0	0.0	0.0	0.0	0.0	0.0	0.0	0.0	0.0	0.0	0.0	0.0	0.0	0.0	0.0	0.0	0.0	0.0	0.0	0.0	0.0	0.23100542032585997	0.017626887754155586	0.0	0.0	0.0	0.0	0.0	0.0	0.0038841903887781716	0.0	0.0	0.0	0.0	0.0	0.0	0.0	0.0	0.0	0.0	0.0	0.0	0.0	0.0	0.0
ACH-000310	10	48370727	C[C>T]G	0.6727164869206642	0.0	0.0	0.0	0.16011012882184877	0.0	0.0	0.0	0.0	0.0	0.0	0.0	0.0	0.01692907487371737	0.0	0.0	0.0	0.0	0.0	0.0	0.0	0.0	0.0	0.0	0.0	0.0	0.0	0.0	0.0	0.0	0.0	0.0	0.0	0.0	0.0	0.0	0.0	0.0	0.0	0.0	0.0	0.0	0.0	0.0	0.0	0.0	0.0	0.0	0.0	0.0	0.0	0.0	0.0	0.0	0.0	0.0	0.0	0.0	0.0	0.0	0.0	0.0	0.05958884823961599	0.09065546114415378	0.0	0.0	0.0	0.0	0.0	0.0	3.2028429620097794e-18	0.0	0.0	0.0	0.0	0.0	0.0	0.0	0.0	0.0	0.0	0.0	0.0	0.0	0.0	0.0
ACH-000310	10	73767254	C[C>A]T	4.94760380337167e-15	0.0	0.0	0.0	0.3838986749673585	0.0	0.0	0.0	0.0	0.0	0.0	0.0	0.0	0.24641531128514801	0.0	0.0	0.0	0.0	0.0	0.0	0.0	0.0	0.0	0.0	0.0	0.0	0.0	0.0	0.0	0.0	0.0	0.0	0.0	0.0	0.0	0.0	0.0	0.0	0.0	0.0	0.0	0.0	0.0	0.0	0.0	0.0	0.0	0.0	0.0	0.0	0.0	0.0	0.0	0.0	0.0	0.0	0.0	0.0	0.0	0.0	0.0	0.0	0.13835685019153332	0.11453120037720653	0.0	0.0	0.0	0.0	0.0	0.0	0.11679796317874863	0.0	0.0	0.0	0.0	0.0	0.0	0.0	0.0	0.0	0.0	0.0	0.0	0.0	0.0	0.0
ACH-000310	10	75510919	G[C>G]C	0.0012046860818981776	0.0	0.0	0.0	0.09947153791884011	0.0	0.0	0.0	0.0	0.0	0.0	0.0	0.0	0.001331755545389237	0.0	0.0	0.0	0.0	0.0	0.0	0.0	0.0	0.0	0.0	0.0	0.0	0.0	0.0	0.0	0.0	0.0	0.0	0.0	0.0	0.0	0.0	0.0	0.0	0.0	0.0	0.0	0.0	0.0	0.0	0.0	0.0	0.0	0.0	0.0	0.0	0.0	0.0	0.0	0.0	0.0	0.0	0.0	0.0	0.0	0.0	0.0	0.0	0.7884646412038182	0.0015082862558985154	0.0	0.0	0.0	0.0	0.0	0.0	0.1080190929941558	0.0	0.0	0.0	0.0	0.0	0.0	0.0	0.0	0.0	0.0	0.0	0.0	0.0	0.0	0.0
ACH-000310	10	102766485	G[C>T]G	0.7227894998244913	0.0	0.0	0.0	0.10870892099538808	0.0	0.0	0.0	0.0	0.0	0.0	0.0	0.0	0.05569053939941626	0.0	0.0	0.0	0.0	0.0	0.0	0.0	0.0	0.0	0.0	0.0	0.0	0.0	0.0	0.0	0.0	0.0	0.0	0.0	0.0	0.0	0.0	0.0	0.0	0.0	0.0	0.0	0.0	0.0	0.0	0.0	0.0	0.0	0.0	0.0	0.0	0.0	0.0	0.0	0.0	0.0	0.0	0.0	0.0	0.0	0.0	0.0	0.0	0.02516810697061642	0.05910446179196468	0.0	0.0	0.0	0.0	0.0	0.0	0.028538471018123335	0.0	0.0	0.0	0.0	0.0	0.0	0.0	0.0	0.0	0.0	0.0	0.0	0.0	0.0	0.0
ACH-000310	10	122358108	C[C>A]A	0.0007024821128903539	0.0	0.0	0.0	0.0445938330132451	0.0	0.0	0.0	0.0	0.0	0.0	0.0	0.0	0.0015637767420960372	0.0	0.0	0.0	0.0	0.0	0.0	0.0	0.0	0.0	0.0	0.0	0.0	0.0	0.0	0.0	0.0	0.0	0.0	0.0	0.0	0.0	0.0	0.0	0.0	0.0	0.0	0.0	0.0	0.0	0.0	0.0	0.0	0.0	0.0	0.0	0.0	0.0	0.0	0.0	0.0	0.0	0.0	0.0	0.0	0.0	0.0	0.0	0.0	0.9530071203916831	0.00013278774008543048	0.0	0.0	0.0	0.0	0.0	0.0	2.101071836794786e-18	0.0	0.0	0.0	0.0	0.0	0.0	0.0	0.0	0.0	0.0	0.0	0.0	0.0	0.0	0.0
ACH-000310	11	16834685	T[T>C]T	0.05602680639256413	0.0	0.0	0.0	0.6380937119823848	0.0	0.0	0.0	0.0	0.0	0.0	0.0	0.0	0.0004329555452941067	0.0	0.0	0.0	0.0	0.0	0.0	0.0	0.0	0.0	0.0	0.0	0.0	0.0	0.0	0.0	0.0	0.0	0.0	0.0	0.0	0.0	0.0	0.0	0.0	0.0	0.0	0.0	0.0	0.0	0.0	0.0	0.0	0.0	0.0	0.0	0.0	0.0	0.0	0.0	0.0	0.0	0.0	0.0	0.0	0.0	0.0	0.0	0.0	0.03591042911493637	0.15095571210791092	0.0	0.0	0.0	0.0	0.0	0.0	0.1185803848569096	0.0	0.0	0.0	0.0	0.0	0.0	0.0	0.0	0.0	0.0	0.0	0.0	0.0	0.0	0.0
ACH-000310	11	62159046	A[T>C]G	0.00035141421312793954	0.0	0.0	0.0	0.33758323419330294	0.0	0.0	0.0	0.0	0.0	0.0	0.0	0.0	0.0023467301429799564	0.0	0.0	0.0	0.0	0.0	0.0	0.0	0.0	0.0	0.0	0.0	0.0	0.0	0.0	0.0	0.0	0.0	0.0	0.0	0.0	0.0	0.0	0.0	0.0	0.0	0.0	0.0	0.0	0.0	0.0	0.0	0.0	0.0	0.0	0.0	0.0	0.0	0.0	0.0	0.0	0.0	0.0	0.0	0.0	0.0	0.0	0.0	0.0	0.034660524888564345	0.6250225194872779	0.0	0.0	0.0	0.0	0.0	0.0	3.55770747467267e-05	0.0	0.0	0.0	0.0	0.0	0.0	0.0	0.0	0.0	0.0	0.0	0.0	0.0	0.0	0.0
ACH-000310	11	62289386	C[C>T]C	0.002842797059686647	0.0	0.0	0.0	0.5332616853104292	0.0	0.0	0.0	0.0	0.0	0.0	0.0	0.0	0.0011846391349565164	0.0	0.0	0.0	0.0	0.0	0.0	0.0	0.0	0.0	0.0	0.0	0.0	0.0	0.0	0.0	0.0	0.0	0.0	0.0	0.0	0.0	0.0	0.0	0.0	0.0	0.0	0.0	0.0	0.0	0.0	0.0	0.0	0.0	0.0	0.0	0.0	0.0	0.0	0.0	0.0	0.0	0.0	0.0	0.0	0.0	0.0	0.0	0.0	0.06137737401305427	0.0022208601102336046	0.0	0.0	0.0	0.0	0.0	0.0	0.3991126443716398	0.0	0.0	0.0	0.0	0.0	0.0	0.0	0.0	0.0	0.0	0.0	0.0	0.0	0.0	0.0
ACH-000310	11	63933187	T[C>T]G	0.14708406900154422	0.0	0.0	0.0	0.05667282155815384	0.0	0.0	0.0	0.0	0.0	0.0	0.0	0.0	0.7789505825269721	0.0	0.0	0.0	0.0	0.0	0.0	0.0	0.0	0.0	0.0	0.0	0.0	0.0	0.0	0.0	0.0	0.0	0.0	0.0	0.0	0.0	0.0	0.0	0.0	0.0	0.0	0.0	0.0	0.0	0.0	0.0	0.0	0.0	0.0	0.0	0.0	0.0	0.0	0.0	0.0	0.0	0.0	0.0	0.0	0.0	0.0	0.0	0.0	0.017283892383433967	1.4848396530961175e-13	0.0	0.0	0.0	0.0	0.0	0.0	8.634529747416077e-06	0.0	0.0	0.0	0.0	0.0	0.0	0.0	0.0	0.0	0.0	0.0	0.0	0.0	0.0	0.0
ACH-000310	11	108205832	G[T>C]T	0.0010294735277384533	0.0	0.0	0.0	0.5273854175605174	0.0	0.0	0.0	0.0	0.0	0.0	0.0	0.0	0.22138905701270212	0.0	0.0	0.0	0.0	0.0	0.0	0.0	0.0	0.0	0.0	0.0	0.0	0.0	0.0	0.0	0.0	0.0	0.0	0.0	0.0	0.0	0.0	0.0	0.0	0.0	0.0	0.0	0.0	0.0	0.0	0.0	0.0	0.0	0.0	0.0	0.0	0.0	0.0	0.0	0.0	0.0	0.0	0.0	0.0	0.0	0.0	0.0	0.0	0.12792292922429851	0.07291747424669696	0.0	0.0	0.0	0.0	0.0	0.0	0.049355648428046475	0.0	0.0	0.0	0.0	0.0	0.0	0.0	0.0	0.0	0.0	0.0	0.0	0.0	0.0	0.0
ACH-000310	12	4398076	G[C>A]T	5.6968877427094846e-15	0.0	0.0	0.0	0.4645142463425725	0.0	0.0	0.0	0.0	0.0	0.0	0.0	0.0	0.09537257698633536	0.0	0.0	0.0	0.0	0.0	0.0	0.0	0.0	0.0	0.0	0.0	0.0	0.0	0.0	0.0	0.0	0.0	0.0	0.0	0.0	0.0	0.0	0.0	0.0	0.0	0.0	0.0	0.0	0.0	0.0	0.0	0.0	0.0	0.0	0.0	0.0	0.0	0.0	0.0	0.0	0.0	0.0	0.0	0.0	0.0	0.0	0.0	0.0	0.0369133392263732	0.16049315748260773	0.0	0.0	0.0	0.0	0.0	0.0	0.24270667996210563	0.0	0.0	0.0	0.0	0.0	0.0	0.0	0.0	0.0	0.0	0.0	0.0	0.0	0.0	0.0
ACH-000310	12	41903629	T[C>G]C	0.00741564842360997	0.0	0.0	0.0	0.7400678531075854	0.0	0.0	0.0	0.0	0.0	0.0	0.0	0.0	1.0811047958926257e-14	0.0	0.0	0.0	0.0	0.0	0.0	0.0	0.0	0.0	0.0	0.0	0.0	0.0	0.0	0.0	0.0	0.0	0.0	0.0	0.0	0.0	0.0	0.0	0.0	0.0	0.0	0.0	0.0	0.0	0.0	0.0	0.0	0.0	0.0	0.0	0.0	0.0	0.0	0.0	0.0	0.0	0.0	0.0	0.0	0.0	0.0	0.0	0.0	0.23100542032585997	0.017626887754155586	0.0	0.0	0.0	0.0	0.0	0.0	0.0038841903887781716	0.0	0.0	0.0	0.0	0.0	0.0	0.0	0.0	0.0	0.0	0.0	0.0	0.0	0.0	0.0
ACH-000310	12	57877741	C[T>C]T	0.0005780768778704345	0.0	0.0	0.0	0.539068756760582	0.0	0.0	0.0	0.0	0.0	0.0	0.0	0.0	0.014745736983372379	0.0	0.0	0.0	0.0	0.0	0.0	0.0	0.0	0.0	0.0	0.0	0.0	0.0	0.0	0.0	0.0	0.0	0.0	0.0	0.0	0.0	0.0	0.0	0.0	0.0	0.0	0.0	0.0	0.0	0.0	0.0	0.0	0.0	0.0	0.0	0.0	0.0	0.0	0.0	0.0	0.0	0.0	0.0	0.0	0.0	0.0	0.0	0.0	0.09322252644766851	0.3407508587915526	0.0	0.0	0.0	0.0	0.0	0.0	0.011634044138954166	0.0	0.0	0.0	0.0	0.0	0.0	0.0	0.0	0.0	0.0	0.0	0.0	0.0	0.0	0.0
ACH-000310	12	58021915	C[C>G]G	0.037250271129631134	0.0	0.0	0.0	0.7024113137478359	0.0	0.0	0.0	0.0	0.0	0.0	0.0	0.0	3.1318575291769114e-14	0.0	0.0	0.0	0.0	0.0	0.0	0.0	0.0	0.0	0.0	0.0	0.0	0.0	0.0	0.0	0.0	0.0	0.0	0.0	0.0	0.0	0.0	0.0	0.0	0.0	0.0	0.0	0.0	0.0	0.0	0.0	0.0	0.0	0.0	0.0	0.0	0.0	0.0	0.0	0.0	0.0	0.0	0.0	0.0	0.0	0.0	0.0	0.0	0.21725556721356706	0.0428655929271809	0.0	0.0	0.0	0.0	0.0	0.0	0.00021725498175371365	0.0	0.0	0.0	0.0	0.0	0.0	0.0	0.0	0.0	0.0	0.0	0.0	0.0	0.0	0.0
ACH-000310	12	64062158	A[C>T]T	0.07011873165804904	0.0	0.0	0.0	0.4292358202962313	0.0	0.0	0.0	0.0	0.0	0.0	0.0	0.0	0.07737438976486848	0.0	0.0	0.0	0.0	0.0	0.0	0.0	0.0	0.0	0.0	0.0	0.0	0.0	0.0	0.0	0.0	0.0	0.0	0.0	0.0	0.0	0.0	0.0	0.0	0.0	0.0	0.0	0.0	0.0	0.0	0.0	0.0	0.0	0.0	0.0	0.0	0.0	0.0	0.0	0.0	0.0	0.0	0.0	0.0	0.0	0.0	0.0	0.0	0.01799445849938414	0.03408792750073142	0.0	0.0	0.0	0.0	0.0	0.0	0.3711886722807356	0.0	0.0	0.0	0.0	0.0	0.0	0.0	0.0	0.0	0.0	0.0	0.0	0.0	0.0	0.0
ACH-000310	12	92539259	G[C>G]C	0.0012046860818981776	0.0	0.0	0.0	0.09947153791884011	0.0	0.0	0.0	0.0	0.0	0.0	0.0	0.0	0.001331755545389237	0.0	0.0	0.0	0.0	0.0	0.0	0.0	0.0	0.0	0.0	0.0	0.0	0.0	0.0	0.0	0.0	0.0	0.0	0.0	0.0	0.0	0.0	0.0	0.0	0.0	0.0	0.0	0.0	0.0	0.0	0.0	0.0	0.0	0.0	0.0	0.0	0.0	0.0	0.0	0.0	0.0	0.0	0.0	0.0	0.0	0.0	0.0	0.0	0.7884646412038182	0.0015082862558985154	0.0	0.0	0.0	0.0	0.0	0.0	0.1080190929941558	0.0	0.0	0.0	0.0	0.0	0.0	0.0	0.0	0.0	0.0	0.0	0.0	0.0	0.0	0.0
ACH-000310	12	110893730	T[T>A]T	0.05538235836585159	0.0	0.0	0.0	0.5741188907081943	0.0	0.0	0.0	0.0	0.0	0.0	0.0	0.0	0.04987561268709459	0.0	0.0	0.0	0.0	0.0	0.0	0.0	0.0	0.0	0.0	0.0	0.0	0.0	0.0	0.0	0.0	0.0	0.0	0.0	0.0	0.0	0.0	0.0	0.0	0.0	0.0	0.0	0.0	0.0	0.0	0.0	0.0	0.0	0.0	0.0	0.0	0.0	0.0	0.0	0.0	0.0	0.0	0.0	0.0	0.0	0.0	0.0	0.0	0.15846056440210113	1.7112165376179424e-16	0.0	0.0	0.0	0.0	0.0	0.0	0.16216257383675814	0.0	0.0	0.0	0.0	0.0	0.0	0.0	0.0	0.0	0.0	0.0	0.0	0.0	0.0	0.0
ACH-000310	14	20823953	C[T>C]G	0.0014393349783752589	0.0	0.0	0.0	0.22168045203838074	0.0	0.0	0.0	0.0	0.0	0.0	0.0	0.0	0.00013484704553595674	0.0	0.0	0.0	0.0	0.0	0.0	0.0	0.0	0.0	0.0	0.0	0.0	0.0	0.0	0.0	0.0	0.0	0.0	0.0	0.0	0.0	0.0	0.0	0.0	0.0	0.0	0.0	0.0	0.0	0.0	0.0	0.0	0.0	0.0	0.0	0.0	0.0	0.0	0.0	0.0	0.0	0.0	0.0	0.0	0.0	0.0	0.0	0.0	0.04301653318425014	0.7201917856935112	0.0	0.0	0.0	0.0	0.0	0.0	0.013537047059946896	0.0	0.0	0.0	0.0	0.0	0.0	0.0	0.0	0.0	0.0	0.0	0.0	0.0	0.0	0.0
ACH-000310	14	24842469	G[C>T]A	0.029269060983052056	0.0	0.0	0.0	0.3409041341579355	0.0	0.0	0.0	0.0	0.0	0.0	0.0	0.0	0.003189980516688358	0.0	0.0	0.0	0.0	0.0	0.0	0.0	0.0	0.0	0.0	0.0	0.0	0.0	0.0	0.0	0.0	0.0	0.0	0.0	0.0	0.0	0.0	0.0	0.0	0.0	0.0	0.0	0.0	0.0	0.0	0.0	0.0	0.0	0.0	0.0	0.0	0.0	0.0	0.0	0.0	0.0	0.0	0.0	0.0	0.0	0.0	0.0	0.0	0.07668966958003941	0.0013658744412147633	0.0	0.0	0.0	0.0	0.0	0.0	0.5485812803210699	0.0	0.0	0.0	0.0	0.0	0.0	0.0	0.0	0.0	0.0	0.0	0.0	0.0	0.0	0.0
ACH-000310	14	76286365	T[T>C]T	0.05602680639256413	0.0	0.0	0.0	0.6380937119823848	0.0	0.0	0.0	0.0	0.0	0.0	0.0	0.0	0.0004329555452941067	0.0	0.0	0.0	0.0	0.0	0.0	0.0	0.0	0.0	0.0	0.0	0.0	0.0	0.0	0.0	0.0	0.0	0.0	0.0	0.0	0.0	0.0	0.0	0.0	0.0	0.0	0.0	0.0	0.0	0.0	0.0	0.0	0.0	0.0	0.0	0.0	0.0	0.0	0.0	0.0	0.0	0.0	0.0	0.0	0.0	0.0	0.0	0.0	0.03591042911493637	0.15095571210791092	0.0	0.0	0.0	0.0	0.0	0.0	0.1185803848569096	0.0	0.0	0.0	0.0	0.0	0.0	0.0	0.0	0.0	0.0	0.0	0.0	0.0	0.0	0.0
ACH-000310	14	93408104	C[C>A]A	0.0007024821128903539	0.0	0.0	0.0	0.0445938330132451	0.0	0.0	0.0	0.0	0.0	0.0	0.0	0.0	0.0015637767420960372	0.0	0.0	0.0	0.0	0.0	0.0	0.0	0.0	0.0	0.0	0.0	0.0	0.0	0.0	0.0	0.0	0.0	0.0	0.0	0.0	0.0	0.0	0.0	0.0	0.0	0.0	0.0	0.0	0.0	0.0	0.0	0.0	0.0	0.0	0.0	0.0	0.0	0.0	0.0	0.0	0.0	0.0	0.0	0.0	0.0	0.0	0.0	0.0	0.9530071203916831	0.00013278774008543048	0.0	0.0	0.0	0.0	0.0	0.0	2.101071836794786e-18	0.0	0.0	0.0	0.0	0.0	0.0	0.0	0.0	0.0	0.0	0.0	0.0	0.0	0.0	0.0
ACH-000310	14	94545455	C[T>C]T	0.0005780768778704345	0.0	0.0	0.0	0.539068756760582	0.0	0.0	0.0	0.0	0.0	0.0	0.0	0.0	0.014745736983372379	0.0	0.0	0.0	0.0	0.0	0.0	0.0	0.0	0.0	0.0	0.0	0.0	0.0	0.0	0.0	0.0	0.0	0.0	0.0	0.0	0.0	0.0	0.0	0.0	0.0	0.0	0.0	0.0	0.0	0.0	0.0	0.0	0.0	0.0	0.0	0.0	0.0	0.0	0.0	0.0	0.0	0.0	0.0	0.0	0.0	0.0	0.0	0.0	0.09322252644766851	0.3407508587915526	0.0	0.0	0.0	0.0	0.0	0.0	0.011634044138954166	0.0	0.0	0.0	0.0	0.0	0.0	0.0	0.0	0.0	0.0	0.0	0.0	0.0	0.0	0.0
ACH-000310	14	99723958	C[C>A]T	4.94760380337167e-15	0.0	0.0	0.0	0.3838986749673585	0.0	0.0	0.0	0.0	0.0	0.0	0.0	0.0	0.24641531128514801	0.0	0.0	0.0	0.0	0.0	0.0	0.0	0.0	0.0	0.0	0.0	0.0	0.0	0.0	0.0	0.0	0.0	0.0	0.0	0.0	0.0	0.0	0.0	0.0	0.0	0.0	0.0	0.0	0.0	0.0	0.0	0.0	0.0	0.0	0.0	0.0	0.0	0.0	0.0	0.0	0.0	0.0	0.0	0.0	0.0	0.0	0.0	0.0	0.13835685019153332	0.11453120037720653	0.0	0.0	0.0	0.0	0.0	0.0	0.11679796317874863	0.0	0.0	0.0	0.0	0.0	0.0	0.0	0.0	0.0	0.0	0.0	0.0	0.0	0.0	0.0
ACH-000310	14	104641345	T[C>T]T	8.836485529316211e-16	0.0	0.0	0.0	0.22185840563575826	0.0	0.0	0.0	0.0	0.0	0.0	0.0	0.0	0.6762656472929359	0.0	0.0	0.0	0.0	0.0	0.0	0.0	0.0	0.0	0.0	0.0	0.0	0.0	0.0	0.0	0.0	0.0	0.0	0.0	0.0	0.0	0.0	0.0	0.0	0.0	0.0	0.0	0.0	0.0	0.0	0.0	0.0	0.0	0.0	0.0	0.0	0.0	0.0	0.0	0.0	0.0	0.0	0.0	0.0	0.0	0.0	0.0	0.0	0.03872350075391161	0.0008729618209255536	0.0	0.0	0.0	0.0	0.0	0.0	0.062279484496467835	0.0	0.0	0.0	0.0	0.0	0.0	0.0	0.0	0.0	0.0	0.0	0.0	0.0	0.0	0.0
ACH-000310	15	28491031	T[T>C]A	0.003451686603196043	0.0	0.0	0.0	0.6494847182517476	0.0	0.0	0.0	0.0	0.0	0.0	0.0	0.0	0.159875134689581	0.0	0.0	0.0	0.0	0.0	0.0	0.0	0.0	0.0	0.0	0.0	0.0	0.0	0.0	0.0	0.0	0.0	0.0	0.0	0.0	0.0	0.0	0.0	0.0	0.0	0.0	0.0	0.0	0.0	0.0	0.0	0.0	0.0	0.0	0.0	0.0	0.0	0.0	0.0	0.0	0.0	0.0	0.0	0.0	0.0	0.0	0.0	0.0	0.12196344769291702	0.05975638919986307	0.0	0.0	0.0	0.0	0.0	0.0	0.005468623562695545	0.0	0.0	0.0	0.0	0.0	0.0	0.0	0.0	0.0	0.0	0.0	0.0	0.0	0.0	0.0
ACH-000310	15	40588592	G[C>A]C	0.007281468100883137	0.0	0.0	0.0	0.4380116819092916	0.0	0.0	0.0	0.0	0.0	0.0	0.0	0.0	0.0730155194730544	0.0	0.0	0.0	0.0	0.0	0.0	0.0	0.0	0.0	0.0	0.0	0.0	0.0	0.0	0.0	0.0	0.0	0.0	0.0	0.0	0.0	0.0	0.0	0.0	0.0	0.0	0.0	0.0	0.0	0.0	0.0	0.0	0.0	0.0	0.0	0.0	0.0	0.0	0.0	0.0	0.0	0.0	0.0	0.0	0.0	0.0	0.0	0.0	0.09363676197873948	0.18302980491773113	0.0	0.0	0.0	0.0	0.0	0.0	0.20502476362030042	0.0	0.0	0.0	0.0	0.0	0.0	0.0	0.0	0.0	0.0	0.0	0.0	0.0	0.0	0.0
ACH-000310	15	40951558	G[C>T]T	0.0001450517898929276	0.0	0.0	0.0	0.18732110030568339	0.0	0.0	0.0	0.0	0.0	0.0	0.0	0.0	0.1606627520636912	0.0	0.0	0.0	0.0	0.0	0.0	0.0	0.0	0.0	0.0	0.0	0.0	0.0	0.0	0.0	0.0	0.0	0.0	0.0	0.0	0.0	0.0	0.0	0.0	0.0	0.0	0.0	0.0	0.0	0.0	0.0	0.0	0.0	0.0	0.0	0.0	0.0	0.0	0.0	0.0	0.0	0.0	0.0	0.0	0.0	0.0	0.0	0.0	0.014842227472842952	0.0008744845038813248	0.0	0.0	0.0	0.0	0.0	0.0	0.6361543838640082	0.0	0.0	0.0	0.0	0.0	0.0	0.0	0.0	0.0	0.0	0.0	0.0	0.0	0.0	0.0
ACH-000310	15	41191423	G[C>A]G	0.007594579409478229	0.0	0.0	0.0	0.08070239255743637	0.0	0.0	0.0	0.0	0.0	0.0	0.0	0.0	0.0014694913012289592	0.0	0.0	0.0	0.0	0.0	0.0	0.0	0.0	0.0	0.0	0.0	0.0	0.0	0.0	0.0	0.0	0.0	0.0	0.0	0.0	0.0	0.0	0.0	0.0	0.0	0.0	0.0	0.0	0.0	0.0	0.0	0.0	0.0	0.0	0.0	0.0	0.0	0.0	0.0	0.0	0.0	0.0	0.0	0.0	0.0	0.0	0.0	0.0	0.8329097582149376	0.06810460575897505	0.0	0.0	0.0	0.0	0.0	0.0	0.009219172757943829	0.0	0.0	0.0	0.0	0.0	0.0	0.0	0.0	0.0	0.0	0.0	0.0	0.0	0.0	0.0
ACH-000310	15	51827954	G[C>A]A	0.04195608937939481	0.0	0.0	0.0	0.7220096375283589	0.0	0.0	0.0	0.0	0.0	0.0	0.0	0.0	0.025876833451830318	0.0	0.0	0.0	0.0	0.0	0.0	0.0	0.0	0.0	0.0	0.0	0.0	0.0	0.0	0.0	0.0	0.0	0.0	0.0	0.0	0.0	0.0	0.0	0.0	0.0	0.0	0.0	0.0	0.0	0.0	0.0	0.0	0.0	0.0	0.0	0.0	0.0	0.0	0.0	0.0	0.0	0.0	0.0	0.0	0.0	0.0	0.0	0.0	0.014537524251101806	0.12862842948666073	0.0	0.0	0.0	0.0	0.0	0.0	0.06699148590265344	0.0	0.0	0.0	0.0	0.0	0.0	0.0	0.0	0.0	0.0	0.0	0.0	0.0	0.0	0.0
ACH-000310	15	54307492	C[C>A]A	0.0007024821128903539	0.0	0.0	0.0	0.0445938330132451	0.0	0.0	0.0	0.0	0.0	0.0	0.0	0.0	0.0015637767420960372	0.0	0.0	0.0	0.0	0.0	0.0	0.0	0.0	0.0	0.0	0.0	0.0	0.0	0.0	0.0	0.0	0.0	0.0	0.0	0.0	0.0	0.0	0.0	0.0	0.0	0.0	0.0	0.0	0.0	0.0	0.0	0.0	0.0	0.0	0.0	0.0	0.0	0.0	0.0	0.0	0.0	0.0	0.0	0.0	0.0	0.0	0.0	0.0	0.9530071203916831	0.00013278774008543048	0.0	0.0	0.0	0.0	0.0	0.0	2.101071836794786e-18	0.0	0.0	0.0	0.0	0.0	0.0	0.0	0.0	0.0	0.0	0.0	0.0	0.0	0.0	0.0
ACH-000310	15	63990983	G[T>G]C	2.1045244501102093e-14	0.0	0.0	0.0	0.4302561509508544	0.0	0.0	0.0	0.0	0.0	0.0	0.0	0.0	0.11853122111724756	0.0	0.0	0.0	0.0	0.0	0.0	0.0	0.0	0.0	0.0	0.0	0.0	0.0	0.0	0.0	0.0	0.0	0.0	0.0	0.0	0.0	0.0	0.0	0.0	0.0	0.0	0.0	0.0	0.0	0.0	0.0	0.0	0.0	0.0	0.0	0.0	0.0	0.0	0.0	0.0	0.0	0.0	0.0	0.0	0.0	0.0	0.0	0.0	0.20813441671273583	0.1347873481224603	0.0	0.0	0.0	0.0	0.0	0.0	0.1082908630966808	0.0	0.0	0.0	0.0	0.0	0.0	0.0	0.0	0.0	0.0	0.0	0.0	0.0	0.0	0.0
ACH-000310	15	73617477	C[C>T]G	0.6727164869206642	0.0	0.0	0.0	0.16011012882184877	0.0	0.0	0.0	0.0	0.0	0.0	0.0	0.0	0.01692907487371737	0.0	0.0	0.0	0.0	0.0	0.0	0.0	0.0	0.0	0.0	0.0	0.0	0.0	0.0	0.0	0.0	0.0	0.0	0.0	0.0	0.0	0.0	0.0	0.0	0.0	0.0	0.0	0.0	0.0	0.0	0.0	0.0	0.0	0.0	0.0	0.0	0.0	0.0	0.0	0.0	0.0	0.0	0.0	0.0	0.0	0.0	0.0	0.0	0.05958884823961599	0.09065546114415378	0.0	0.0	0.0	0.0	0.0	0.0	3.2028429620097794e-18	0.0	0.0	0.0	0.0	0.0	0.0	0.0	0.0	0.0	0.0	0.0	0.0	0.0	0.0	0.0
ACH-000310	15	86123022	T[C>A]A	0.0023866836227762335	0.0	0.0	0.0	0.7601046163471608	0.0	0.0	0.0	0.0	0.0	0.0	0.0	0.0	0.02156933284004992	0.0	0.0	0.0	0.0	0.0	0.0	0.0	0.0	0.0	0.0	0.0	0.0	0.0	0.0	0.0	0.0	0.0	0.0	0.0	0.0	0.0	0.0	0.0	0.0	0.0	0.0	0.0	0.0	0.0	0.0	0.0	0.0	0.0	0.0	0.0	0.0	0.0	0.0	0.0	0.0	0.0	0.0	0.0	0.0	0.0	0.0	0.0	0.0	0.12275122050454404	0.022651861922261395	0.0	0.0	0.0	0.0	0.0	0.0	0.07053628476320767	0.0	0.0	0.0	0.0	0.0	0.0	0.0	0.0	0.0	0.0	0.0	0.0	0.0	0.0	0.0
ACH-000310	16	47644774	T[C>A]C	0.06893938767741681	0.0	0.0	0.0	0.6660717790030272	0.0	0.0	0.0	0.0	0.0	0.0	0.0	0.0	0.13803401129556425	0.0	0.0	0.0	0.0	0.0	0.0	0.0	0.0	0.0	0.0	0.0	0.0	0.0	0.0	0.0	0.0	0.0	0.0	0.0	0.0	0.0	0.0	0.0	0.0	0.0	0.0	0.0	0.0	0.0	0.0	0.0	0.0	0.0	0.0	0.0	0.0	0.0	0.0	0.0	0.0	0.0	0.0	0.0	0.0	0.0	0.0	0.0	0.0	0.12569462657393277	0.0010298207370337657	0.0	0.0	0.0	0.0	0.0	0.0	0.00023037471302533126	0.0	0.0	0.0	0.0	0.0	0.0	0.0	0.0	0.0	0.0	0.0	0.0	0.0	0.0	0.0
ACH-000310	16	89764262	T[C>T]G	0.14708406900154422	0.0	0.0	0.0	0.05667282155815384	0.0	0.0	0.0	0.0	0.0	0.0	0.0	0.0	0.7789505825269721	0.0	0.0	0.0	0.0	0.0	0.0	0.0	0.0	0.0	0.0	0.0	0.0	0.0	0.0	0.0	0.0	0.0	0.0	0.0	0.0	0.0	0.0	0.0	0.0	0.0	0.0	0.0	0.0	0.0	0.0	0.0	0.0	0.0	0.0	0.0	0.0	0.0	0.0	0.0	0.0	0.0	0.0	0.0	0.0	0.0	0.0	0.0	0.0	0.017283892383433967	1.4848396530961175e-13	0.0	0.0	0.0	0.0	0.0	0.0	8.634529747416077e-06	0.0	0.0	0.0	0.0	0.0	0.0	0.0	0.0	0.0	0.0	0.0	0.0	0.0	0.0	0.0
ACH-000310	17	8193243	C[C>A]A	0.0007024821128903539	0.0	0.0	0.0	0.0445938330132451	0.0	0.0	0.0	0.0	0.0	0.0	0.0	0.0	0.0015637767420960372	0.0	0.0	0.0	0.0	0.0	0.0	0.0	0.0	0.0	0.0	0.0	0.0	0.0	0.0	0.0	0.0	0.0	0.0	0.0	0.0	0.0	0.0	0.0	0.0	0.0	0.0	0.0	0.0	0.0	0.0	0.0	0.0	0.0	0.0	0.0	0.0	0.0	0.0	0.0	0.0	0.0	0.0	0.0	0.0	0.0	0.0	0.0	0.0	0.9530071203916831	0.00013278774008543048	0.0	0.0	0.0	0.0	0.0	0.0	2.101071836794786e-18	0.0	0.0	0.0	0.0	0.0	0.0	0.0	0.0	0.0	0.0	0.0	0.0	0.0	0.0	0.0
ACH-000310	17	18565373	T[T>C]A	0.003451686603196043	0.0	0.0	0.0	0.6494847182517476	0.0	0.0	0.0	0.0	0.0	0.0	0.0	0.0	0.159875134689581	0.0	0.0	0.0	0.0	0.0	0.0	0.0	0.0	0.0	0.0	0.0	0.0	0.0	0.0	0.0	0.0	0.0	0.0	0.0	0.0	0.0	0.0	0.0	0.0	0.0	0.0	0.0	0.0	0.0	0.0	0.0	0.0	0.0	0.0	0.0	0.0	0.0	0.0	0.0	0.0	0.0	0.0	0.0	0.0	0.0	0.0	0.0	0.0	0.12196344769291702	0.05975638919986307	0.0	0.0	0.0	0.0	0.0	0.0	0.005468623562695545	0.0	0.0	0.0	0.0	0.0	0.0	0.0	0.0	0.0	0.0	0.0	0.0	0.0	0.0	0.0
ACH-000310	17	29486028	C[T>C]C	0.048623513442062775	0.0	0.0	0.0	0.5391932023693854	0.0	0.0	0.0	0.0	0.0	0.0	0.0	0.0	0.003215012171059166	0.0	0.0	0.0	0.0	0.0	0.0	0.0	0.0	0.0	0.0	0.0	0.0	0.0	0.0	0.0	0.0	0.0	0.0	0.0	0.0	0.0	0.0	0.0	0.0	0.0	0.0	0.0	0.0	0.0	0.0	0.0	0.0	0.0	0.0	0.0	0.0	0.0	0.0	0.0	0.0	0.0	0.0	0.0	0.0	0.0	0.0	0.0	0.0	0.10031576012394329	0.3085935258398293	0.0	0.0	0.0	0.0	0.0	0.0	5.89860537198955e-05	0.0	0.0	0.0	0.0	0.0	0.0	0.0	0.0	0.0	0.0	0.0	0.0	0.0	0.0	0.0
ACH-000310	17	35634006	G[C>T]A	0.029269060983052056	0.0	0.0	0.0	0.3409041341579355	0.0	0.0	0.0	0.0	0.0	0.0	0.0	0.0	0.003189980516688358	0.0	0.0	0.0	0.0	0.0	0.0	0.0	0.0	0.0	0.0	0.0	0.0	0.0	0.0	0.0	0.0	0.0	0.0	0.0	0.0	0.0	0.0	0.0	0.0	0.0	0.0	0.0	0.0	0.0	0.0	0.0	0.0	0.0	0.0	0.0	0.0	0.0	0.0	0.0	0.0	0.0	0.0	0.0	0.0	0.0	0.0	0.0	0.0	0.07668966958003941	0.0013658744412147633	0.0	0.0	0.0	0.0	0.0	0.0	0.5485812803210699	0.0	0.0	0.0	0.0	0.0	0.0	0.0	0.0	0.0	0.0	0.0	0.0	0.0	0.0	0.0
ACH-000310	17	40705597	C[C>A]C	0.05239498012809466	0.0	0.0	0.0	0.4790818717879973	0.0	0.0	0.0	0.0	0.0	0.0	0.0	0.0	0.12408497934127549	0.0	0.0	0.0	0.0	0.0	0.0	0.0	0.0	0.0	0.0	0.0	0.0	0.0	0.0	0.0	0.0	0.0	0.0	0.0	0.0	0.0	0.0	0.0	0.0	0.0	0.0	0.0	0.0	0.0	0.0	0.0	0.0	0.0	0.0	0.0	0.0	0.0	0.0	0.0	0.0	0.0	0.0	0.0	0.0	0.0	0.0	0.0	0.0	0.13168412905214014	0.0702103624473644	0.0	0.0	0.0	0.0	0.0	0.0	0.14254367724312805	0.0	0.0	0.0	0.0	0.0	0.0	0.0	0.0	0.0	0.0	0.0	0.0	0.0	0.0	0.0
ACH-000310	17	43006227	C[C>G]A	0.0010419674392871082	0.0	0.0	0.0	0.8022841448146927	0.0	0.0	0.0	0.0	0.0	0.0	0.0	0.0	0.001723641849775078	0.0	0.0	0.0	0.0	0.0	0.0	0.0	0.0	0.0	0.0	0.0	0.0	0.0	0.0	0.0	0.0	0.0	0.0	0.0	0.0	0.0	0.0	0.0	0.0	0.0	0.0	0.0	0.0	0.0	0.0	0.0	0.0	0.0	0.0	0.0	0.0	0.0	0.0	0.0	0.0	0.0	0.0	0.0	0.0	0.0	0.0	0.0	0.0	0.14905670212134542	0.045606231702014124	0.0	0.0	0.0	0.0	0.0	0.0	0.0002873120728855849	0.0	0.0	0.0	0.0	0.0	0.0	0.0	0.0	0.0	0.0	0.0	0.0	0.0	0.0	0.0
ACH-000310	17	62007560	T[C>T]G	0.14708406900154422	0.0	0.0	0.0	0.05667282155815384	0.0	0.0	0.0	0.0	0.0	0.0	0.0	0.0	0.7789505825269721	0.0	0.0	0.0	0.0	0.0	0.0	0.0	0.0	0.0	0.0	0.0	0.0	0.0	0.0	0.0	0.0	0.0	0.0	0.0	0.0	0.0	0.0	0.0	0.0	0.0	0.0	0.0	0.0	0.0	0.0	0.0	0.0	0.0	0.0	0.0	0.0	0.0	0.0	0.0	0.0	0.0	0.0	0.0	0.0	0.0	0.0	0.0	0.0	0.017283892383433967	1.4848396530961175e-13	0.0	0.0	0.0	0.0	0.0	0.0	8.634529747416077e-06	0.0	0.0	0.0	0.0	0.0	0.0	0.0	0.0	0.0	0.0	0.0	0.0	0.0	0.0	0.0
ACH-000310	17	73739941	C[C>T]G	0.6727164869206642	0.0	0.0	0.0	0.16011012882184877	0.0	0.0	0.0	0.0	0.0	0.0	0.0	0.0	0.01692907487371737	0.0	0.0	0.0	0.0	0.0	0.0	0.0	0.0	0.0	0.0	0.0	0.0	0.0	0.0	0.0	0.0	0.0	0.0	0.0	0.0	0.0	0.0	0.0	0.0	0.0	0.0	0.0	0.0	0.0	0.0	0.0	0.0	0.0	0.0	0.0	0.0	0.0	0.0	0.0	0.0	0.0	0.0	0.0	0.0	0.0	0.0	0.0	0.0	0.05958884823961599	0.09065546114415378	0.0	0.0	0.0	0.0	0.0	0.0	3.2028429620097794e-18	0.0	0.0	0.0	0.0	0.0	0.0	0.0	0.0	0.0	0.0	0.0	0.0	0.0	0.0	0.0
ACH-000310	17	73982288	G[T>C]T	0.0010294735277384533	0.0	0.0	0.0	0.5273854175605174	0.0	0.0	0.0	0.0	0.0	0.0	0.0	0.0	0.22138905701270212	0.0	0.0	0.0	0.0	0.0	0.0	0.0	0.0	0.0	0.0	0.0	0.0	0.0	0.0	0.0	0.0	0.0	0.0	0.0	0.0	0.0	0.0	0.0	0.0	0.0	0.0	0.0	0.0	0.0	0.0	0.0	0.0	0.0	0.0	0.0	0.0	0.0	0.0	0.0	0.0	0.0	0.0	0.0	0.0	0.0	0.0	0.0	0.0	0.12792292922429851	0.07291747424669696	0.0	0.0	0.0	0.0	0.0	0.0	0.049355648428046475	0.0	0.0	0.0	0.0	0.0	0.0	0.0	0.0	0.0	0.0	0.0	0.0	0.0	0.0	0.0
ACH-000310	17	74936608	T[C>T]G	0.14708406900154422	0.0	0.0	0.0	0.05667282155815384	0.0	0.0	0.0	0.0	0.0	0.0	0.0	0.0	0.7789505825269721	0.0	0.0	0.0	0.0	0.0	0.0	0.0	0.0	0.0	0.0	0.0	0.0	0.0	0.0	0.0	0.0	0.0	0.0	0.0	0.0	0.0	0.0	0.0	0.0	0.0	0.0	0.0	0.0	0.0	0.0	0.0	0.0	0.0	0.0	0.0	0.0	0.0	0.0	0.0	0.0	0.0	0.0	0.0	0.0	0.0	0.0	0.0	0.0	0.017283892383433967	1.4848396530961175e-13	0.0	0.0	0.0	0.0	0.0	0.0	8.634529747416077e-06	0.0	0.0	0.0	0.0	0.0	0.0	0.0	0.0	0.0	0.0	0.0	0.0	0.0	0.0	0.0
ACH-000310	17	79860622	C[T>C]G	0.0014393349783752589	0.0	0.0	0.0	0.22168045203838074	0.0	0.0	0.0	0.0	0.0	0.0	0.0	0.0	0.00013484704553595674	0.0	0.0	0.0	0.0	0.0	0.0	0.0	0.0	0.0	0.0	0.0	0.0	0.0	0.0	0.0	0.0	0.0	0.0	0.0	0.0	0.0	0.0	0.0	0.0	0.0	0.0	0.0	0.0	0.0	0.0	0.0	0.0	0.0	0.0	0.0	0.0	0.0	0.0	0.0	0.0	0.0	0.0	0.0	0.0	0.0	0.0	0.0	0.0	0.04301653318425014	0.7201917856935112	0.0	0.0	0.0	0.0	0.0	0.0	0.013537047059946896	0.0	0.0	0.0	0.0	0.0	0.0	0.0	0.0	0.0	0.0	0.0	0.0	0.0	0.0	0.0
ACH-000310	18	60241990	T[C>T]C	0.00023448799763649508	0.0	0.0	0.0	0.38549744667297636	0.0	0.0	0.0	0.0	0.0	0.0	0.0	0.0	0.4065239833255271	0.0	0.0	0.0	0.0	0.0	0.0	0.0	0.0	0.0	0.0	0.0	0.0	0.0	0.0	0.0	0.0	0.0	0.0	0.0	0.0	0.0	0.0	0.0	0.0	0.0	0.0	0.0	0.0	0.0	0.0	0.0	0.0	0.0	0.0	0.0	0.0	0.0	0.0	0.0	0.0	0.0	0.0	0.0	0.0	0.0	0.0	0.0	0.0	0.045976208801658494	0.0038790165483691135	0.0	0.0	0.0	0.0	0.0	0.0	0.15788885665383245	0.0	0.0	0.0	0.0	0.0	0.0	0.0	0.0	0.0	0.0	0.0	0.0	0.0	0.0	0.0
ACH-000310	18	63525116	A[T>C]G	0.00035141421312793954	0.0	0.0	0.0	0.33758323419330294	0.0	0.0	0.0	0.0	0.0	0.0	0.0	0.0	0.0023467301429799564	0.0	0.0	0.0	0.0	0.0	0.0	0.0	0.0	0.0	0.0	0.0	0.0	0.0	0.0	0.0	0.0	0.0	0.0	0.0	0.0	0.0	0.0	0.0	0.0	0.0	0.0	0.0	0.0	0.0	0.0	0.0	0.0	0.0	0.0	0.0	0.0	0.0	0.0	0.0	0.0	0.0	0.0	0.0	0.0	0.0	0.0	0.0	0.0	0.034660524888564345	0.6250225194872779	0.0	0.0	0.0	0.0	0.0	0.0	3.55770747467267e-05	0.0	0.0	0.0	0.0	0.0	0.0	0.0	0.0	0.0	0.0	0.0	0.0	0.0	0.0	0.0
ACH-000310	19	1495502	T[C>T]G	0.14708406900154422	0.0	0.0	0.0	0.05667282155815384	0.0	0.0	0.0	0.0	0.0	0.0	0.0	0.0	0.7789505825269721	0.0	0.0	0.0	0.0	0.0	0.0	0.0	0.0	0.0	0.0	0.0	0.0	0.0	0.0	0.0	0.0	0.0	0.0	0.0	0.0	0.0	0.0	0.0	0.0	0.0	0.0	0.0	0.0	0.0	0.0	0.0	0.0	0.0	0.0	0.0	0.0	0.0	0.0	0.0	0.0	0.0	0.0	0.0	0.0	0.0	0.0	0.0	0.0	0.017283892383433967	1.4848396530961175e-13	0.0	0.0	0.0	0.0	0.0	0.0	8.634529747416077e-06	0.0	0.0	0.0	0.0	0.0	0.0	0.0	0.0	0.0	0.0	0.0	0.0	0.0	0.0	0.0
ACH-000310	19	4793823	C[C>T]C	0.002842797059686647	0.0	0.0	0.0	0.5332616853104292	0.0	0.0	0.0	0.0	0.0	0.0	0.0	0.0	0.0011846391349565164	0.0	0.0	0.0	0.0	0.0	0.0	0.0	0.0	0.0	0.0	0.0	0.0	0.0	0.0	0.0	0.0	0.0	0.0	0.0	0.0	0.0	0.0	0.0	0.0	0.0	0.0	0.0	0.0	0.0	0.0	0.0	0.0	0.0	0.0	0.0	0.0	0.0	0.0	0.0	0.0	0.0	0.0	0.0	0.0	0.0	0.0	0.0	0.0	0.06137737401305427	0.0022208601102336046	0.0	0.0	0.0	0.0	0.0	0.0	0.3991126443716398	0.0	0.0	0.0	0.0	0.0	0.0	0.0	0.0	0.0	0.0	0.0	0.0	0.0	0.0	0.0
ACH-000310	19	5653202	G[C>T]A	0.029269060983052056	0.0	0.0	0.0	0.3409041341579355	0.0	0.0	0.0	0.0	0.0	0.0	0.0	0.0	0.003189980516688358	0.0	0.0	0.0	0.0	0.0	0.0	0.0	0.0	0.0	0.0	0.0	0.0	0.0	0.0	0.0	0.0	0.0	0.0	0.0	0.0	0.0	0.0	0.0	0.0	0.0	0.0	0.0	0.0	0.0	0.0	0.0	0.0	0.0	0.0	0.0	0.0	0.0	0.0	0.0	0.0	0.0	0.0	0.0	0.0	0.0	0.0	0.0	0.0	0.07668966958003941	0.0013658744412147633	0.0	0.0	0.0	0.0	0.0	0.0	0.5485812803210699	0.0	0.0	0.0	0.0	0.0	0.0	0.0	0.0	0.0	0.0	0.0	0.0	0.0	0.0	0.0
ACH-000310	19	7911512	T[C>T]T	8.836485529316211e-16	0.0	0.0	0.0	0.22185840563575826	0.0	0.0	0.0	0.0	0.0	0.0	0.0	0.0	0.6762656472929359	0.0	0.0	0.0	0.0	0.0	0.0	0.0	0.0	0.0	0.0	0.0	0.0	0.0	0.0	0.0	0.0	0.0	0.0	0.0	0.0	0.0	0.0	0.0	0.0	0.0	0.0	0.0	0.0	0.0	0.0	0.0	0.0	0.0	0.0	0.0	0.0	0.0	0.0	0.0	0.0	0.0	0.0	0.0	0.0	0.0	0.0	0.0	0.0	0.03872350075391161	0.0008729618209255536	0.0	0.0	0.0	0.0	0.0	0.0	0.062279484496467835	0.0	0.0	0.0	0.0	0.0	0.0	0.0	0.0	0.0	0.0	0.0	0.0	0.0	0.0	0.0
ACH-000310	19	20117586	T[C>G]G	0.008517884079043364	0.0	0.0	0.0	0.5595645978408883	0.0	0.0	0.0	0.0	0.0	0.0	0.0	0.0	3.6329880221856424e-14	0.0	0.0	0.0	0.0	0.0	0.0	0.0	0.0	0.0	0.0	0.0	0.0	0.0	0.0	0.0	0.0	0.0	0.0	0.0	0.0	0.0	0.0	0.0	0.0	0.0	0.0	0.0	0.0	0.0	0.0	0.0	0.0	0.0	0.0	0.0	0.0	0.0	0.0	0.0	0.0	0.0	0.0	0.0	0.0	0.0	0.0	0.0	0.0	0.29091053398786065	0.14092439089150477	0.0	0.0	0.0	0.0	0.0	0.0	8.259320066653573e-05	0.0	0.0	0.0	0.0	0.0	0.0	0.0	0.0	0.0	0.0	0.0	0.0	0.0	0.0	0.0
ACH-000310	19	31040264	C[C>T]G	0.6727164869206642	0.0	0.0	0.0	0.16011012882184877	0.0	0.0	0.0	0.0	0.0	0.0	0.0	0.0	0.01692907487371737	0.0	0.0	0.0	0.0	0.0	0.0	0.0	0.0	0.0	0.0	0.0	0.0	0.0	0.0	0.0	0.0	0.0	0.0	0.0	0.0	0.0	0.0	0.0	0.0	0.0	0.0	0.0	0.0	0.0	0.0	0.0	0.0	0.0	0.0	0.0	0.0	0.0	0.0	0.0	0.0	0.0	0.0	0.0	0.0	0.0	0.0	0.0	0.0	0.05958884823961599	0.09065546114415378	0.0	0.0	0.0	0.0	0.0	0.0	3.2028429620097794e-18	0.0	0.0	0.0	0.0	0.0	0.0	0.0	0.0	0.0	0.0	0.0	0.0	0.0	0.0	0.0
ACH-000310	19	34890179	T[C>T]G	0.14708406900154422	0.0	0.0	0.0	0.05667282155815384	0.0	0.0	0.0	0.0	0.0	0.0	0.0	0.0	0.7789505825269721	0.0	0.0	0.0	0.0	0.0	0.0	0.0	0.0	0.0	0.0	0.0	0.0	0.0	0.0	0.0	0.0	0.0	0.0	0.0	0.0	0.0	0.0	0.0	0.0	0.0	0.0	0.0	0.0	0.0	0.0	0.0	0.0	0.0	0.0	0.0	0.0	0.0	0.0	0.0	0.0	0.0	0.0	0.0	0.0	0.0	0.0	0.0	0.0	0.017283892383433967	1.4848396530961175e-13	0.0	0.0	0.0	0.0	0.0	0.0	8.634529747416077e-06	0.0	0.0	0.0	0.0	0.0	0.0	0.0	0.0	0.0	0.0	0.0	0.0	0.0	0.0	0.0
ACH-000310	19	36364595	T[C>T]G	0.14708406900154422	0.0	0.0	0.0	0.05667282155815384	0.0	0.0	0.0	0.0	0.0	0.0	0.0	0.0	0.7789505825269721	0.0	0.0	0.0	0.0	0.0	0.0	0.0	0.0	0.0	0.0	0.0	0.0	0.0	0.0	0.0	0.0	0.0	0.0	0.0	0.0	0.0	0.0	0.0	0.0	0.0	0.0	0.0	0.0	0.0	0.0	0.0	0.0	0.0	0.0	0.0	0.0	0.0	0.0	0.0	0.0	0.0	0.0	0.0	0.0	0.0	0.0	0.0	0.0	0.017283892383433967	1.4848396530961175e-13	0.0	0.0	0.0	0.0	0.0	0.0	8.634529747416077e-06	0.0	0.0	0.0	0.0	0.0	0.0	0.0	0.0	0.0	0.0	0.0	0.0	0.0	0.0	0.0
ACH-000310	19	55604023	C[T>G]C	0.005428668918379931	0.0	0.0	0.0	0.3146751491838096	0.0	0.0	0.0	0.0	0.0	0.0	0.0	0.0	0.039256374784609215	0.0	0.0	0.0	0.0	0.0	0.0	0.0	0.0	0.0	0.0	0.0	0.0	0.0	0.0	0.0	0.0	0.0	0.0	0.0	0.0	0.0	0.0	0.0	0.0	0.0	0.0	0.0	0.0	0.0	0.0	0.0	0.0	0.0	0.0	0.0	0.0	0.0	0.0	0.0	0.0	0.0	0.0	0.0	0.0	0.0	0.0	0.0	0.0	0.13759133310413663	0.45170004246847845	0.0	0.0	0.0	0.0	0.0	0.0	0.051348431540586034	0.0	0.0	0.0	0.0	0.0	0.0	0.0	0.0	0.0	0.0	0.0	0.0	0.0	0.0	0.0
ACH-000310	20	20349551	G[C>T]C	0.0004433535448776193	0.0	0.0	0.0	0.2751299346378233	0.0	0.0	0.0	0.0	0.0	0.0	0.0	0.0	0.09618599109273107	0.0	0.0	0.0	0.0	0.0	0.0	0.0	0.0	0.0	0.0	0.0	0.0	0.0	0.0	0.0	0.0	0.0	0.0	0.0	0.0	0.0	0.0	0.0	0.0	0.0	0.0	0.0	0.0	0.0	0.0	0.0	0.0	0.0	0.0	0.0	0.0	0.0	0.0	0.0	0.0	0.0	0.0	0.0	0.0	0.0	0.0	0.0	0.0	0.07206007888982655	0.05842277514676663	0.0	0.0	0.0	0.0	0.0	0.0	0.4977578666879748	0.0	0.0	0.0	0.0	0.0	0.0	0.0	0.0	0.0	0.0	0.0	0.0	0.0	0.0	0.0
ACH-000310	20	36031758	A[C>G]T	0.01771103383387538	0.0	0.0	0.0	0.4182783177806433	0.0	0.0	0.0	0.0	0.0	0.0	0.0	0.0	4.597839694042909e-15	0.0	0.0	0.0	0.0	0.0	0.0	0.0	0.0	0.0	0.0	0.0	0.0	0.0	0.0	0.0	0.0	0.0	0.0	0.0	0.0	0.0	0.0	0.0	0.0	0.0	0.0	0.0	0.0	0.0	0.0	0.0	0.0	0.0	0.0	0.0	0.0	0.0	0.0	0.0	0.0	0.0	0.0	0.0	0.0	0.0	0.0	0.0	0.0	0.0598523543995655	0.0751104728587029	0.0	0.0	0.0	0.0	0.0	0.0	0.42904782112720835	0.0	0.0	0.0	0.0	0.0	0.0	0.0	0.0	0.0	0.0	0.0	0.0	0.0	0.0	0.0
ACH-000310	21	32526629	T[C>T]G	0.14708406900154422	0.0	0.0	0.0	0.05667282155815384	0.0	0.0	0.0	0.0	0.0	0.0	0.0	0.0	0.7789505825269721	0.0	0.0	0.0	0.0	0.0	0.0	0.0	0.0	0.0	0.0	0.0	0.0	0.0	0.0	0.0	0.0	0.0	0.0	0.0	0.0	0.0	0.0	0.0	0.0	0.0	0.0	0.0	0.0	0.0	0.0	0.0	0.0	0.0	0.0	0.0	0.0	0.0	0.0	0.0	0.0	0.0	0.0	0.0	0.0	0.0	0.0	0.0	0.0	0.017283892383433967	1.4848396530961175e-13	0.0	0.0	0.0	0.0	0.0	0.0	8.634529747416077e-06	0.0	0.0	0.0	0.0	0.0	0.0	0.0	0.0	0.0	0.0	0.0	0.0	0.0	0.0	0.0
ACH-000310	21	37605312	A[C>T]G	0.9275160503869201	0.0	0.0	0.0	0.04186217395270414	0.0	0.0	0.0	0.0	0.0	0.0	0.0	0.0	0.001402439779491157	0.0	0.0	0.0	0.0	0.0	0.0	0.0	0.0	0.0	0.0	0.0	0.0	0.0	0.0	0.0	0.0	0.0	0.0	0.0	0.0	0.0	0.0	0.0	0.0	0.0	0.0	0.0	0.0	0.0	0.0	0.0	0.0	0.0	0.0	0.0	0.0	0.0	0.0	0.0	0.0	0.0	0.0	0.0	0.0	0.0	0.0	0.0	0.0	0.02238111995089921	0.000813494273837371	0.0	0.0	0.0	0.0	0.0	0.0	0.006024721656148146	0.0	0.0	0.0	0.0	0.0	0.0	0.0	0.0	0.0	0.0	0.0	0.0	0.0	0.0	0.0
ACH-000310	22	26892043	G[C>G]T	2.362492471170849e-15	0.0	0.0	0.0	0.18980895923930463	0.0	0.0	0.0	0.0	0.0	0.0	0.0	0.0	0.0015961550030335638	0.0	0.0	0.0	0.0	0.0	0.0	0.0	0.0	0.0	0.0	0.0	0.0	0.0	0.0	0.0	0.0	0.0	0.0	0.0	0.0	0.0	0.0	0.0	0.0	0.0	0.0	0.0	0.0	0.0	0.0	0.0	0.0	0.0	0.0	0.0	0.0	0.0	0.0	0.0	0.0	0.0	0.0	0.0	0.0	0.0	0.0	0.0	0.0	0.007694243170444593	0.04885412094766987	0.0	0.0	0.0	0.0	0.0	0.0	0.752046521639545	0.0	0.0	0.0	0.0	0.0	0.0	0.0	0.0	0.0	0.0	0.0	0.0	0.0	0.0	0.0
ACH-000310	22	29678535	A[C>T]C	0.06117849836726692	0.0	0.0	0.0	0.4618909911750054	0.0	0.0	0.0	0.0	0.0	0.0	0.0	0.0	0.06774801469037924	0.0	0.0	0.0	0.0	0.0	0.0	0.0	0.0	0.0	0.0	0.0	0.0	0.0	0.0	0.0	0.0	0.0	0.0	0.0	0.0	0.0	0.0	0.0	0.0	0.0	0.0	0.0	0.0	0.0	0.0	0.0	0.0	0.0	0.0	0.0	0.0	0.0	0.0	0.0	0.0	0.0	0.0	0.0	0.0	0.0	0.0	0.0	0.0	0.024043976340763534	0.004779354668655842	0.0	0.0	0.0	0.0	0.0	0.0	0.3803591647579291	0.0	0.0	0.0	0.0	0.0	0.0	0.0	0.0	0.0	0.0	0.0	0.0	0.0	0.0	0.0
ACH-000310	22	38824075	T[C>T]G	0.14708406900154422	0.0	0.0	0.0	0.05667282155815384	0.0	0.0	0.0	0.0	0.0	0.0	0.0	0.0	0.7789505825269721	0.0	0.0	0.0	0.0	0.0	0.0	0.0	0.0	0.0	0.0	0.0	0.0	0.0	0.0	0.0	0.0	0.0	0.0	0.0	0.0	0.0	0.0	0.0	0.0	0.0	0.0	0.0	0.0	0.0	0.0	0.0	0.0	0.0	0.0	0.0	0.0	0.0	0.0	0.0	0.0	0.0	0.0	0.0	0.0	0.0	0.0	0.0	0.0	0.017283892383433967	1.4848396530961175e-13	0.0	0.0	0.0	0.0	0.0	0.0	8.634529747416077e-06	0.0	0.0	0.0	0.0	0.0	0.0	0.0	0.0	0.0	0.0	0.0	0.0	0.0	0.0	0.0
ACH-000310	22	41970741	T[C>T]G	0.14708406900154422	0.0	0.0	0.0	0.05667282155815384	0.0	0.0	0.0	0.0	0.0	0.0	0.0	0.0	0.7789505825269721	0.0	0.0	0.0	0.0	0.0	0.0	0.0	0.0	0.0	0.0	0.0	0.0	0.0	0.0	0.0	0.0	0.0	0.0	0.0	0.0	0.0	0.0	0.0	0.0	0.0	0.0	0.0	0.0	0.0	0.0	0.0	0.0	0.0	0.0	0.0	0.0	0.0	0.0	0.0	0.0	0.0	0.0	0.0	0.0	0.0	0.0	0.0	0.0	0.017283892383433967	1.4848396530961175e-13	0.0	0.0	0.0	0.0	0.0	0.0	8.634529747416077e-06	0.0	0.0	0.0	0.0	0.0	0.0	0.0	0.0	0.0	0.0	0.0	0.0	0.0	0.0	0.0
ACH-000310	X	70387585	T[C>A]T	3.878298524444691e-05	0.0	0.0	0.0	0.22333126648750118	0.0	0.0	0.0	0.0	0.0	0.0	0.0	0.0	0.7176070900214816	0.0	0.0	0.0	0.0	0.0	0.0	0.0	0.0	0.0	0.0	0.0	0.0	0.0	0.0	0.0	0.0	0.0	0.0	0.0	0.0	0.0	0.0	0.0	0.0	0.0	0.0	0.0	0.0	0.0	0.0	0.0	0.0	0.0	0.0	0.0	0.0	0.0	0.0	0.0	0.0	0.0	0.0	0.0	0.0	0.0	0.0	0.0	0.0	0.007281611891010318	0.04433074969498875	0.0	0.0	0.0	0.0	0.0	0.0	0.007410498919773819	0.0	0.0	0.0	0.0	0.0	0.0	0.0	0.0	0.0	0.0	0.0	0.0	0.0	0.0	0.0
ACH-000310	X	70679496	T[C>A]T	3.878298524444691e-05	0.0	0.0	0.0	0.22333126648750118	0.0	0.0	0.0	0.0	0.0	0.0	0.0	0.0	0.7176070900214816	0.0	0.0	0.0	0.0	0.0	0.0	0.0	0.0	0.0	0.0	0.0	0.0	0.0	0.0	0.0	0.0	0.0	0.0	0.0	0.0	0.0	0.0	0.0	0.0	0.0	0.0	0.0	0.0	0.0	0.0	0.0	0.0	0.0	0.0	0.0	0.0	0.0	0.0	0.0	0.0	0.0	0.0	0.0	0.0	0.0	0.0	0.0	0.0	0.007281611891010318	0.04433074969498875	0.0	0.0	0.0	0.0	0.0	0.0	0.007410498919773819	0.0	0.0	0.0	0.0	0.0	0.0	0.0	0.0	0.0	0.0	0.0	0.0	0.0	0.0	0.0
