Sample Names	Chr	Pos	MutationType	SBS1	SBS2	SBS3	SBS4	SBS5	SBS6	SBS7a	SBS7b	SBS7c	SBS7d	SBS8	SBS9	SBS10a	SBS10b	SBS10c	SBS10d	SBS11	SBS12	SBS13	SBS14	SBS15	SBS16	SBS17a	SBS17b	SBS18	SBS19	SBS20	SBS21	SBS22a	SBS22b	SBS23	SBS24	SBS25	SBS26	SBS27	SBS28	SBS29	SBS30	SBS31	SBS32	SBS33	SBS34	SBS35	SBS36	SBS37	SBS38	SBS39	SBS40a	SBS40b	SBS40c	SBS41	SBS42	SBS43	SBS44	SBS45	SBS46	SBS47	SBS48	SBS49	SBS50	SBS51	SBS52	SBS53	SBS54	SBS55	SBS56	SBS57	SBS58	SBS59	SBS60	SBS84	SBS85	SBS86	SBS87	SBS88	SBS89	SBS90	SBS91	SBS92	SBS93	SBS94	SBS95	SBS96	SBS97	SBS98	SBS99
ACH-000067	1	1431162	T[C>T]G	0.06023938108490008	0.0	0.0	0.0	0.020309430881274005	0.08862733594461802	0.0	0.0	0.0	0.0	0.0	0.0	0.0	0.6380500798717302	0.0	0.0	0.0	0.0	0.0	0.0	0.0	0.0	0.0	0.0	0.0	0.0	0.0	0.0	0.0	0.0	0.004367791723035009	0.0	0.0	0.0	0.0	0.0	0.0	0.0	0.0	0.0	0.0	0.0	0.0	0.0	0.0	0.0	0.0	0.0	0.0	0.0	0.0	0.0	0.0	0.0	0.0	0.0	0.0	0.0	0.0	0.0	0.0	0.0	0.0	1.665110165648452e-13	0.0	0.0	0.0	0.0	0.0	0.0	0.0	0.0	0.0	0.18840598049427607	0.0	0.0	0.0	0.0	0.0	0.0	0.0	0.0	0.0	0.0	0.0	0.0
ACH-000067	1	1634551	G[C>T]C	0.0001016510320675231	0.0	0.0	0.0	0.05519598718734552	0.3784778499907924	0.0	0.0	0.0	0.0	0.0	0.0	0.0	0.0441065843635584	0.0	0.0	0.0	0.0	0.0	0.0	0.0	0.0	0.0	0.0	0.0	0.0	0.0	0.0	0.0	0.0	0.4688715834224752	0.0	0.0	0.0	0.0	0.0	0.0	0.0	0.0	0.0	0.0	0.0	0.0	0.0	0.0	0.0	0.0	0.0	0.0	0.0	0.0	0.0	0.0	0.0	0.0	0.0	0.0	0.0	0.0	0.0	0.0	0.0	0.0	0.036676876229623394	0.0	0.0	0.0	0.0	0.0	0.0	0.0	0.0	0.0	0.016569467774137606	0.0	0.0	0.0	0.0	0.0	0.0	0.0	0.0	0.0	0.0	0.0	0.0
ACH-000067	1	3422097	G[C>T]C	0.0001016510320675231	0.0	0.0	0.0	0.05519598718734552	0.3784778499907924	0.0	0.0	0.0	0.0	0.0	0.0	0.0	0.0441065843635584	0.0	0.0	0.0	0.0	0.0	0.0	0.0	0.0	0.0	0.0	0.0	0.0	0.0	0.0	0.0	0.0	0.4688715834224752	0.0	0.0	0.0	0.0	0.0	0.0	0.0	0.0	0.0	0.0	0.0	0.0	0.0	0.0	0.0	0.0	0.0	0.0	0.0	0.0	0.0	0.0	0.0	0.0	0.0	0.0	0.0	0.0	0.0	0.0	0.0	0.0	0.036676876229623394	0.0	0.0	0.0	0.0	0.0	0.0	0.0	0.0	0.0	0.016569467774137606	0.0	0.0	0.0	0.0	0.0	0.0	0.0	0.0	0.0	0.0	0.0	0.0
ACH-000067	1	8925523	A[C>A]T	0.027235624926764047	0.0	0.0	0.0	0.3280512822825692	0.01192002553567868	0.0	0.0	0.0	0.0	0.0	0.0	0.0	0.0009247124378332986	0.0	0.0	0.0	0.0	0.0	0.0	0.0	0.0	0.0	0.0	0.0	0.0	0.0	0.0	0.0	0.0	3.31520755128119e-16	0.0	0.0	0.0	0.0	0.0	0.0	0.0	0.0	0.0	0.0	0.0	0.0	0.0	0.0	0.0	0.0	0.0	0.0	0.0	0.0	0.0	0.0	0.0	0.0	0.0	0.0	0.0	0.0	0.0	0.0	0.0	0.0	0.022511705909221656	0.0	0.0	0.0	0.0	0.0	0.0	0.0	0.0	0.0	0.6093566489079328	0.0	0.0	0.0	0.0	0.0	0.0	0.0	0.0	0.0	0.0	0.0	0.0
ACH-000067	1	10689959	G[C>T]G	0.21381807824068003	0.0	0.0	0.0	0.028138816360688587	0.5433560040504518	0.0	0.0	0.0	0.0	0.0	0.0	0.0	0.03294913419041502	0.0	0.0	0.0	0.0	0.0	0.0	0.0	0.0	0.0	0.0	0.0	0.0	0.0	0.0	0.0	0.0	0.03352627226956035	0.0	0.0	0.0	0.0	0.0	0.0	0.0	0.0	0.0	0.0	0.0	0.0	0.0	0.0	0.0	0.0	0.0	0.0	0.0	0.0	0.0	0.0	0.0	0.0	0.0	0.0	0.0	0.0	0.0	0.0	0.0	0.0	0.04787418613417582	0.0	0.0	0.0	0.0	0.0	0.0	0.0	0.0	0.0	0.10033750875402844	0.0	0.0	0.0	0.0	0.0	0.0	0.0	0.0	0.0	0.0	0.0	0.0
ACH-000067	1	11190804	T[C>T]G	0.06023938108490008	0.0	0.0	0.0	0.020309430881274005	0.08862733594461802	0.0	0.0	0.0	0.0	0.0	0.0	0.0	0.6380500798717302	0.0	0.0	0.0	0.0	0.0	0.0	0.0	0.0	0.0	0.0	0.0	0.0	0.0	0.0	0.0	0.0	0.004367791723035009	0.0	0.0	0.0	0.0	0.0	0.0	0.0	0.0	0.0	0.0	0.0	0.0	0.0	0.0	0.0	0.0	0.0	0.0	0.0	0.0	0.0	0.0	0.0	0.0	0.0	0.0	0.0	0.0	0.0	0.0	0.0	0.0	1.665110165648452e-13	0.0	0.0	0.0	0.0	0.0	0.0	0.0	0.0	0.0	0.18840598049427607	0.0	0.0	0.0	0.0	0.0	0.0	0.0	0.0	0.0	0.0	0.0	0.0
ACH-000067	1	19524502	C[C>T]T	0.00033686381127272913	0.0	0.0	0.0	0.09260248844201363	0.07381651141050204	0.0	0.0	0.0	0.0	0.0	0.0	0.0	0.0027264692229691458	0.0	0.0	0.0	0.0	0.0	0.0	0.0	0.0	0.0	0.0	0.0	0.0	0.0	0.0	0.0	0.0	0.7451002577119897	0.0	0.0	0.0	0.0	0.0	0.0	0.0	0.0	0.0	0.0	0.0	0.0	0.0	0.0	0.0	0.0	0.0	0.0	0.0	0.0	0.0	0.0	0.0	0.0	0.0	0.0	0.0	0.0	0.0	0.0	0.0	0.0	0.016294905505334804	0.0	0.0	0.0	0.0	0.0	0.0	0.0	0.0	0.0	0.06912250389591769	0.0	0.0	0.0	0.0	0.0	0.0	0.0	0.0	0.0	0.0	0.0	0.0
ACH-000067	1	23745627	C[C>T]C	0.0004071406412232753	0.0	0.0	0.0	0.06682624100360375	0.06945745711842087	0.0	0.0	0.0	0.0	0.0	0.0	0.0	0.00033932407195999163	0.0	0.0	0.0	0.0	0.0	0.0	0.0	0.0	0.0	0.0	0.0	0.0	0.0	0.0	0.0	0.0	0.7920173072296509	0.0	0.0	0.0	0.0	0.0	0.0	0.0	0.0	0.0	0.0	0.0	0.0	0.0	0.0	0.0	0.0	0.0	0.0	0.0	0.0	0.0	0.0	0.0	0.0	0.0	0.0	0.0	0.0	0.0	0.0	0.0	0.0	0.0008709001238315927	0.0	0.0	0.0	0.0	0.0	0.0	0.0	0.0	0.0	0.07008162981130965	0.0	0.0	0.0	0.0	0.0	0.0	0.0	0.0	0.0	0.0	0.0	0.0
ACH-000067	1	46493479	G[T>A]T	0.004801255675428736	0.0	0.0	0.0	0.1397666292877741	0.014363590036827703	0.0	0.0	0.0	0.0	0.0	0.0	0.0	0.005358486579239905	0.0	0.0	0.0	0.0	0.0	0.0	0.0	0.0	0.0	0.0	0.0	0.0	0.0	0.0	0.0	0.0	2.987328896137607e-16	0.0	0.0	0.0	0.0	0.0	0.0	0.0	0.0	0.0	0.0	0.0	0.0	0.0	0.0	0.0	0.0	0.0	0.0	0.0	0.0	0.0	0.0	0.0	0.0	0.0	0.0	0.0	0.0	0.0	0.0	0.0	0.0	0.08798053242313231	0.0	0.0	0.0	0.0	0.0	0.0	0.0	0.0	0.0	0.7477295059975969	0.0	0.0	0.0	0.0	0.0	0.0	0.0	0.0	0.0	0.0	0.0	0.0
ACH-000067	1	53370416	C[C>T]A	0.006252465899580797	0.0	0.0	0.0	0.14146074004472553	0.13232345867705547	0.0	0.0	0.0	0.0	0.0	0.0	0.0	0.0012585897281964468	0.0	0.0	0.0	0.0	0.0	0.0	0.0	0.0	0.0	0.0	0.0	0.0	0.0	0.0	0.0	0.0	0.5403859044196242	0.0	0.0	0.0	0.0	0.0	0.0	0.0	0.0	0.0	0.0	0.0	0.0	0.0	0.0	0.0	0.0	0.0	0.0	0.0	0.0	0.0	0.0	0.0	0.0	0.0	0.0	0.0	0.0	0.0	0.0	0.0	0.0	0.026923491970389853	0.0	0.0	0.0	0.0	0.0	0.0	0.0	0.0	0.0	0.15139534926042775	0.0	0.0	0.0	0.0	0.0	0.0	0.0	0.0	0.0	0.0	0.0	0.0
ACH-000067	1	64624794	A[C>T]G	0.24624856314850024	0.0	0.0	0.0	0.009724831887380804	0.25196407666546383	0.0	0.0	0.0	0.0	0.0	0.0	0.0	0.0007446745109325756	0.0	0.0	0.0	0.0	0.0	0.0	0.0	0.0	0.0	0.0	0.0	0.0	0.0	0.0	0.0	0.0	0.01634893777184812	0.0	0.0	0.0	0.0	0.0	0.0	0.0	0.0	0.0	0.0	0.0	0.0	0.0	0.0	0.0	0.0	0.0	0.0	0.0	0.0	0.0	0.0	0.0	0.0	0.0	0.0	0.0	0.0	0.0	0.0	0.0	0.0	0.0005913645975777952	0.0	0.0	0.0	0.0	0.0	0.0	0.0	0.0	0.0	0.4743775514182967	0.0	0.0	0.0	0.0	0.0	0.0	0.0	0.0	0.0	0.0	0.0	0.0
ACH-000067	1	76384769	A[T>G]C	0.013821878009759278	0.0	0.0	0.0	0.40493223939306067	0.042393878389522216	0.0	0.0	0.0	0.0	0.0	0.0	0.0	0.009488881670685846	0.0	0.0	0.0	0.0	0.0	0.0	0.0	0.0	0.0	0.0	0.0	0.0	0.0	0.0	0.0	0.0	1.0069697363943118e-15	0.0	0.0	0.0	0.0	0.0	0.0	0.0	0.0	0.0	0.0	0.0	0.0	0.0	0.0	0.0	0.0	0.0	0.0	0.0	0.0	0.0	0.0	0.0	0.0	0.0	0.0	0.0	0.0	0.0	0.0	0.0	0.0	0.26960845834402064	0.0	0.0	0.0	0.0	0.0	0.0	0.0	0.0	0.0	0.25975466419295035	0.0	0.0	0.0	0.0	0.0	0.0	0.0	0.0	0.0	0.0	0.0	0.0
ACH-000067	1	92789462	A[T>A]G	0.02018761429063847	0.0	0.0	0.0	0.3766933522466771	1.2228458001360844e-14	0.0	0.0	0.0	0.0	0.0	0.0	0.0	0.00110481049124264	0.0	0.0	0.0	0.0	0.0	0.0	0.0	0.0	0.0	0.0	0.0	0.0	0.0	0.0	0.0	0.0	0.0174211263278557	0.0	0.0	0.0	0.0	0.0	0.0	0.0	0.0	0.0	0.0	0.0	0.0	0.0	0.0	0.0	0.0	0.0	0.0	0.0	0.0	0.0	0.0	0.0	0.0	0.0	0.0	0.0	0.0	0.0	0.0	0.0	0.0	0.19142592617860657	0.0	0.0	0.0	0.0	0.0	0.0	0.0	0.0	0.0	0.39316717046496724	0.0	0.0	0.0	0.0	0.0	0.0	0.0	0.0	0.0	0.0	0.0	0.0
ACH-000067	1	148007855	G[C>A]A	0.018836537461043818	0.0	0.0	0.0	0.2836332356636345	0.015843398981171035	0.0	0.0	0.0	0.0	0.0	0.0	0.0	0.023235241887342196	0.0	0.0	0.0	0.0	0.0	0.0	0.0	0.0	0.0	0.0	0.0	0.0	0.0	0.0	0.0	0.0	0.011165193710003655	0.0	0.0	0.0	0.0	0.0	0.0	0.0	0.0	0.0	0.0	0.0	0.0	0.0	0.0	0.0	0.0	0.0	0.0	0.0	0.0	0.0	0.0	0.0	0.0	0.0	0.0	0.0	0.0	0.0	0.0	0.0	0.0	0.15812174144915375	0.0	0.0	0.0	0.0	0.0	0.0	0.0	0.0	0.0	0.4891646508476511	0.0	0.0	0.0	0.0	0.0	0.0	0.0	0.0	0.0	0.0	0.0	0.0
ACH-000067	1	148023014	A[T>A]T	0.003457793195621733	0.0	0.0	0.0	0.27324586419322894	0.09761883307783618	0.0	0.0	0.0	0.0	0.0	0.0	0.0	0.14357521884397795	0.0	0.0	0.0	0.0	0.0	0.0	0.0	0.0	0.0	0.0	0.0	0.0	0.0	0.0	0.0	0.0	0.008454106713699377	0.0	0.0	0.0	0.0	0.0	0.0	0.0	0.0	0.0	0.0	0.0	0.0	0.0	0.0	0.0	0.0	0.0	0.0	0.0	0.0	0.0	0.0	0.0	0.0	0.0	0.0	0.0	0.0	0.0	0.0	0.0	0.0	0.014534361177562287	0.0	0.0	0.0	0.0	0.0	0.0	0.0	0.0	0.0	0.45911382279807356	0.0	0.0	0.0	0.0	0.0	0.0	0.0	0.0	0.0	0.0	0.0	0.0
ACH-000067	1	153507255	T[T>C]G	0.001512278797428842	0.0	0.0	0.0	0.10768493694259303	0.024098760046491082	0.0	0.0	0.0	0.0	0.0	0.0	0.0	0.006474416417421194	0.0	0.0	0.0	0.0	0.0	0.0	0.0	0.0	0.0	0.0	0.0	0.0	0.0	0.0	0.0	0.0	0.0030509664781600307	0.0	0.0	0.0	0.0	0.0	0.0	0.0	0.0	0.0	0.0	0.0	0.0	0.0	0.0	0.0	0.0	0.0	0.0	0.0	0.0	0.0	0.0	0.0	0.0	0.0	0.0	0.0	0.0	0.0	0.0	0.0	0.0	0.8212412965807244	0.0	0.0	0.0	0.0	0.0	0.0	0.0	0.0	0.0	0.035937344737181263	0.0	0.0	0.0	0.0	0.0	0.0	0.0	0.0	0.0	0.0	0.0	0.0
ACH-000067	1	154113942	A[C>T]G	0.24624856314850024	0.0	0.0	0.0	0.009724831887380804	0.25196407666546383	0.0	0.0	0.0	0.0	0.0	0.0	0.0	0.0007446745109325756	0.0	0.0	0.0	0.0	0.0	0.0	0.0	0.0	0.0	0.0	0.0	0.0	0.0	0.0	0.0	0.0	0.01634893777184812	0.0	0.0	0.0	0.0	0.0	0.0	0.0	0.0	0.0	0.0	0.0	0.0	0.0	0.0	0.0	0.0	0.0	0.0	0.0	0.0	0.0	0.0	0.0	0.0	0.0	0.0	0.0	0.0	0.0	0.0	0.0	0.0	0.0005913645975777952	0.0	0.0	0.0	0.0	0.0	0.0	0.0	0.0	0.0	0.4743775514182967	0.0	0.0	0.0	0.0	0.0	0.0	0.0	0.0	0.0	0.0	0.0	0.0
ACH-000067	1	175097184	C[C>T]G	0.10782077294888608	0.0	0.0	0.0	0.022454181530241278	0.2088732092288301	0.0	0.0	0.0	0.0	0.0	0.0	0.0	0.005426672227252958	0.0	0.0	0.0	0.0	0.0	0.0	0.0	0.0	0.0	0.0	0.0	0.0	0.0	0.0	0.0	0.0	0.02170835677860561	0.0	0.0	0.0	0.0	0.0	0.0	0.0	0.0	0.0	0.0	0.0	0.0	0.0	0.0	0.0	0.0	0.0	0.0	0.0	0.0	0.0	0.0	0.0	0.0	0.0	0.0	0.0	0.0	0.0	0.0	0.0	0.0	0.03978440714780313	0.0	0.0	0.0	0.0	0.0	0.0	0.0	0.0	0.0	0.5939324001383809	0.0	0.0	0.0	0.0	0.0	0.0	0.0	0.0	0.0	0.0	0.0	0.0
ACH-000067	1	220340635	C[C>T]T	0.00033686381127272913	0.0	0.0	0.0	0.09260248844201363	0.07381651141050204	0.0	0.0	0.0	0.0	0.0	0.0	0.0	0.0027264692229691458	0.0	0.0	0.0	0.0	0.0	0.0	0.0	0.0	0.0	0.0	0.0	0.0	0.0	0.0	0.0	0.0	0.7451002577119897	0.0	0.0	0.0	0.0	0.0	0.0	0.0	0.0	0.0	0.0	0.0	0.0	0.0	0.0	0.0	0.0	0.0	0.0	0.0	0.0	0.0	0.0	0.0	0.0	0.0	0.0	0.0	0.0	0.0	0.0	0.0	0.0	0.016294905505334804	0.0	0.0	0.0	0.0	0.0	0.0	0.0	0.0	0.0	0.06912250389591769	0.0	0.0	0.0	0.0	0.0	0.0	0.0	0.0	0.0	0.0	0.0	0.0
ACH-000067	1	228521291	C[T>C]G	0.0006375892209339954	0.0	0.0	0.0	0.08592401020651946	0.029324226291879946	0.0	0.0	0.0	0.0	0.0	0.0	0.0	0.00011946770418318287	0.0	0.0	0.0	0.0	0.0	0.0	0.0	0.0	0.0	0.0	0.0	0.0	0.0	0.0	0.0	0.0	0.0019146116208448138	0.0	0.0	0.0	0.0	0.0	0.0	0.0	0.0	0.0	0.0	0.0	0.0	0.0	0.0	0.0	0.0	0.0	0.0	0.0	0.0	0.0	0.0	0.0	0.0	0.0	0.0	0.0	0.0	0.0	0.0	0.0	0.0	0.8735259279485404	0.0	0.0	0.0	0.0	0.0	0.0	0.0	0.0	0.0	0.00855416700709814	0.0	0.0	0.0	0.0	0.0	0.0	0.0	0.0	0.0	0.0	0.0	0.0
ACH-000067	1	229730632	A[T>C]G	0.0001690696448903542	0.0	0.0	0.0	0.14211346886264728	0.021047547461844125	0.0	0.0	0.0	0.0	0.0	0.0	0.0	0.0022580807326803396	0.0	0.0	0.0	0.0	0.0	0.0	0.0	0.0	0.0	0.0	0.0	0.0	0.0	0.0	0.0	0.0	0.0020832858988080816	0.0	0.0	0.0	0.0	0.0	0.0	0.0	0.0	0.0	0.0	0.0	0.0	0.0	0.0	0.0	0.0	0.0	0.0	0.0	0.0	0.0	0.0	0.0	0.0	0.0	0.0	0.0	0.0	0.0	0.0	0.0	0.0	0.8233614566454784	0.0	0.0	0.0	0.0	0.0	0.0	0.0	0.0	0.0	0.008967090753651322	0.0	0.0	0.0	0.0	0.0	0.0	0.0	0.0	0.0	0.0	0.0	0.0
ACH-000067	2	29152540	C[C>A]C	0.022227472179168914	0.0	0.0	0.0	0.17783538770017912	0.15806540688557777	0.0	0.0	0.0	0.0	0.0	0.0	0.0	0.10528090360633748	0.0	0.0	0.0	0.0	0.0	0.0	0.0	0.0	0.0	0.0	0.0	0.0	0.0	0.0	0.0	0.0	0.021740531453051586	0.0	0.0	0.0	0.0	0.0	0.0	0.0	0.0	0.0	0.0	0.0	0.0	0.0	0.0	0.0	0.0	0.0	0.0	0.0	0.0	0.0	0.0	0.0	0.0	0.0	0.0	0.0	0.0	0.0	0.0	0.0	0.0	0.08155491892447325	0.0	0.0	0.0	0.0	0.0	0.0	0.0	0.0	0.0	0.4332953792512118	0.0	0.0	0.0	0.0	0.0	0.0	0.0	0.0	0.0	0.0	0.0	0.0
ACH-000067	2	43010497	A[C>G]C	0.030593194921665026	0.0	0.0	0.0	0.33338997453703173	0.02255477487478292	0.0	0.0	0.0	0.0	0.0	0.0	0.0	0.008958902518952549	0.0	0.0	0.0	0.0	0.0	0.0	0.0	0.0	0.0	0.0	0.0	0.0	0.0	0.0	0.0	0.0	0.0028414853733300747	0.0	0.0	0.0	0.0	0.0	0.0	0.0	0.0	0.0	0.0	0.0	0.0	0.0	0.0	0.0	0.0	0.0	0.0	0.0	0.0	0.0	0.0	0.0	0.0	0.0	0.0	0.0	0.0	0.0	0.0	0.0	0.0	0.03178531782388588	0.0	0.0	0.0	0.0	0.0	0.0	0.0	0.0	0.0	0.5698763499503519	0.0	0.0	0.0	0.0	0.0	0.0	0.0	0.0	0.0	0.0	0.0	0.0
ACH-000067	2	55771366	G[T>C]A	0.008186937796932088	0.0	0.0	0.0	0.2564273400818681	0.062365170886284904	0.0	0.0	0.0	0.0	0.0	0.0	0.0	0.30558726195350927	0.0	0.0	0.0	0.0	0.0	0.0	0.0	0.0	0.0	0.0	0.0	0.0	0.0	0.0	0.0	0.0	0.004723697755046817	0.0	0.0	0.0	0.0	0.0	0.0	0.0	0.0	0.0	0.0	0.0	0.0	0.0	0.0	0.0	0.0	0.0	0.0	0.0	0.0	0.0	0.0	0.0	0.0	0.0	0.0	0.0	0.0	0.0	0.0	0.0	0.0	0.22715239772794935	0.0	0.0	0.0	0.0	0.0	0.0	0.0	0.0	0.0	0.1355571937984094	0.0	0.0	0.0	0.0	0.0	0.0	0.0	0.0	0.0	0.0	0.0	0.0
ACH-000067	2	62450087	G[C>T]G	0.21381807824068003	0.0	0.0	0.0	0.028138816360688587	0.5433560040504518	0.0	0.0	0.0	0.0	0.0	0.0	0.0	0.03294913419041502	0.0	0.0	0.0	0.0	0.0	0.0	0.0	0.0	0.0	0.0	0.0	0.0	0.0	0.0	0.0	0.0	0.03352627226956035	0.0	0.0	0.0	0.0	0.0	0.0	0.0	0.0	0.0	0.0	0.0	0.0	0.0	0.0	0.0	0.0	0.0	0.0	0.0	0.0	0.0	0.0	0.0	0.0	0.0	0.0	0.0	0.0	0.0	0.0	0.0	0.0	0.04787418613417582	0.0	0.0	0.0	0.0	0.0	0.0	0.0	0.0	0.0	0.10033750875402844	0.0	0.0	0.0	0.0	0.0	0.0	0.0	0.0	0.0	0.0	0.0	0.0
ACH-000067	2	66664912	A[T>C]C	0.039231344799731276	0.0	0.0	0.0	0.4033456389153111	0.0453852573730155	0.0	0.0	0.0	0.0	0.0	0.0	0.0	0.017547512664431626	0.0	0.0	0.0	0.0	0.0	0.0	0.0	0.0	0.0	0.0	0.0	0.0	0.0	0.0	0.0	0.0	0.006383676320423722	0.0	0.0	0.0	0.0	0.0	0.0	0.0	0.0	0.0	0.0	0.0	0.0	0.0	0.0	0.0	0.0	0.0	0.0	0.0	0.0	0.0	0.0	0.0	0.0	0.0	0.0	0.0	0.0	0.0	0.0	0.0	0.0	0.25558863405855176	0.0	0.0	0.0	0.0	0.0	0.0	0.0	0.0	0.0	0.23251793586853486	0.0	0.0	0.0	0.0	0.0	0.0	0.0	0.0	0.0	0.0	0.0	0.0
ACH-000067	2	137990553	A[C>T]A	0.05909716800717352	0.0	0.0	0.0	0.17974509619003715	0.47158634793108567	0.0	0.0	0.0	0.0	0.0	0.0	0.0	0.003460065082955379	0.0	0.0	0.0	0.0	0.0	0.0	0.0	0.0	0.0	0.0	0.0	0.0	0.0	0.0	0.0	0.0	0.14846611527716297	0.0	0.0	0.0	0.0	0.0	0.0	0.0	0.0	0.0	0.0	0.0	0.0	0.0	0.0	0.0	0.0	0.0	0.0	0.0	0.0	0.0	0.0	0.0	0.0	0.0	0.0	0.0	0.0	0.0	0.0	0.0	0.0	0.008940636725318368	0.0	0.0	0.0	0.0	0.0	0.0	0.0	0.0	0.0	0.12870457078626696	0.0	0.0	0.0	0.0	0.0	0.0	0.0	0.0	0.0	0.0	0.0	0.0
ACH-000067	2	162833316	G[C>T]A	0.008833425089852413	0.0	0.0	0.0	0.09002448838186884	0.5795601412451798	0.0	0.0	0.0	0.0	0.0	0.0	0.0	0.0019254771411062173	0.0	0.0	0.0	0.0	0.0	0.0	0.0	0.0	0.0	0.0	0.0	0.0	0.0	0.0	0.0	0.0	0.29690168029950187	0.0	0.0	0.0	0.0	0.0	0.0	0.0	0.0	0.0	0.0	0.0	0.0	0.0	0.0	0.0	0.0	0.0	0.0	0.0	0.0	0.0	0.0	0.0	0.0	0.0	0.0	0.0	0.0	0.0	0.0	0.0	0.0	0.0011287029738168372	0.0	0.0	0.0	0.0	0.0	0.0	0.0	0.0	0.0	0.021626084868674064	0.0	0.0	0.0	0.0	0.0	0.0	0.0	0.0	0.0	0.0	0.0	0.0
ACH-000067	2	198262723	T[T>C]G	0.001512278797428842	0.0	0.0	0.0	0.10768493694259303	0.024098760046491082	0.0	0.0	0.0	0.0	0.0	0.0	0.0	0.006474416417421194	0.0	0.0	0.0	0.0	0.0	0.0	0.0	0.0	0.0	0.0	0.0	0.0	0.0	0.0	0.0	0.0	0.0030509664781600307	0.0	0.0	0.0	0.0	0.0	0.0	0.0	0.0	0.0	0.0	0.0	0.0	0.0	0.0	0.0	0.0	0.0	0.0	0.0	0.0	0.0	0.0	0.0	0.0	0.0	0.0	0.0	0.0	0.0	0.0	0.0	0.0	0.8212412965807244	0.0	0.0	0.0	0.0	0.0	0.0	0.0	0.0	0.0	0.035937344737181263	0.0	0.0	0.0	0.0	0.0	0.0	0.0	0.0	0.0	0.0	0.0	0.0
ACH-000067	2	230910600	T[C>G]A	6.43700695918374e-15	0.0	0.0	0.0	0.5259204607241903	0.004463248073941252	0.0	0.0	0.0	0.0	0.0	0.0	0.0	1.7088377218998987e-14	0.0	0.0	0.0	0.0	0.0	0.0	0.0	0.0	0.0	0.0	0.0	0.0	0.0	0.0	0.0	0.0	0.016928975502072514	0.0	0.0	0.0	0.0	0.0	0.0	0.0	0.0	0.0	0.0	0.0	0.0	0.0	0.0	0.0	0.0	0.0	0.0	0.0	0.0	0.0	0.0	0.0	0.0	0.0	0.0	0.0	0.0	0.0	0.0	0.0	0.0	0.3460263220664462	0.0	0.0	0.0	0.0	0.0	0.0	0.0	0.0	0.0	0.10666099363332614	0.0	0.0	0.0	0.0	0.0	0.0	0.0	0.0	0.0	0.0	0.0	0.0
ACH-000067	3	36872531	G[C>T]C	0.0001016510320675231	0.0	0.0	0.0	0.05519598718734552	0.3784778499907924	0.0	0.0	0.0	0.0	0.0	0.0	0.0	0.0441065843635584	0.0	0.0	0.0	0.0	0.0	0.0	0.0	0.0	0.0	0.0	0.0	0.0	0.0	0.0	0.0	0.0	0.4688715834224752	0.0	0.0	0.0	0.0	0.0	0.0	0.0	0.0	0.0	0.0	0.0	0.0	0.0	0.0	0.0	0.0	0.0	0.0	0.0	0.0	0.0	0.0	0.0	0.0	0.0	0.0	0.0	0.0	0.0	0.0	0.0	0.0	0.036676876229623394	0.0	0.0	0.0	0.0	0.0	0.0	0.0	0.0	0.0	0.016569467774137606	0.0	0.0	0.0	0.0	0.0	0.0	0.0	0.0	0.0	0.0	0.0	0.0
ACH-000067	3	49847954	G[T>C]T	0.0005973578468662855	0.0	0.0	0.0	0.267766079347727	0.023627998583607483	0.0	0.0	0.0	0.0	0.0	0.0	0.0	0.25692450918556103	0.0	0.0	0.0	0.0	0.0	0.0	0.0	0.0	0.0	0.0	0.0	0.0	0.0	0.0	0.0	0.0	0.018606342471933737	0.0	0.0	0.0	0.0	0.0	0.0	0.0	0.0	0.0	0.0	0.0	0.0	0.0	0.0	0.0	0.0	0.0	0.0	0.0	0.0	0.0	0.0	0.0	0.0	0.0	0.0	0.0	0.0	0.0	0.0	0.0	0.0	0.11585093850098196	0.0	0.0	0.0	0.0	0.0	0.0	0.0	0.0	0.0	0.3166267740633225	0.0	0.0	0.0	0.0	0.0	0.0	0.0	0.0	0.0	0.0	0.0	0.0
ACH-000067	3	56173667	T[C>T]G	0.06023938108490008	0.0	0.0	0.0	0.020309430881274005	0.08862733594461802	0.0	0.0	0.0	0.0	0.0	0.0	0.0	0.6380500798717302	0.0	0.0	0.0	0.0	0.0	0.0	0.0	0.0	0.0	0.0	0.0	0.0	0.0	0.0	0.0	0.0	0.004367791723035009	0.0	0.0	0.0	0.0	0.0	0.0	0.0	0.0	0.0	0.0	0.0	0.0	0.0	0.0	0.0	0.0	0.0	0.0	0.0	0.0	0.0	0.0	0.0	0.0	0.0	0.0	0.0	0.0	0.0	0.0	0.0	0.0	1.665110165648452e-13	0.0	0.0	0.0	0.0	0.0	0.0	0.0	0.0	0.0	0.18840598049427607	0.0	0.0	0.0	0.0	0.0	0.0	0.0	0.0	0.0	0.0	0.0	0.0
ACH-000067	3	107429391	G[C>T]C	0.0001016510320675231	0.0	0.0	0.0	0.05519598718734552	0.3784778499907924	0.0	0.0	0.0	0.0	0.0	0.0	0.0	0.0441065843635584	0.0	0.0	0.0	0.0	0.0	0.0	0.0	0.0	0.0	0.0	0.0	0.0	0.0	0.0	0.0	0.0	0.4688715834224752	0.0	0.0	0.0	0.0	0.0	0.0	0.0	0.0	0.0	0.0	0.0	0.0	0.0	0.0	0.0	0.0	0.0	0.0	0.0	0.0	0.0	0.0	0.0	0.0	0.0	0.0	0.0	0.0	0.0	0.0	0.0	0.0	0.036676876229623394	0.0	0.0	0.0	0.0	0.0	0.0	0.0	0.0	0.0	0.016569467774137606	0.0	0.0	0.0	0.0	0.0	0.0	0.0	0.0	0.0	0.0	0.0	0.0
ACH-000067	3	114070155	G[C>T]C	0.0001016510320675231	0.0	0.0	0.0	0.05519598718734552	0.3784778499907924	0.0	0.0	0.0	0.0	0.0	0.0	0.0	0.0441065843635584	0.0	0.0	0.0	0.0	0.0	0.0	0.0	0.0	0.0	0.0	0.0	0.0	0.0	0.0	0.0	0.0	0.4688715834224752	0.0	0.0	0.0	0.0	0.0	0.0	0.0	0.0	0.0	0.0	0.0	0.0	0.0	0.0	0.0	0.0	0.0	0.0	0.0	0.0	0.0	0.0	0.0	0.0	0.0	0.0	0.0	0.0	0.0	0.0	0.0	0.0	0.036676876229623394	0.0	0.0	0.0	0.0	0.0	0.0	0.0	0.0	0.0	0.016569467774137606	0.0	0.0	0.0	0.0	0.0	0.0	0.0	0.0	0.0	0.0	0.0	0.0
ACH-000067	3	185797681	G[C>T]G	0.21381807824068003	0.0	0.0	0.0	0.028138816360688587	0.5433560040504518	0.0	0.0	0.0	0.0	0.0	0.0	0.0	0.03294913419041502	0.0	0.0	0.0	0.0	0.0	0.0	0.0	0.0	0.0	0.0	0.0	0.0	0.0	0.0	0.0	0.0	0.03352627226956035	0.0	0.0	0.0	0.0	0.0	0.0	0.0	0.0	0.0	0.0	0.0	0.0	0.0	0.0	0.0	0.0	0.0	0.0	0.0	0.0	0.0	0.0	0.0	0.0	0.0	0.0	0.0	0.0	0.0	0.0	0.0	0.0	0.04787418613417582	0.0	0.0	0.0	0.0	0.0	0.0	0.0	0.0	0.0	0.10033750875402844	0.0	0.0	0.0	0.0	0.0	0.0	0.0	0.0	0.0	0.0	0.0	0.0
ACH-000067	3	185906072	T[C>A]T	2.0101897696974772e-05	0.0	0.0	0.0	0.10128692937830437	0.007949396485553394	0.0	0.0	0.0	0.0	0.0	0.0	0.0	0.7438965422240698	0.0	0.0	0.0	0.0	0.0	0.0	0.0	0.0	0.0	0.0	0.0	0.0	0.0	0.0	0.0	0.0	0.002280551177214896	0.0	0.0	0.0	0.0	0.0	0.0	0.0	0.0	0.0	0.0	0.0	0.0	0.0	0.0	0.0	0.0	0.0	0.0	0.0	0.0	0.0	0.0	0.0	0.0	0.0	0.0	0.0	0.0	0.0	0.0	0.0	0.0	0.06291431164486551	0.0	0.0	0.0	0.0	0.0	0.0	0.0	0.0	0.0	0.08165216719229515	0.0	0.0	0.0	0.0	0.0	0.0	0.0	0.0	0.0	0.0	0.0	0.0
ACH-000067	3	195510749	G[C>A]G	0.008385240608848014	0.0	0.0	0.0	0.0779661815309814	0.015871669022203546	0.0	0.0	0.0	0.0	0.0	0.0	0.0	0.0032449560322025893	0.0	0.0	0.0	0.0	0.0	0.0	0.0	0.0	0.0	0.0	0.0	0.0	0.0	0.0	0.0	0.0	0.004724094526781633	0.0	0.0	0.0	0.0	0.0	0.0	0.0	0.0	0.0	0.0	0.0	0.0	0.0	0.0	0.0	0.0	0.0	0.0	0.0	0.0	0.0	0.0	0.0	0.0	0.0	0.0	0.0	0.0	0.0	0.0	0.0	0.0	0.2058907495318876	0.0	0.0	0.0	0.0	0.0	0.0	0.0	0.0	0.0	0.6839171087470953	0.0	0.0	0.0	0.0	0.0	0.0	0.0	0.0	0.0	0.0	0.0	0.0
ACH-000067	4	13601899	C[T>C]G	0.0006375892209339954	0.0	0.0	0.0	0.08592401020651946	0.029324226291879946	0.0	0.0	0.0	0.0	0.0	0.0	0.0	0.00011946770418318287	0.0	0.0	0.0	0.0	0.0	0.0	0.0	0.0	0.0	0.0	0.0	0.0	0.0	0.0	0.0	0.0	0.0019146116208448138	0.0	0.0	0.0	0.0	0.0	0.0	0.0	0.0	0.0	0.0	0.0	0.0	0.0	0.0	0.0	0.0	0.0	0.0	0.0	0.0	0.0	0.0	0.0	0.0	0.0	0.0	0.0	0.0	0.0	0.0	0.0	0.0	0.8735259279485404	0.0	0.0	0.0	0.0	0.0	0.0	0.0	0.0	0.0	0.00855416700709814	0.0	0.0	0.0	0.0	0.0	0.0	0.0	0.0	0.0	0.0	0.0	0.0
ACH-000067	4	15689344	A[C>T]G	0.24624856314850024	0.0	0.0	0.0	0.009724831887380804	0.25196407666546383	0.0	0.0	0.0	0.0	0.0	0.0	0.0	0.0007446745109325756	0.0	0.0	0.0	0.0	0.0	0.0	0.0	0.0	0.0	0.0	0.0	0.0	0.0	0.0	0.0	0.0	0.01634893777184812	0.0	0.0	0.0	0.0	0.0	0.0	0.0	0.0	0.0	0.0	0.0	0.0	0.0	0.0	0.0	0.0	0.0	0.0	0.0	0.0	0.0	0.0	0.0	0.0	0.0	0.0	0.0	0.0	0.0	0.0	0.0	0.0	0.0005913645975777952	0.0	0.0	0.0	0.0	0.0	0.0	0.0	0.0	0.0	0.4743775514182967	0.0	0.0	0.0	0.0	0.0	0.0	0.0	0.0	0.0	0.0	0.0	0.0
ACH-000067	4	17600104	C[C>T]T	0.00033686381127272913	0.0	0.0	0.0	0.09260248844201363	0.07381651141050204	0.0	0.0	0.0	0.0	0.0	0.0	0.0	0.0027264692229691458	0.0	0.0	0.0	0.0	0.0	0.0	0.0	0.0	0.0	0.0	0.0	0.0	0.0	0.0	0.0	0.0	0.7451002577119897	0.0	0.0	0.0	0.0	0.0	0.0	0.0	0.0	0.0	0.0	0.0	0.0	0.0	0.0	0.0	0.0	0.0	0.0	0.0	0.0	0.0	0.0	0.0	0.0	0.0	0.0	0.0	0.0	0.0	0.0	0.0	0.0	0.016294905505334804	0.0	0.0	0.0	0.0	0.0	0.0	0.0	0.0	0.0	0.06912250389591769	0.0	0.0	0.0	0.0	0.0	0.0	0.0	0.0	0.0	0.0	0.0	0.0
ACH-000067	4	62758586	C[T>C]C	0.029644678235987418	0.0	0.0	0.0	0.28764237458957526	0.03801198236684589	0.0	0.0	0.0	0.0	0.0	0.0	0.0	0.003920243297490064	0.0	0.0	0.0	0.0	0.0	0.0	0.0	0.0	0.0	0.0	0.0	0.0	0.0	0.0	0.0	0.0	1.472090909041929e-16	0.0	0.0	0.0	0.0	0.0	0.0	0.0	0.0	0.0	0.0	0.0	0.0	0.0	0.0	0.0	0.0	0.0	0.0	0.0	0.0	0.0	0.0	0.0	0.0	0.0	0.0	0.0	0.0	0.0	0.0	0.0	0.0	0.5151524438132441	0.0	0.0	0.0	0.0	0.0	0.0	0.0	0.0	0.0	0.12562827769685728	0.0	0.0	0.0	0.0	0.0	0.0	0.0	0.0	0.0	0.0	0.0	0.0
ACH-000067	4	69536038	A[C>T]C	0.016629231017471442	0.0	0.0	0.0	0.10985527067286889	0.1875284144216038	0.0	0.0	0.0	0.0	0.0	0.0	0.0	0.036829847653277556	0.0	0.0	0.0	0.0	0.0	0.0	0.0	0.0	0.0	0.0	0.0	0.0	0.0	0.0	0.0	0.0	0.5915559460918292	0.0	0.0	0.0	0.0	0.0	0.0	0.0	0.0	0.0	0.0	0.0	0.0	0.0	0.0	0.0	0.0	0.0	0.0	0.0	0.0	0.0	0.0	0.0	0.0	0.0	0.0	0.0	0.0	0.0	0.0	0.0	0.0	0.0035570597776016562	0.0	0.0	0.0	0.0	0.0	0.0	0.0	0.0	0.0	0.05404423036534754	0.0	0.0	0.0	0.0	0.0	0.0	0.0	0.0	0.0	0.0	0.0	0.0
ACH-000067	4	76434425	T[T>C]C	0.036664842505636355	0.0	0.0	0.0	0.24495258643168408	0.03669045527021254	0.0	0.0	0.0	0.0	0.0	0.0	0.0	0.002335751481732734	0.0	0.0	0.0	0.0	0.0	0.0	0.0	0.0	0.0	0.0	0.0	0.0	0.0	0.0	0.0	0.0	0.005710786213420083	0.0	0.0	0.0	0.0	0.0	0.0	0.0	0.0	0.0	0.0	0.0	0.0	0.0	0.0	0.0	0.0	0.0	0.0	0.0	0.0	0.0	0.0	0.0	0.0	0.0	0.0	0.0	0.0	0.0	0.0	0.0	0.0	0.22636746606543592	0.0	0.0	0.0	0.0	0.0	0.0	0.0	0.0	0.0	0.4472781120318784	0.0	0.0	0.0	0.0	0.0	0.0	0.0	0.0	0.0	0.0	0.0	0.0
ACH-000067	4	84374980	A[T>A]G	0.02018761429063847	0.0	0.0	0.0	0.3766933522466771	1.2228458001360844e-14	0.0	0.0	0.0	0.0	0.0	0.0	0.0	0.00110481049124264	0.0	0.0	0.0	0.0	0.0	0.0	0.0	0.0	0.0	0.0	0.0	0.0	0.0	0.0	0.0	0.0	0.0174211263278557	0.0	0.0	0.0	0.0	0.0	0.0	0.0	0.0	0.0	0.0	0.0	0.0	0.0	0.0	0.0	0.0	0.0	0.0	0.0	0.0	0.0	0.0	0.0	0.0	0.0	0.0	0.0	0.0	0.0	0.0	0.0	0.0	0.19142592617860657	0.0	0.0	0.0	0.0	0.0	0.0	0.0	0.0	0.0	0.39316717046496724	0.0	0.0	0.0	0.0	0.0	0.0	0.0	0.0	0.0	0.0	0.0	0.0
ACH-000067	4	94145771	T[T>A]G	0.0006836963638032132	0.0	0.0	0.0	0.272854216791739	0.002241004748021643	0.0	0.0	0.0	0.0	0.0	0.0	0.0	0.004597044122333986	0.0	0.0	0.0	0.0	0.0	0.0	0.0	0.0	0.0	0.0	0.0	0.0	0.0	0.0	0.0	0.0	0.01255586667478131	0.0	0.0	0.0	0.0	0.0	0.0	0.0	0.0	0.0	0.0	0.0	0.0	0.0	0.0	0.0	0.0	0.0	0.0	0.0	0.0	0.0	0.0	0.0	0.0	0.0	0.0	0.0	0.0	0.0	0.0	0.0	0.0	0.020533252126122056	0.0	0.0	0.0	0.0	0.0	0.0	0.0	0.0	0.0	0.6865349191731989	0.0	0.0	0.0	0.0	0.0	0.0	0.0	0.0	0.0	0.0	0.0	0.0
ACH-000067	4	129193621	A[C>G]A	0.024124366176097953	0.0	0.0	0.0	0.30554642995461295	0.019012541714620284	0.0	0.0	0.0	0.0	0.0	0.0	0.0	0.0105469964092323	0.0	0.0	0.0	0.0	0.0	0.0	0.0	0.0	0.0	0.0	0.0	0.0	0.0	0.0	0.0	0.0	2.0676418498450733e-16	0.0	0.0	0.0	0.0	0.0	0.0	0.0	0.0	0.0	0.0	0.0	0.0	0.0	0.0	0.0	0.0	0.0	0.0	0.0	0.0	0.0	0.0	0.0	0.0	0.0	0.0	0.0	0.0	0.0	0.0	0.0	0.0	0.05137536848637721	0.0	0.0	0.0	0.0	0.0	0.0	0.0	0.0	0.0	0.589394297259059	0.0	0.0	0.0	0.0	0.0	0.0	0.0	0.0	0.0	0.0	0.0	0.0
ACH-000067	5	36961647	C[C>G]A	0.000408953945771123	0.0	0.0	0.0	0.27552214924926033	0.0021697750151839943	0.0	0.0	0.0	0.0	0.0	0.0	0.0	0.0013529983932012812	0.0	0.0	0.0	0.0	0.0	0.0	0.0	0.0	0.0	0.0	0.0	0.0	0.0	0.0	0.0	0.0	0.008206842155862662	0.0	0.0	0.0	0.0	0.0	0.0	0.0	0.0	0.0	0.0	0.0	0.0	0.0	0.0	0.0	0.0	0.0	0.0	0.0	0.0	0.0	0.0	0.0	0.0	0.0	0.0	0.0	0.0	0.0	0.0	0.0	0.0	0.049010935737723596	0.0	0.0	0.0	0.0	0.0	0.0	0.0	0.0	0.0	0.663328345502997	0.0	0.0	0.0	0.0	0.0	0.0	0.0	0.0	0.0	0.0	0.0	0.0
ACH-000067	5	45262619	A[T>C]G	0.0001690696448903542	0.0	0.0	0.0	0.14211346886264728	0.021047547461844125	0.0	0.0	0.0	0.0	0.0	0.0	0.0	0.0022580807326803396	0.0	0.0	0.0	0.0	0.0	0.0	0.0	0.0	0.0	0.0	0.0	0.0	0.0	0.0	0.0	0.0	0.0020832858988080816	0.0	0.0	0.0	0.0	0.0	0.0	0.0	0.0	0.0	0.0	0.0	0.0	0.0	0.0	0.0	0.0	0.0	0.0	0.0	0.0	0.0	0.0	0.0	0.0	0.0	0.0	0.0	0.0	0.0	0.0	0.0	0.0	0.8233614566454784	0.0	0.0	0.0	0.0	0.0	0.0	0.0	0.0	0.0	0.008967090753651322	0.0	0.0	0.0	0.0	0.0	0.0	0.0	0.0	0.0	0.0	0.0	0.0
ACH-000067	5	52404391	G[C>T]G	0.21381807824068003	0.0	0.0	0.0	0.028138816360688587	0.5433560040504518	0.0	0.0	0.0	0.0	0.0	0.0	0.0	0.03294913419041502	0.0	0.0	0.0	0.0	0.0	0.0	0.0	0.0	0.0	0.0	0.0	0.0	0.0	0.0	0.0	0.0	0.03352627226956035	0.0	0.0	0.0	0.0	0.0	0.0	0.0	0.0	0.0	0.0	0.0	0.0	0.0	0.0	0.0	0.0	0.0	0.0	0.0	0.0	0.0	0.0	0.0	0.0	0.0	0.0	0.0	0.0	0.0	0.0	0.0	0.0	0.04787418613417582	0.0	0.0	0.0	0.0	0.0	0.0	0.0	0.0	0.0	0.10033750875402844	0.0	0.0	0.0	0.0	0.0	0.0	0.0	0.0	0.0	0.0	0.0	0.0
ACH-000067	5	77471615	T[T>C]G	0.001512278797428842	0.0	0.0	0.0	0.10768493694259303	0.024098760046491082	0.0	0.0	0.0	0.0	0.0	0.0	0.0	0.006474416417421194	0.0	0.0	0.0	0.0	0.0	0.0	0.0	0.0	0.0	0.0	0.0	0.0	0.0	0.0	0.0	0.0	0.0030509664781600307	0.0	0.0	0.0	0.0	0.0	0.0	0.0	0.0	0.0	0.0	0.0	0.0	0.0	0.0	0.0	0.0	0.0	0.0	0.0	0.0	0.0	0.0	0.0	0.0	0.0	0.0	0.0	0.0	0.0	0.0	0.0	0.0	0.8212412965807244	0.0	0.0	0.0	0.0	0.0	0.0	0.0	0.0	0.0	0.035937344737181263	0.0	0.0	0.0	0.0	0.0	0.0	0.0	0.0	0.0	0.0	0.0	0.0
ACH-000067	5	112439952	C[C>A]G	0.0006443664502753584	0.0	0.0	0.0	0.05580627365731061	0.035510322184753855	0.0	0.0	0.0	0.0	0.0	0.0	0.0	0.0015450045359964245	0.0	0.0	0.0	0.0	0.0	0.0	0.0	0.0	0.0	0.0	0.0	0.0	0.0	0.0	0.0	0.0	0.0024982067303966644	0.0	0.0	0.0	0.0	0.0	0.0	0.0	0.0	0.0	0.0	0.0	0.0	0.0	0.0	0.0	0.0	0.0	0.0	0.0	0.0	0.0	0.0	0.0	0.0	0.0	0.0	0.0	0.0	0.0	0.0	0.0	0.0	0.10479219577217698	0.0	0.0	0.0	0.0	0.0	0.0	0.0	0.0	0.0	0.79920363066909	0.0	0.0	0.0	0.0	0.0	0.0	0.0	0.0	0.0	0.0	0.0	0.0
ACH-000067	5	127516670	T[C>T]T	4.061659762603299e-16	0.0	0.0	0.0	0.08922938725519922	0.03963049706206042	0.0	0.0	0.0	0.0	0.0	0.0	0.0	0.6216862935672445	0.0	0.0	0.0	0.0	0.0	0.0	0.0	0.0	0.0	0.0	0.0	0.0	0.0	0.0	0.0	0.0	0.13314467774384262	0.0	0.0	0.0	0.0	0.0	0.0	0.0	0.0	0.0	0.0	0.0	0.0	0.0	0.0	0.0	0.0	0.0	0.0	0.0	0.0	0.0	0.0	0.0	0.0	0.0	0.0	0.0	0.0	0.0	0.0	0.0	0.0	0.0010986712755464755	0.0	0.0	0.0	0.0	0.0	0.0	0.0	0.0	0.0	0.11521047309610642	0.0	0.0	0.0	0.0	0.0	0.0	0.0	0.0	0.0	0.0	0.0	0.0
ACH-000067	5	138716076	T[C>T]C	9.966197475536054e-05	0.0	0.0	0.0	0.1433634451980317	0.0873300389078479	0.0	0.0	0.0	0.0	0.0	0.0	0.0	0.345561251509716	0.0	0.0	0.0	0.0	0.0	0.0	0.0	0.0	0.0	0.0	0.0	0.0	0.0	0.0	0.0	0.0	0.3237997594750123	0.0	0.0	0.0	0.0	0.0	0.0	0.0	0.0	0.0	0.0	0.0	0.0	0.0	0.0	0.0	0.0	0.0	0.0	0.0	0.0	0.0	0.0	0.0	0.0	0.0	0.0	0.0	0.0	0.0	0.0	0.0	0.0	0.004514181873030855	0.0	0.0	0.0	0.0	0.0	0.0	0.0	0.0	0.0	0.09533166106160586	0.0	0.0	0.0	0.0	0.0	0.0	0.0	0.0	0.0	0.0	0.0	0.0
ACH-000067	5	140750613	C[C>T]C	0.0004071406412232753	0.0	0.0	0.0	0.06682624100360375	0.06945745711842087	0.0	0.0	0.0	0.0	0.0	0.0	0.0	0.00033932407195999163	0.0	0.0	0.0	0.0	0.0	0.0	0.0	0.0	0.0	0.0	0.0	0.0	0.0	0.0	0.0	0.0	0.7920173072296509	0.0	0.0	0.0	0.0	0.0	0.0	0.0	0.0	0.0	0.0	0.0	0.0	0.0	0.0	0.0	0.0	0.0	0.0	0.0	0.0	0.0	0.0	0.0	0.0	0.0	0.0	0.0	0.0	0.0	0.0	0.0	0.0	0.0008709001238315927	0.0	0.0	0.0	0.0	0.0	0.0	0.0	0.0	0.0	0.07008162981130965	0.0	0.0	0.0	0.0	0.0	0.0	0.0	0.0	0.0	0.0	0.0	0.0
ACH-000067	5	161322813	A[C>G]A	0.024124366176097953	0.0	0.0	0.0	0.30554642995461295	0.019012541714620284	0.0	0.0	0.0	0.0	0.0	0.0	0.0	0.0105469964092323	0.0	0.0	0.0	0.0	0.0	0.0	0.0	0.0	0.0	0.0	0.0	0.0	0.0	0.0	0.0	0.0	2.0676418498450733e-16	0.0	0.0	0.0	0.0	0.0	0.0	0.0	0.0	0.0	0.0	0.0	0.0	0.0	0.0	0.0	0.0	0.0	0.0	0.0	0.0	0.0	0.0	0.0	0.0	0.0	0.0	0.0	0.0	0.0	0.0	0.0	0.0	0.05137536848637721	0.0	0.0	0.0	0.0	0.0	0.0	0.0	0.0	0.0	0.589394297259059	0.0	0.0	0.0	0.0	0.0	0.0	0.0	0.0	0.0	0.0	0.0	0.0
ACH-000067	5	170817108	T[T>C]T	0.0352139673002023	0.0	0.0	0.0	0.3509228168731615	0.04404055216060754	0.0	0.0	0.0	0.0	0.0	0.0	0.0	0.0005442424223719946	0.0	0.0	0.0	0.0	0.0	0.0	0.0	0.0	0.0	0.0	0.0	0.0	0.0	0.0	0.0	0.0	1.6533260838989877e-16	0.0	0.0	0.0	0.0	0.0	0.0	0.0	0.0	0.0	0.0	0.0	0.0	0.0	0.0	0.0	0.0	0.0	0.0	0.0	0.0	0.0	0.0	0.0	0.0	0.0	0.0	0.0	0.0	0.0	0.0	0.0	0.0	0.25978686556055375	0.0	0.0	0.0	0.0	0.0	0.0	0.0	0.0	0.0	0.3094915556831027	0.0	0.0	0.0	0.0	0.0	0.0	0.0	0.0	0.0	0.0	0.0	0.0
ACH-000067	5	176764371	A[C>T]G	0.24624856314850024	0.0	0.0	0.0	0.009724831887380804	0.25196407666546383	0.0	0.0	0.0	0.0	0.0	0.0	0.0	0.0007446745109325756	0.0	0.0	0.0	0.0	0.0	0.0	0.0	0.0	0.0	0.0	0.0	0.0	0.0	0.0	0.0	0.0	0.01634893777184812	0.0	0.0	0.0	0.0	0.0	0.0	0.0	0.0	0.0	0.0	0.0	0.0	0.0	0.0	0.0	0.0	0.0	0.0	0.0	0.0	0.0	0.0	0.0	0.0	0.0	0.0	0.0	0.0	0.0	0.0	0.0	0.0	0.0005913645975777952	0.0	0.0	0.0	0.0	0.0	0.0	0.0	0.0	0.0	0.4743775514182967	0.0	0.0	0.0	0.0	0.0	0.0	0.0	0.0	0.0	0.0	0.0	0.0
ACH-000067	5	180432687	A[C>T]G	0.24624856314850024	0.0	0.0	0.0	0.009724831887380804	0.25196407666546383	0.0	0.0	0.0	0.0	0.0	0.0	0.0	0.0007446745109325756	0.0	0.0	0.0	0.0	0.0	0.0	0.0	0.0	0.0	0.0	0.0	0.0	0.0	0.0	0.0	0.0	0.01634893777184812	0.0	0.0	0.0	0.0	0.0	0.0	0.0	0.0	0.0	0.0	0.0	0.0	0.0	0.0	0.0	0.0	0.0	0.0	0.0	0.0	0.0	0.0	0.0	0.0	0.0	0.0	0.0	0.0	0.0	0.0	0.0	0.0	0.0005913645975777952	0.0	0.0	0.0	0.0	0.0	0.0	0.0	0.0	0.0	0.4743775514182967	0.0	0.0	0.0	0.0	0.0	0.0	0.0	0.0	0.0	0.0	0.0	0.0
ACH-000067	6	5613492	C[C>T]G	0.10782077294888608	0.0	0.0	0.0	0.022454181530241278	0.2088732092288301	0.0	0.0	0.0	0.0	0.0	0.0	0.0	0.005426672227252958	0.0	0.0	0.0	0.0	0.0	0.0	0.0	0.0	0.0	0.0	0.0	0.0	0.0	0.0	0.0	0.0	0.02170835677860561	0.0	0.0	0.0	0.0	0.0	0.0	0.0	0.0	0.0	0.0	0.0	0.0	0.0	0.0	0.0	0.0	0.0	0.0	0.0	0.0	0.0	0.0	0.0	0.0	0.0	0.0	0.0	0.0	0.0	0.0	0.0	0.0	0.03978440714780313	0.0	0.0	0.0	0.0	0.0	0.0	0.0	0.0	0.0	0.5939324001383809	0.0	0.0	0.0	0.0	0.0	0.0	0.0	0.0	0.0	0.0	0.0	0.0
ACH-000067	6	29323502	C[C>A]A	0.004176091152926889	0.0	0.0	0.0	0.23196237966977484	0.07581651448349798	0.0	0.0	0.0	0.0	0.0	0.0	0.0	0.018592570822765976	0.0	0.0	0.0	0.0	0.0	0.0	0.0	0.0	0.0	0.0	0.0	0.0	0.0	0.0	0.0	0.0	0.005616767100809226	0.0	0.0	0.0	0.0	0.0	0.0	0.0	0.0	0.0	0.0	0.0	0.0	0.0	0.0	0.0	0.0	0.0	0.0	0.0	0.0	0.0	0.0	0.0	0.0	0.0	0.0	0.0	0.0	0.0	0.0	0.0	0.0	0.002161430267774921	0.0	0.0	0.0	0.0	0.0	0.0	0.0	0.0	0.0	0.6616742465024502	0.0	0.0	0.0	0.0	0.0	0.0	0.0	0.0	0.0	0.0	0.0	0.0
ACH-000067	6	31637244	C[C>T]G	0.10782077294888608	0.0	0.0	0.0	0.022454181530241278	0.2088732092288301	0.0	0.0	0.0	0.0	0.0	0.0	0.0	0.005426672227252958	0.0	0.0	0.0	0.0	0.0	0.0	0.0	0.0	0.0	0.0	0.0	0.0	0.0	0.0	0.0	0.0	0.02170835677860561	0.0	0.0	0.0	0.0	0.0	0.0	0.0	0.0	0.0	0.0	0.0	0.0	0.0	0.0	0.0	0.0	0.0	0.0	0.0	0.0	0.0	0.0	0.0	0.0	0.0	0.0	0.0	0.0	0.0	0.0	0.0	0.0	0.03978440714780313	0.0	0.0	0.0	0.0	0.0	0.0	0.0	0.0	0.0	0.5939324001383809	0.0	0.0	0.0	0.0	0.0	0.0	0.0	0.0	0.0	0.0	0.0	0.0
ACH-000067	6	42034141	A[T>A]G	0.02018761429063847	0.0	0.0	0.0	0.3766933522466771	1.2228458001360844e-14	0.0	0.0	0.0	0.0	0.0	0.0	0.0	0.00110481049124264	0.0	0.0	0.0	0.0	0.0	0.0	0.0	0.0	0.0	0.0	0.0	0.0	0.0	0.0	0.0	0.0	0.0174211263278557	0.0	0.0	0.0	0.0	0.0	0.0	0.0	0.0	0.0	0.0	0.0	0.0	0.0	0.0	0.0	0.0	0.0	0.0	0.0	0.0	0.0	0.0	0.0	0.0	0.0	0.0	0.0	0.0	0.0	0.0	0.0	0.0	0.19142592617860657	0.0	0.0	0.0	0.0	0.0	0.0	0.0	0.0	0.0	0.39316717046496724	0.0	0.0	0.0	0.0	0.0	0.0	0.0	0.0	0.0	0.0	0.0	0.0
ACH-000067	6	64395640	C[C>T]G	0.10782077294888608	0.0	0.0	0.0	0.022454181530241278	0.2088732092288301	0.0	0.0	0.0	0.0	0.0	0.0	0.0	0.005426672227252958	0.0	0.0	0.0	0.0	0.0	0.0	0.0	0.0	0.0	0.0	0.0	0.0	0.0	0.0	0.0	0.0	0.02170835677860561	0.0	0.0	0.0	0.0	0.0	0.0	0.0	0.0	0.0	0.0	0.0	0.0	0.0	0.0	0.0	0.0	0.0	0.0	0.0	0.0	0.0	0.0	0.0	0.0	0.0	0.0	0.0	0.0	0.0	0.0	0.0	0.0	0.03978440714780313	0.0	0.0	0.0	0.0	0.0	0.0	0.0	0.0	0.0	0.5939324001383809	0.0	0.0	0.0	0.0	0.0	0.0	0.0	0.0	0.0	0.0	0.0	0.0
ACH-000067	6	72975147	C[C>T]C	0.0004071406412232753	0.0	0.0	0.0	0.06682624100360375	0.06945745711842087	0.0	0.0	0.0	0.0	0.0	0.0	0.0	0.00033932407195999163	0.0	0.0	0.0	0.0	0.0	0.0	0.0	0.0	0.0	0.0	0.0	0.0	0.0	0.0	0.0	0.0	0.7920173072296509	0.0	0.0	0.0	0.0	0.0	0.0	0.0	0.0	0.0	0.0	0.0	0.0	0.0	0.0	0.0	0.0	0.0	0.0	0.0	0.0	0.0	0.0	0.0	0.0	0.0	0.0	0.0	0.0	0.0	0.0	0.0	0.0	0.0008709001238315927	0.0	0.0	0.0	0.0	0.0	0.0	0.0	0.0	0.0	0.07008162981130965	0.0	0.0	0.0	0.0	0.0	0.0	0.0	0.0	0.0	0.0	0.0	0.0
ACH-000067	6	151672407	C[C>T]G	0.10782077294888608	0.0	0.0	0.0	0.022454181530241278	0.2088732092288301	0.0	0.0	0.0	0.0	0.0	0.0	0.0	0.005426672227252958	0.0	0.0	0.0	0.0	0.0	0.0	0.0	0.0	0.0	0.0	0.0	0.0	0.0	0.0	0.0	0.0	0.02170835677860561	0.0	0.0	0.0	0.0	0.0	0.0	0.0	0.0	0.0	0.0	0.0	0.0	0.0	0.0	0.0	0.0	0.0	0.0	0.0	0.0	0.0	0.0	0.0	0.0	0.0	0.0	0.0	0.0	0.0	0.0	0.0	0.0	0.03978440714780313	0.0	0.0	0.0	0.0	0.0	0.0	0.0	0.0	0.0	0.5939324001383809	0.0	0.0	0.0	0.0	0.0	0.0	0.0	0.0	0.0	0.0	0.0	0.0
ACH-000067	7	48314206	G[T>C]G	0.0030824696742914174	0.0	0.0	0.0	0.0921758084929421	0.02008887111001483	0.0	0.0	0.0	0.0	0.0	0.0	0.0	0.009693432469209676	0.0	0.0	0.0	0.0	0.0	0.0	0.0	0.0	0.0	0.0	0.0	0.0	0.0	0.0	0.0	0.0	3.424357530096224e-17	0.0	0.0	0.0	0.0	0.0	0.0	0.0	0.0	0.0	0.0	0.0	0.0	0.0	0.0	0.0	0.0	0.0	0.0	0.0	0.0	0.0	0.0	0.0	0.0	0.0	0.0	0.0	0.0	0.0	0.0	0.0	0.0	0.8146636656896773	0.0	0.0	0.0	0.0	0.0	0.0	0.0	0.0	0.0	0.060295752563864706	0.0	0.0	0.0	0.0	0.0	0.0	0.0	0.0	0.0	0.0	0.0	0.0
ACH-000067	7	55221822	G[C>A]C	0.004258147958737328	0.0	0.0	0.0	0.22412770446307026	0.03569182370761197	0.0	0.0	0.0	0.0	0.0	0.0	0.0	0.08539785683126817	0.0	0.0	0.0	0.0	0.0	0.0	0.0	0.0	0.0	0.0	0.0	0.0	0.0	0.0	0.0	0.0	0.01888473981854167	0.0	0.0	0.0	0.0	0.0	0.0	0.0	0.0	0.0	0.0	0.0	0.0	0.0	0.0	0.0	0.0	0.0	0.0	0.0	0.0	0.0	0.0	0.0	0.0	0.0	0.0	0.0	0.0	0.0	0.0	0.0	0.0	0.29307053922650905	0.0	0.0	0.0	0.0	0.0	0.0	0.0	0.0	0.0	0.33856918799426156	0.0	0.0	0.0	0.0	0.0	0.0	0.0	0.0	0.0	0.0	0.0	0.0
ACH-000067	7	75932098	A[C>T]C	0.016629231017471442	0.0	0.0	0.0	0.10985527067286889	0.1875284144216038	0.0	0.0	0.0	0.0	0.0	0.0	0.0	0.036829847653277556	0.0	0.0	0.0	0.0	0.0	0.0	0.0	0.0	0.0	0.0	0.0	0.0	0.0	0.0	0.0	0.0	0.5915559460918292	0.0	0.0	0.0	0.0	0.0	0.0	0.0	0.0	0.0	0.0	0.0	0.0	0.0	0.0	0.0	0.0	0.0	0.0	0.0	0.0	0.0	0.0	0.0	0.0	0.0	0.0	0.0	0.0	0.0	0.0	0.0	0.0	0.0035570597776016562	0.0	0.0	0.0	0.0	0.0	0.0	0.0	0.0	0.0	0.05404423036534754	0.0	0.0	0.0	0.0	0.0	0.0	0.0	0.0	0.0	0.0	0.0	0.0
ACH-000067	7	86542500	A[C>T]A	0.05909716800717352	0.0	0.0	0.0	0.17974509619003715	0.47158634793108567	0.0	0.0	0.0	0.0	0.0	0.0	0.0	0.003460065082955379	0.0	0.0	0.0	0.0	0.0	0.0	0.0	0.0	0.0	0.0	0.0	0.0	0.0	0.0	0.0	0.0	0.14846611527716297	0.0	0.0	0.0	0.0	0.0	0.0	0.0	0.0	0.0	0.0	0.0	0.0	0.0	0.0	0.0	0.0	0.0	0.0	0.0	0.0	0.0	0.0	0.0	0.0	0.0	0.0	0.0	0.0	0.0	0.0	0.0	0.0	0.008940636725318368	0.0	0.0	0.0	0.0	0.0	0.0	0.0	0.0	0.0	0.12870457078626696	0.0	0.0	0.0	0.0	0.0	0.0	0.0	0.0	0.0	0.0	0.0	0.0
ACH-000067	7	112129950	A[C>T]A	0.05909716800717352	0.0	0.0	0.0	0.17974509619003715	0.47158634793108567	0.0	0.0	0.0	0.0	0.0	0.0	0.0	0.003460065082955379	0.0	0.0	0.0	0.0	0.0	0.0	0.0	0.0	0.0	0.0	0.0	0.0	0.0	0.0	0.0	0.0	0.14846611527716297	0.0	0.0	0.0	0.0	0.0	0.0	0.0	0.0	0.0	0.0	0.0	0.0	0.0	0.0	0.0	0.0	0.0	0.0	0.0	0.0	0.0	0.0	0.0	0.0	0.0	0.0	0.0	0.0	0.0	0.0	0.0	0.0	0.008940636725318368	0.0	0.0	0.0	0.0	0.0	0.0	0.0	0.0	0.0	0.12870457078626696	0.0	0.0	0.0	0.0	0.0	0.0	0.0	0.0	0.0	0.0	0.0	0.0
ACH-000067	7	117232289	G[T>C]C	0.026003641074400688	0.0	0.0	0.0	0.25346264275599667	0.047280302779043576	0.0	0.0	0.0	0.0	0.0	0.0	0.0	0.19448825010648124	0.0	0.0	0.0	0.0	0.0	0.0	0.0	0.0	0.0	0.0	0.0	0.0	0.0	0.0	0.0	0.0	0.015898254600603557	0.0	0.0	0.0	0.0	0.0	0.0	0.0	0.0	0.0	0.0	0.0	0.0	0.0	0.0	0.0	0.0	0.0	0.0	0.0	0.0	0.0	0.0	0.0	0.0	0.0	0.0	0.0	0.0	0.0	0.0	0.0	0.0	0.15494031874086656	0.0	0.0	0.0	0.0	0.0	0.0	0.0	0.0	0.0	0.30792658994260774	0.0	0.0	0.0	0.0	0.0	0.0	0.0	0.0	0.0	0.0	0.0	0.0
ACH-000067	7	127251610	G[C>T]T	5.761544211960462e-05	0.0	0.0	0.0	0.06510443282263735	0.34748357472143865	0.0	0.0	0.0	0.0	0.0	0.0	0.0	0.12763242010505277	0.0	0.0	0.0	0.0	0.0	0.0	0.0	0.0	0.0	0.0	0.0	0.0	0.0	0.0	0.0	0.0	0.4462321201893026	0.0	0.0	0.0	0.0	0.0	0.0	0.0	0.0	0.0	0.0	0.0	0.0	0.0	0.0	0.0	0.0	0.0	0.0	0.0	0.0	0.0	0.0	0.0	0.0	0.0	0.0	0.0	0.0	0.0	0.0	0.0	0.0	0.0009510787419332858	0.0	0.0	0.0	0.0	0.0	0.0	0.0	0.0	0.0	0.012538757977515845	0.0	0.0	0.0	0.0	0.0	0.0	0.0	0.0	0.0	0.0	0.0	0.0
ACH-000067	7	143558378	A[T>C]G	0.0001690696448903542	0.0	0.0	0.0	0.14211346886264728	0.021047547461844125	0.0	0.0	0.0	0.0	0.0	0.0	0.0	0.0022580807326803396	0.0	0.0	0.0	0.0	0.0	0.0	0.0	0.0	0.0	0.0	0.0	0.0	0.0	0.0	0.0	0.0	0.0020832858988080816	0.0	0.0	0.0	0.0	0.0	0.0	0.0	0.0	0.0	0.0	0.0	0.0	0.0	0.0	0.0	0.0	0.0	0.0	0.0	0.0	0.0	0.0	0.0	0.0	0.0	0.0	0.0	0.0	0.0	0.0	0.0	0.0	0.8233614566454784	0.0	0.0	0.0	0.0	0.0	0.0	0.0	0.0	0.0	0.008967090753651322	0.0	0.0	0.0	0.0	0.0	0.0	0.0	0.0	0.0	0.0	0.0	0.0
ACH-000067	8	22424634	G[C>G]C	0.007339525886517512	0.0	0.0	0.0	0.5302748128206147	0.09540953600477094	0.0	0.0	0.0	0.0	0.0	0.0	0.0	0.016227388108437872	0.0	0.0	0.0	0.0	0.0	0.0	0.0	0.0	0.0	0.0	0.0	0.0	0.0	0.0	0.0	0.0	0.015795088904649066	0.0	0.0	0.0	0.0	0.0	0.0	0.0	0.0	0.0	0.0	0.0	0.0	0.0	0.0	0.0	0.0	0.0	0.0	0.0	0.0	0.0	0.0	0.0	0.0	0.0	0.0	0.0	0.0	0.0	0.0	0.0	0.0	0.025160915389089496	0.0	0.0	0.0	0.0	0.0	0.0	0.0	0.0	0.0	0.3097927328859205	0.0	0.0	0.0	0.0	0.0	0.0	0.0	0.0	0.0	0.0	0.0	0.0
ACH-000067	8	110477406	A[C>T]A	0.05909716800717352	0.0	0.0	0.0	0.17974509619003715	0.47158634793108567	0.0	0.0	0.0	0.0	0.0	0.0	0.0	0.003460065082955379	0.0	0.0	0.0	0.0	0.0	0.0	0.0	0.0	0.0	0.0	0.0	0.0	0.0	0.0	0.0	0.0	0.14846611527716297	0.0	0.0	0.0	0.0	0.0	0.0	0.0	0.0	0.0	0.0	0.0	0.0	0.0	0.0	0.0	0.0	0.0	0.0	0.0	0.0	0.0	0.0	0.0	0.0	0.0	0.0	0.0	0.0	0.0	0.0	0.0	0.0	0.008940636725318368	0.0	0.0	0.0	0.0	0.0	0.0	0.0	0.0	0.0	0.12870457078626696	0.0	0.0	0.0	0.0	0.0	0.0	0.0	0.0	0.0	0.0	0.0	0.0
ACH-000067	9	86903018	G[C>T]C	0.0001016510320675231	0.0	0.0	0.0	0.05519598718734552	0.3784778499907924	0.0	0.0	0.0	0.0	0.0	0.0	0.0	0.0441065843635584	0.0	0.0	0.0	0.0	0.0	0.0	0.0	0.0	0.0	0.0	0.0	0.0	0.0	0.0	0.0	0.0	0.4688715834224752	0.0	0.0	0.0	0.0	0.0	0.0	0.0	0.0	0.0	0.0	0.0	0.0	0.0	0.0	0.0	0.0	0.0	0.0	0.0	0.0	0.0	0.0	0.0	0.0	0.0	0.0	0.0	0.0	0.0	0.0	0.0	0.0	0.036676876229623394	0.0	0.0	0.0	0.0	0.0	0.0	0.0	0.0	0.0	0.016569467774137606	0.0	0.0	0.0	0.0	0.0	0.0	0.0	0.0	0.0	0.0	0.0	0.0
ACH-000067	9	100331265	C[C>T]A	0.006252465899580797	0.0	0.0	0.0	0.14146074004472553	0.13232345867705547	0.0	0.0	0.0	0.0	0.0	0.0	0.0	0.0012585897281964468	0.0	0.0	0.0	0.0	0.0	0.0	0.0	0.0	0.0	0.0	0.0	0.0	0.0	0.0	0.0	0.0	0.5403859044196242	0.0	0.0	0.0	0.0	0.0	0.0	0.0	0.0	0.0	0.0	0.0	0.0	0.0	0.0	0.0	0.0	0.0	0.0	0.0	0.0	0.0	0.0	0.0	0.0	0.0	0.0	0.0	0.0	0.0	0.0	0.0	0.0	0.026923491970389853	0.0	0.0	0.0	0.0	0.0	0.0	0.0	0.0	0.0	0.15139534926042775	0.0	0.0	0.0	0.0	0.0	0.0	0.0	0.0	0.0	0.0	0.0	0.0
ACH-000067	9	117139141	C[T>C]G	0.0006375892209339954	0.0	0.0	0.0	0.08592401020651946	0.029324226291879946	0.0	0.0	0.0	0.0	0.0	0.0	0.0	0.00011946770418318287	0.0	0.0	0.0	0.0	0.0	0.0	0.0	0.0	0.0	0.0	0.0	0.0	0.0	0.0	0.0	0.0	0.0019146116208448138	0.0	0.0	0.0	0.0	0.0	0.0	0.0	0.0	0.0	0.0	0.0	0.0	0.0	0.0	0.0	0.0	0.0	0.0	0.0	0.0	0.0	0.0	0.0	0.0	0.0	0.0	0.0	0.0	0.0	0.0	0.0	0.0	0.8735259279485404	0.0	0.0	0.0	0.0	0.0	0.0	0.0	0.0	0.0	0.00855416700709814	0.0	0.0	0.0	0.0	0.0	0.0	0.0	0.0	0.0	0.0	0.0	0.0
ACH-000067	9	137779229	T[T>A]G	0.0006836963638032132	0.0	0.0	0.0	0.272854216791739	0.002241004748021643	0.0	0.0	0.0	0.0	0.0	0.0	0.0	0.004597044122333986	0.0	0.0	0.0	0.0	0.0	0.0	0.0	0.0	0.0	0.0	0.0	0.0	0.0	0.0	0.0	0.0	0.01255586667478131	0.0	0.0	0.0	0.0	0.0	0.0	0.0	0.0	0.0	0.0	0.0	0.0	0.0	0.0	0.0	0.0	0.0	0.0	0.0	0.0	0.0	0.0	0.0	0.0	0.0	0.0	0.0	0.0	0.0	0.0	0.0	0.0	0.020533252126122056	0.0	0.0	0.0	0.0	0.0	0.0	0.0	0.0	0.0	0.6865349191731989	0.0	0.0	0.0	0.0	0.0	0.0	0.0	0.0	0.0	0.0	0.0	0.0
ACH-000067	10	98770783	G[T>C]T	0.0005973578468662855	0.0	0.0	0.0	0.267766079347727	0.023627998583607483	0.0	0.0	0.0	0.0	0.0	0.0	0.0	0.25692450918556103	0.0	0.0	0.0	0.0	0.0	0.0	0.0	0.0	0.0	0.0	0.0	0.0	0.0	0.0	0.0	0.0	0.018606342471933737	0.0	0.0	0.0	0.0	0.0	0.0	0.0	0.0	0.0	0.0	0.0	0.0	0.0	0.0	0.0	0.0	0.0	0.0	0.0	0.0	0.0	0.0	0.0	0.0	0.0	0.0	0.0	0.0	0.0	0.0	0.0	0.0	0.11585093850098196	0.0	0.0	0.0	0.0	0.0	0.0	0.0	0.0	0.0	0.3166267740633225	0.0	0.0	0.0	0.0	0.0	0.0	0.0	0.0	0.0	0.0	0.0	0.0
ACH-000067	10	100249877	C[C>T]G	0.10782077294888608	0.0	0.0	0.0	0.022454181530241278	0.2088732092288301	0.0	0.0	0.0	0.0	0.0	0.0	0.0	0.005426672227252958	0.0	0.0	0.0	0.0	0.0	0.0	0.0	0.0	0.0	0.0	0.0	0.0	0.0	0.0	0.0	0.0	0.02170835677860561	0.0	0.0	0.0	0.0	0.0	0.0	0.0	0.0	0.0	0.0	0.0	0.0	0.0	0.0	0.0	0.0	0.0	0.0	0.0	0.0	0.0	0.0	0.0	0.0	0.0	0.0	0.0	0.0	0.0	0.0	0.0	0.0	0.03978440714780313	0.0	0.0	0.0	0.0	0.0	0.0	0.0	0.0	0.0	0.5939324001383809	0.0	0.0	0.0	0.0	0.0	0.0	0.0	0.0	0.0	0.0	0.0	0.0
ACH-000067	11	1095269	A[C>T]G	0.24624856314850024	0.0	0.0	0.0	0.009724831887380804	0.25196407666546383	0.0	0.0	0.0	0.0	0.0	0.0	0.0	0.0007446745109325756	0.0	0.0	0.0	0.0	0.0	0.0	0.0	0.0	0.0	0.0	0.0	0.0	0.0	0.0	0.0	0.0	0.01634893777184812	0.0	0.0	0.0	0.0	0.0	0.0	0.0	0.0	0.0	0.0	0.0	0.0	0.0	0.0	0.0	0.0	0.0	0.0	0.0	0.0	0.0	0.0	0.0	0.0	0.0	0.0	0.0	0.0	0.0	0.0	0.0	0.0	0.0005913645975777952	0.0	0.0	0.0	0.0	0.0	0.0	0.0	0.0	0.0	0.4743775514182967	0.0	0.0	0.0	0.0	0.0	0.0	0.0	0.0	0.0	0.0	0.0	0.0
ACH-000067	11	18723329	G[C>T]G	0.21381807824068003	0.0	0.0	0.0	0.028138816360688587	0.5433560040504518	0.0	0.0	0.0	0.0	0.0	0.0	0.0	0.03294913419041502	0.0	0.0	0.0	0.0	0.0	0.0	0.0	0.0	0.0	0.0	0.0	0.0	0.0	0.0	0.0	0.0	0.03352627226956035	0.0	0.0	0.0	0.0	0.0	0.0	0.0	0.0	0.0	0.0	0.0	0.0	0.0	0.0	0.0	0.0	0.0	0.0	0.0	0.0	0.0	0.0	0.0	0.0	0.0	0.0	0.0	0.0	0.0	0.0	0.0	0.0	0.04787418613417582	0.0	0.0	0.0	0.0	0.0	0.0	0.0	0.0	0.0	0.10033750875402844	0.0	0.0	0.0	0.0	0.0	0.0	0.0	0.0	0.0	0.0	0.0	0.0
ACH-000067	11	61502370	T[C>T]G	0.06023938108490008	0.0	0.0	0.0	0.020309430881274005	0.08862733594461802	0.0	0.0	0.0	0.0	0.0	0.0	0.0	0.6380500798717302	0.0	0.0	0.0	0.0	0.0	0.0	0.0	0.0	0.0	0.0	0.0	0.0	0.0	0.0	0.0	0.0	0.004367791723035009	0.0	0.0	0.0	0.0	0.0	0.0	0.0	0.0	0.0	0.0	0.0	0.0	0.0	0.0	0.0	0.0	0.0	0.0	0.0	0.0	0.0	0.0	0.0	0.0	0.0	0.0	0.0	0.0	0.0	0.0	0.0	0.0	1.665110165648452e-13	0.0	0.0	0.0	0.0	0.0	0.0	0.0	0.0	0.0	0.18840598049427607	0.0	0.0	0.0	0.0	0.0	0.0	0.0	0.0	0.0	0.0	0.0	0.0
ACH-000067	11	64572238	C[C>T]G	0.10782077294888608	0.0	0.0	0.0	0.022454181530241278	0.2088732092288301	0.0	0.0	0.0	0.0	0.0	0.0	0.0	0.005426672227252958	0.0	0.0	0.0	0.0	0.0	0.0	0.0	0.0	0.0	0.0	0.0	0.0	0.0	0.0	0.0	0.0	0.02170835677860561	0.0	0.0	0.0	0.0	0.0	0.0	0.0	0.0	0.0	0.0	0.0	0.0	0.0	0.0	0.0	0.0	0.0	0.0	0.0	0.0	0.0	0.0	0.0	0.0	0.0	0.0	0.0	0.0	0.0	0.0	0.0	0.0	0.03978440714780313	0.0	0.0	0.0	0.0	0.0	0.0	0.0	0.0	0.0	0.5939324001383809	0.0	0.0	0.0	0.0	0.0	0.0	0.0	0.0	0.0	0.0	0.0	0.0
ACH-000067	11	73630039	T[C>T]C	9.966197475536054e-05	0.0	0.0	0.0	0.1433634451980317	0.0873300389078479	0.0	0.0	0.0	0.0	0.0	0.0	0.0	0.345561251509716	0.0	0.0	0.0	0.0	0.0	0.0	0.0	0.0	0.0	0.0	0.0	0.0	0.0	0.0	0.0	0.0	0.3237997594750123	0.0	0.0	0.0	0.0	0.0	0.0	0.0	0.0	0.0	0.0	0.0	0.0	0.0	0.0	0.0	0.0	0.0	0.0	0.0	0.0	0.0	0.0	0.0	0.0	0.0	0.0	0.0	0.0	0.0	0.0	0.0	0.0	0.004514181873030855	0.0	0.0	0.0	0.0	0.0	0.0	0.0	0.0	0.0	0.09533166106160586	0.0	0.0	0.0	0.0	0.0	0.0	0.0	0.0	0.0	0.0	0.0	0.0
ACH-000067	11	92532022	C[T>C]T	0.0002646123598607093	0.0	0.0	0.0	0.21591198100103134	0.02455600490953518	0.0	0.0	0.0	0.0	0.0	0.0	0.0	0.013499603289547395	0.0	0.0	0.0	0.0	0.0	0.0	0.0	0.0	0.0	0.0	0.0	0.0	0.0	0.0	0.0	0.0	0.000812678804736529	0.0	0.0	0.0	0.0	0.0	0.0	0.0	0.0	0.0	0.0	0.0	0.0	0.0	0.0	0.0	0.0	0.0	0.0	0.0	0.0	0.0	0.0	0.0	0.0	0.0	0.0	0.0	0.0	0.0	0.0	0.0	0.0	0.4270807889024249	0.0	0.0	0.0	0.0	0.0	0.0	0.0	0.0	0.0	0.31787433073286403	0.0	0.0	0.0	0.0	0.0	0.0	0.0	0.0	0.0	0.0	0.0	0.0
ACH-000067	11	93913184	T[T>C]T	0.0352139673002023	0.0	0.0	0.0	0.3509228168731615	0.04404055216060754	0.0	0.0	0.0	0.0	0.0	0.0	0.0	0.0005442424223719946	0.0	0.0	0.0	0.0	0.0	0.0	0.0	0.0	0.0	0.0	0.0	0.0	0.0	0.0	0.0	0.0	1.6533260838989877e-16	0.0	0.0	0.0	0.0	0.0	0.0	0.0	0.0	0.0	0.0	0.0	0.0	0.0	0.0	0.0	0.0	0.0	0.0	0.0	0.0	0.0	0.0	0.0	0.0	0.0	0.0	0.0	0.0	0.0	0.0	0.0	0.0	0.25978686556055375	0.0	0.0	0.0	0.0	0.0	0.0	0.0	0.0	0.0	0.3094915556831027	0.0	0.0	0.0	0.0	0.0	0.0	0.0	0.0	0.0	0.0	0.0	0.0
ACH-000067	11	102650332	T[C>A]C	0.041011799428574164	0.0	0.0	0.0	0.34671329025522235	0.02512430821683645	0.0	0.0	0.0	0.0	0.0	0.0	0.0	0.16423189634536492	0.0	0.0	0.0	0.0	0.0	0.0	0.0	0.0	0.0	0.0	0.0	0.0	0.0	0.0	0.0	0.0	0.02991223179181895	0.0	0.0	0.0	0.0	0.0	0.0	0.0	0.0	0.0	0.0	0.0	0.0	0.0	0.0	0.0	0.0	0.0	0.0	0.0	0.0	0.0	0.0	0.0	0.0	0.0	0.0	0.0	0.0	0.0	0.0	0.0	0.0	0.0016774577321484946	0.0	0.0	0.0	0.0	0.0	0.0	0.0	0.0	0.0	0.3913290162300348	0.0	0.0	0.0	0.0	0.0	0.0	0.0	0.0	0.0	0.0	0.0	0.0
ACH-000067	11	102666304	T[C>T]G	0.06023938108490008	0.0	0.0	0.0	0.020309430881274005	0.08862733594461802	0.0	0.0	0.0	0.0	0.0	0.0	0.0	0.6380500798717302	0.0	0.0	0.0	0.0	0.0	0.0	0.0	0.0	0.0	0.0	0.0	0.0	0.0	0.0	0.0	0.0	0.004367791723035009	0.0	0.0	0.0	0.0	0.0	0.0	0.0	0.0	0.0	0.0	0.0	0.0	0.0	0.0	0.0	0.0	0.0	0.0	0.0	0.0	0.0	0.0	0.0	0.0	0.0	0.0	0.0	0.0	0.0	0.0	0.0	0.0	1.665110165648452e-13	0.0	0.0	0.0	0.0	0.0	0.0	0.0	0.0	0.0	0.18840598049427607	0.0	0.0	0.0	0.0	0.0	0.0	0.0	0.0	0.0	0.0	0.0	0.0
ACH-000067	11	113816630	T[C>T]G	0.06023938108490008	0.0	0.0	0.0	0.020309430881274005	0.08862733594461802	0.0	0.0	0.0	0.0	0.0	0.0	0.0	0.6380500798717302	0.0	0.0	0.0	0.0	0.0	0.0	0.0	0.0	0.0	0.0	0.0	0.0	0.0	0.0	0.0	0.0	0.004367791723035009	0.0	0.0	0.0	0.0	0.0	0.0	0.0	0.0	0.0	0.0	0.0	0.0	0.0	0.0	0.0	0.0	0.0	0.0	0.0	0.0	0.0	0.0	0.0	0.0	0.0	0.0	0.0	0.0	0.0	0.0	0.0	0.0	1.665110165648452e-13	0.0	0.0	0.0	0.0	0.0	0.0	0.0	0.0	0.0	0.18840598049427607	0.0	0.0	0.0	0.0	0.0	0.0	0.0	0.0	0.0	0.0	0.0	0.0
ACH-000067	12	48879984	T[C>T]T	4.061659762603299e-16	0.0	0.0	0.0	0.08922938725519922	0.03963049706206042	0.0	0.0	0.0	0.0	0.0	0.0	0.0	0.6216862935672445	0.0	0.0	0.0	0.0	0.0	0.0	0.0	0.0	0.0	0.0	0.0	0.0	0.0	0.0	0.0	0.0	0.13314467774384262	0.0	0.0	0.0	0.0	0.0	0.0	0.0	0.0	0.0	0.0	0.0	0.0	0.0	0.0	0.0	0.0	0.0	0.0	0.0	0.0	0.0	0.0	0.0	0.0	0.0	0.0	0.0	0.0	0.0	0.0	0.0	0.0	0.0010986712755464755	0.0	0.0	0.0	0.0	0.0	0.0	0.0	0.0	0.0	0.11521047309610642	0.0	0.0	0.0	0.0	0.0	0.0	0.0	0.0	0.0	0.0	0.0	0.0
ACH-000067	12	55354995	G[C>T]C	0.0001016510320675231	0.0	0.0	0.0	0.05519598718734552	0.3784778499907924	0.0	0.0	0.0	0.0	0.0	0.0	0.0	0.0441065843635584	0.0	0.0	0.0	0.0	0.0	0.0	0.0	0.0	0.0	0.0	0.0	0.0	0.0	0.0	0.0	0.0	0.4688715834224752	0.0	0.0	0.0	0.0	0.0	0.0	0.0	0.0	0.0	0.0	0.0	0.0	0.0	0.0	0.0	0.0	0.0	0.0	0.0	0.0	0.0	0.0	0.0	0.0	0.0	0.0	0.0	0.0	0.0	0.0	0.0	0.0	0.036676876229623394	0.0	0.0	0.0	0.0	0.0	0.0	0.0	0.0	0.0	0.016569467774137606	0.0	0.0	0.0	0.0	0.0	0.0	0.0	0.0	0.0	0.0	0.0	0.0
ACH-000067	12	104234840	C[C>G]G	0.0006980758903424531	0.0	0.0	0.0	0.011517885368784687	0.0005200278270318315	0.0	0.0	0.0	0.0	0.0	0.0	0.0	1.1738299705243174e-15	0.0	0.0	0.0	0.0	0.0	0.0	0.0	0.0	0.0	0.0	0.0	0.0	0.0	0.0	0.0	0.0	1.0244574630139032e-17	0.0	0.0	0.0	0.0	0.0	0.0	0.0	0.0	0.0	0.0	0.0	0.0	0.0	0.0	0.0	0.0	0.0	0.0	0.0	0.0	0.0	0.0	0.0	0.0	0.0	0.0	0.0	0.0	0.0	0.0	0.0	0.0	0.0021995335263147375	0.0	0.0	0.0	0.0	0.0	0.0	0.0	0.0	0.0	0.9850644773875252	0.0	0.0	0.0	0.0	0.0	0.0	0.0	0.0	0.0	0.0	0.0	0.0
ACH-000067	12	118511791	C[C>T]C	0.0004071406412232753	0.0	0.0	0.0	0.06682624100360375	0.06945745711842087	0.0	0.0	0.0	0.0	0.0	0.0	0.0	0.00033932407195999163	0.0	0.0	0.0	0.0	0.0	0.0	0.0	0.0	0.0	0.0	0.0	0.0	0.0	0.0	0.0	0.0	0.7920173072296509	0.0	0.0	0.0	0.0	0.0	0.0	0.0	0.0	0.0	0.0	0.0	0.0	0.0	0.0	0.0	0.0	0.0	0.0	0.0	0.0	0.0	0.0	0.0	0.0	0.0	0.0	0.0	0.0	0.0	0.0	0.0	0.0	0.0008709001238315927	0.0	0.0	0.0	0.0	0.0	0.0	0.0	0.0	0.0	0.07008162981130965	0.0	0.0	0.0	0.0	0.0	0.0	0.0	0.0	0.0	0.0	0.0	0.0
ACH-000067	12	124330190	G[C>A]G	0.008385240608848014	0.0	0.0	0.0	0.0779661815309814	0.015871669022203546	0.0	0.0	0.0	0.0	0.0	0.0	0.0	0.0032449560322025893	0.0	0.0	0.0	0.0	0.0	0.0	0.0	0.0	0.0	0.0	0.0	0.0	0.0	0.0	0.0	0.0	0.004724094526781633	0.0	0.0	0.0	0.0	0.0	0.0	0.0	0.0	0.0	0.0	0.0	0.0	0.0	0.0	0.0	0.0	0.0	0.0	0.0	0.0	0.0	0.0	0.0	0.0	0.0	0.0	0.0	0.0	0.0	0.0	0.0	0.0	0.2058907495318876	0.0	0.0	0.0	0.0	0.0	0.0	0.0	0.0	0.0	0.6839171087470953	0.0	0.0	0.0	0.0	0.0	0.0	0.0	0.0	0.0	0.0	0.0	0.0
ACH-000067	13	28959073	T[C>T]G	0.06023938108490008	0.0	0.0	0.0	0.020309430881274005	0.08862733594461802	0.0	0.0	0.0	0.0	0.0	0.0	0.0	0.6380500798717302	0.0	0.0	0.0	0.0	0.0	0.0	0.0	0.0	0.0	0.0	0.0	0.0	0.0	0.0	0.0	0.0	0.004367791723035009	0.0	0.0	0.0	0.0	0.0	0.0	0.0	0.0	0.0	0.0	0.0	0.0	0.0	0.0	0.0	0.0	0.0	0.0	0.0	0.0	0.0	0.0	0.0	0.0	0.0	0.0	0.0	0.0	0.0	0.0	0.0	0.0	1.665110165648452e-13	0.0	0.0	0.0	0.0	0.0	0.0	0.0	0.0	0.0	0.18840598049427607	0.0	0.0	0.0	0.0	0.0	0.0	0.0	0.0	0.0	0.0	0.0	0.0
ACH-000067	13	74289590	G[C>T]C	0.0001016510320675231	0.0	0.0	0.0	0.05519598718734552	0.3784778499907924	0.0	0.0	0.0	0.0	0.0	0.0	0.0	0.0441065843635584	0.0	0.0	0.0	0.0	0.0	0.0	0.0	0.0	0.0	0.0	0.0	0.0	0.0	0.0	0.0	0.0	0.4688715834224752	0.0	0.0	0.0	0.0	0.0	0.0	0.0	0.0	0.0	0.0	0.0	0.0	0.0	0.0	0.0	0.0	0.0	0.0	0.0	0.0	0.0	0.0	0.0	0.0	0.0	0.0	0.0	0.0	0.0	0.0	0.0	0.0	0.036676876229623394	0.0	0.0	0.0	0.0	0.0	0.0	0.0	0.0	0.0	0.016569467774137606	0.0	0.0	0.0	0.0	0.0	0.0	0.0	0.0	0.0	0.0	0.0	0.0
ACH-000067	13	103443626	G[T>C]T	0.0005973578468662855	0.0	0.0	0.0	0.267766079347727	0.023627998583607483	0.0	0.0	0.0	0.0	0.0	0.0	0.0	0.25692450918556103	0.0	0.0	0.0	0.0	0.0	0.0	0.0	0.0	0.0	0.0	0.0	0.0	0.0	0.0	0.0	0.0	0.018606342471933737	0.0	0.0	0.0	0.0	0.0	0.0	0.0	0.0	0.0	0.0	0.0	0.0	0.0	0.0	0.0	0.0	0.0	0.0	0.0	0.0	0.0	0.0	0.0	0.0	0.0	0.0	0.0	0.0	0.0	0.0	0.0	0.0	0.11585093850098196	0.0	0.0	0.0	0.0	0.0	0.0	0.0	0.0	0.0	0.3166267740633225	0.0	0.0	0.0	0.0	0.0	0.0	0.0	0.0	0.0	0.0	0.0	0.0
ACH-000067	13	110838771	G[C>G]T	4.01085050370705e-15	0.0	0.0	0.0	0.2819621429190445	0.01797174379601457	0.0	0.0	0.0	0.0	0.0	0.0	0.0	0.005419648253726628	0.0	0.0	0.0	0.0	0.0	0.0	0.0	0.0	0.0	0.0	0.0	0.0	0.0	0.0	0.0	0.0	2.0184150516911414e-16	0.0	0.0	0.0	0.0	0.0	0.0	0.0	0.0	0.0	0.0	0.0	0.0	0.0	0.0	0.0	0.0	0.0	0.0	0.0	0.0	0.0	0.0	0.0	0.0	0.0	0.0	0.0	0.0	0.0	0.0	0.0	0.0	0.22709929963755443	0.0	0.0	0.0	0.0	0.0	0.0	0.0	0.0	0.0	0.4675471653936556	0.0	0.0	0.0	0.0	0.0	0.0	0.0	0.0	0.0	0.0	0.0	0.0
ACH-000067	14	24590176	T[C>T]G	0.06023938108490008	0.0	0.0	0.0	0.020309430881274005	0.08862733594461802	0.0	0.0	0.0	0.0	0.0	0.0	0.0	0.6380500798717302	0.0	0.0	0.0	0.0	0.0	0.0	0.0	0.0	0.0	0.0	0.0	0.0	0.0	0.0	0.0	0.0	0.004367791723035009	0.0	0.0	0.0	0.0	0.0	0.0	0.0	0.0	0.0	0.0	0.0	0.0	0.0	0.0	0.0	0.0	0.0	0.0	0.0	0.0	0.0	0.0	0.0	0.0	0.0	0.0	0.0	0.0	0.0	0.0	0.0	0.0	1.665110165648452e-13	0.0	0.0	0.0	0.0	0.0	0.0	0.0	0.0	0.0	0.18840598049427607	0.0	0.0	0.0	0.0	0.0	0.0	0.0	0.0	0.0	0.0	0.0	0.0
ACH-000067	14	35739609	T[C>T]G	0.06023938108490008	0.0	0.0	0.0	0.020309430881274005	0.08862733594461802	0.0	0.0	0.0	0.0	0.0	0.0	0.0	0.6380500798717302	0.0	0.0	0.0	0.0	0.0	0.0	0.0	0.0	0.0	0.0	0.0	0.0	0.0	0.0	0.0	0.0	0.004367791723035009	0.0	0.0	0.0	0.0	0.0	0.0	0.0	0.0	0.0	0.0	0.0	0.0	0.0	0.0	0.0	0.0	0.0	0.0	0.0	0.0	0.0	0.0	0.0	0.0	0.0	0.0	0.0	0.0	0.0	0.0	0.0	0.0	1.665110165648452e-13	0.0	0.0	0.0	0.0	0.0	0.0	0.0	0.0	0.0	0.18840598049427607	0.0	0.0	0.0	0.0	0.0	0.0	0.0	0.0	0.0	0.0	0.0	0.0
ACH-000067	14	50177038	T[C>T]G	0.06023938108490008	0.0	0.0	0.0	0.020309430881274005	0.08862733594461802	0.0	0.0	0.0	0.0	0.0	0.0	0.0	0.6380500798717302	0.0	0.0	0.0	0.0	0.0	0.0	0.0	0.0	0.0	0.0	0.0	0.0	0.0	0.0	0.0	0.0	0.004367791723035009	0.0	0.0	0.0	0.0	0.0	0.0	0.0	0.0	0.0	0.0	0.0	0.0	0.0	0.0	0.0	0.0	0.0	0.0	0.0	0.0	0.0	0.0	0.0	0.0	0.0	0.0	0.0	0.0	0.0	0.0	0.0	0.0	1.665110165648452e-13	0.0	0.0	0.0	0.0	0.0	0.0	0.0	0.0	0.0	0.18840598049427607	0.0	0.0	0.0	0.0	0.0	0.0	0.0	0.0	0.0	0.0	0.0	0.0
ACH-000067	14	75201599	C[C>T]G	0.10782077294888608	0.0	0.0	0.0	0.022454181530241278	0.2088732092288301	0.0	0.0	0.0	0.0	0.0	0.0	0.0	0.005426672227252958	0.0	0.0	0.0	0.0	0.0	0.0	0.0	0.0	0.0	0.0	0.0	0.0	0.0	0.0	0.0	0.0	0.02170835677860561	0.0	0.0	0.0	0.0	0.0	0.0	0.0	0.0	0.0	0.0	0.0	0.0	0.0	0.0	0.0	0.0	0.0	0.0	0.0	0.0	0.0	0.0	0.0	0.0	0.0	0.0	0.0	0.0	0.0	0.0	0.0	0.0	0.03978440714780313	0.0	0.0	0.0	0.0	0.0	0.0	0.0	0.0	0.0	0.5939324001383809	0.0	0.0	0.0	0.0	0.0	0.0	0.0	0.0	0.0	0.0	0.0	0.0
ACH-000067	14	105070967	C[C>T]G	0.10782077294888608	0.0	0.0	0.0	0.022454181530241278	0.2088732092288301	0.0	0.0	0.0	0.0	0.0	0.0	0.0	0.005426672227252958	0.0	0.0	0.0	0.0	0.0	0.0	0.0	0.0	0.0	0.0	0.0	0.0	0.0	0.0	0.0	0.0	0.02170835677860561	0.0	0.0	0.0	0.0	0.0	0.0	0.0	0.0	0.0	0.0	0.0	0.0	0.0	0.0	0.0	0.0	0.0	0.0	0.0	0.0	0.0	0.0	0.0	0.0	0.0	0.0	0.0	0.0	0.0	0.0	0.0	0.0	0.03978440714780313	0.0	0.0	0.0	0.0	0.0	0.0	0.0	0.0	0.0	0.5939324001383809	0.0	0.0	0.0	0.0	0.0	0.0	0.0	0.0	0.0	0.0	0.0	0.0
ACH-000067	14	105350179	T[C>T]G	0.06023938108490008	0.0	0.0	0.0	0.020309430881274005	0.08862733594461802	0.0	0.0	0.0	0.0	0.0	0.0	0.0	0.6380500798717302	0.0	0.0	0.0	0.0	0.0	0.0	0.0	0.0	0.0	0.0	0.0	0.0	0.0	0.0	0.0	0.0	0.004367791723035009	0.0	0.0	0.0	0.0	0.0	0.0	0.0	0.0	0.0	0.0	0.0	0.0	0.0	0.0	0.0	0.0	0.0	0.0	0.0	0.0	0.0	0.0	0.0	0.0	0.0	0.0	0.0	0.0	0.0	0.0	0.0	0.0	1.665110165648452e-13	0.0	0.0	0.0	0.0	0.0	0.0	0.0	0.0	0.0	0.18840598049427607	0.0	0.0	0.0	0.0	0.0	0.0	0.0	0.0	0.0	0.0	0.0	0.0
ACH-000067	14	105621955	A[C>T]A	0.05909716800717352	0.0	0.0	0.0	0.17974509619003715	0.47158634793108567	0.0	0.0	0.0	0.0	0.0	0.0	0.0	0.003460065082955379	0.0	0.0	0.0	0.0	0.0	0.0	0.0	0.0	0.0	0.0	0.0	0.0	0.0	0.0	0.0	0.0	0.14846611527716297	0.0	0.0	0.0	0.0	0.0	0.0	0.0	0.0	0.0	0.0	0.0	0.0	0.0	0.0	0.0	0.0	0.0	0.0	0.0	0.0	0.0	0.0	0.0	0.0	0.0	0.0	0.0	0.0	0.0	0.0	0.0	0.0	0.008940636725318368	0.0	0.0	0.0	0.0	0.0	0.0	0.0	0.0	0.0	0.12870457078626696	0.0	0.0	0.0	0.0	0.0	0.0	0.0	0.0	0.0	0.0	0.0	0.0
ACH-000067	15	25959215	G[C>T]A	0.008833425089852413	0.0	0.0	0.0	0.09002448838186884	0.5795601412451798	0.0	0.0	0.0	0.0	0.0	0.0	0.0	0.0019254771411062173	0.0	0.0	0.0	0.0	0.0	0.0	0.0	0.0	0.0	0.0	0.0	0.0	0.0	0.0	0.0	0.0	0.29690168029950187	0.0	0.0	0.0	0.0	0.0	0.0	0.0	0.0	0.0	0.0	0.0	0.0	0.0	0.0	0.0	0.0	0.0	0.0	0.0	0.0	0.0	0.0	0.0	0.0	0.0	0.0	0.0	0.0	0.0	0.0	0.0	0.0	0.0011287029738168372	0.0	0.0	0.0	0.0	0.0	0.0	0.0	0.0	0.0	0.021626084868674064	0.0	0.0	0.0	0.0	0.0	0.0	0.0	0.0	0.0	0.0	0.0	0.0
ACH-000067	15	43045360	C[T>A]T	0.0036333547741484607	0.0	0.0	0.0	0.14015738998244967	0.007785094454883774	0.0	0.0	0.0	0.0	0.0	0.0	0.0	0.008718397176770443	0.0	0.0	0.0	0.0	0.0	0.0	0.0	0.0	0.0	0.0	0.0	0.0	0.0	0.0	0.0	0.0	0.014563255461187613	0.0	0.0	0.0	0.0	0.0	0.0	0.0	0.0	0.0	0.0	0.0	0.0	0.0	0.0	0.0	0.0	0.0	0.0	0.0	0.0	0.0	0.0	0.0	0.0	0.0	0.0	0.0	0.0	0.0	0.0	0.0	0.0	0.0023780292046794342	0.0	0.0	0.0	0.0	0.0	0.0	0.0	0.0	0.0	0.8227644789458806	0.0	0.0	0.0	0.0	0.0	0.0	0.0	0.0	0.0	0.0	0.0	0.0
ACH-000067	15	59911600	C[C>T]G	0.10782077294888608	0.0	0.0	0.0	0.022454181530241278	0.2088732092288301	0.0	0.0	0.0	0.0	0.0	0.0	0.0	0.005426672227252958	0.0	0.0	0.0	0.0	0.0	0.0	0.0	0.0	0.0	0.0	0.0	0.0	0.0	0.0	0.0	0.0	0.02170835677860561	0.0	0.0	0.0	0.0	0.0	0.0	0.0	0.0	0.0	0.0	0.0	0.0	0.0	0.0	0.0	0.0	0.0	0.0	0.0	0.0	0.0	0.0	0.0	0.0	0.0	0.0	0.0	0.0	0.0	0.0	0.0	0.0	0.03978440714780313	0.0	0.0	0.0	0.0	0.0	0.0	0.0	0.0	0.0	0.5939324001383809	0.0	0.0	0.0	0.0	0.0	0.0	0.0	0.0	0.0	0.0	0.0	0.0
ACH-000067	15	65273223	A[T>C]C	0.039231344799731276	0.0	0.0	0.0	0.4033456389153111	0.0453852573730155	0.0	0.0	0.0	0.0	0.0	0.0	0.0	0.017547512664431626	0.0	0.0	0.0	0.0	0.0	0.0	0.0	0.0	0.0	0.0	0.0	0.0	0.0	0.0	0.0	0.0	0.006383676320423722	0.0	0.0	0.0	0.0	0.0	0.0	0.0	0.0	0.0	0.0	0.0	0.0	0.0	0.0	0.0	0.0	0.0	0.0	0.0	0.0	0.0	0.0	0.0	0.0	0.0	0.0	0.0	0.0	0.0	0.0	0.0	0.0	0.25558863405855176	0.0	0.0	0.0	0.0	0.0	0.0	0.0	0.0	0.0	0.23251793586853486	0.0	0.0	0.0	0.0	0.0	0.0	0.0	0.0	0.0	0.0	0.0	0.0
ACH-000067	15	79750638	C[T>C]G	0.0006375892209339954	0.0	0.0	0.0	0.08592401020651946	0.029324226291879946	0.0	0.0	0.0	0.0	0.0	0.0	0.0	0.00011946770418318287	0.0	0.0	0.0	0.0	0.0	0.0	0.0	0.0	0.0	0.0	0.0	0.0	0.0	0.0	0.0	0.0	0.0019146116208448138	0.0	0.0	0.0	0.0	0.0	0.0	0.0	0.0	0.0	0.0	0.0	0.0	0.0	0.0	0.0	0.0	0.0	0.0	0.0	0.0	0.0	0.0	0.0	0.0	0.0	0.0	0.0	0.0	0.0	0.0	0.0	0.0	0.8735259279485404	0.0	0.0	0.0	0.0	0.0	0.0	0.0	0.0	0.0	0.00855416700709814	0.0	0.0	0.0	0.0	0.0	0.0	0.0	0.0	0.0	0.0	0.0	0.0
ACH-000067	15	83456122	C[C>A]T	2.005200793484027e-15	0.0	0.0	0.0	0.13614058713538077	0.2687063178821534	0.0	0.0	0.0	0.0	0.0	0.0	0.0	0.19973797310886823	0.0	0.0	0.0	0.0	0.0	0.0	0.0	0.0	0.0	0.0	0.0	0.0	0.0	0.0	0.0	0.0	0.014496068112964253	0.0	0.0	0.0	0.0	0.0	0.0	0.0	0.0	0.0	0.0	0.0	0.0	0.0	0.0	0.0	0.0	0.0	0.0	0.0	0.0	0.0	0.0	0.0	0.0	0.0	0.0	0.0	0.0	0.0	0.0	0.0	0.0	0.12709700467061896	0.0	0.0	0.0	0.0	0.0	0.0	0.0	0.0	0.0	0.25382204909001255	0.0	0.0	0.0	0.0	0.0	0.0	0.0	0.0	0.0	0.0	0.0	0.0
ACH-000067	16	602691	A[C>T]C	0.016629231017471442	0.0	0.0	0.0	0.10985527067286889	0.1875284144216038	0.0	0.0	0.0	0.0	0.0	0.0	0.0	0.036829847653277556	0.0	0.0	0.0	0.0	0.0	0.0	0.0	0.0	0.0	0.0	0.0	0.0	0.0	0.0	0.0	0.0	0.5915559460918292	0.0	0.0	0.0	0.0	0.0	0.0	0.0	0.0	0.0	0.0	0.0	0.0	0.0	0.0	0.0	0.0	0.0	0.0	0.0	0.0	0.0	0.0	0.0	0.0	0.0	0.0	0.0	0.0	0.0	0.0	0.0	0.0	0.0035570597776016562	0.0	0.0	0.0	0.0	0.0	0.0	0.0	0.0	0.0	0.05404423036534754	0.0	0.0	0.0	0.0	0.0	0.0	0.0	0.0	0.0	0.0	0.0	0.0
ACH-000067	16	11827841	C[C>T]G	0.10782077294888608	0.0	0.0	0.0	0.022454181530241278	0.2088732092288301	0.0	0.0	0.0	0.0	0.0	0.0	0.0	0.005426672227252958	0.0	0.0	0.0	0.0	0.0	0.0	0.0	0.0	0.0	0.0	0.0	0.0	0.0	0.0	0.0	0.0	0.02170835677860561	0.0	0.0	0.0	0.0	0.0	0.0	0.0	0.0	0.0	0.0	0.0	0.0	0.0	0.0	0.0	0.0	0.0	0.0	0.0	0.0	0.0	0.0	0.0	0.0	0.0	0.0	0.0	0.0	0.0	0.0	0.0	0.0	0.03978440714780313	0.0	0.0	0.0	0.0	0.0	0.0	0.0	0.0	0.0	0.5939324001383809	0.0	0.0	0.0	0.0	0.0	0.0	0.0	0.0	0.0	0.0	0.0	0.0
ACH-000067	16	16349631	T[C>T]G	0.06023938108490008	0.0	0.0	0.0	0.020309430881274005	0.08862733594461802	0.0	0.0	0.0	0.0	0.0	0.0	0.0	0.6380500798717302	0.0	0.0	0.0	0.0	0.0	0.0	0.0	0.0	0.0	0.0	0.0	0.0	0.0	0.0	0.0	0.0	0.004367791723035009	0.0	0.0	0.0	0.0	0.0	0.0	0.0	0.0	0.0	0.0	0.0	0.0	0.0	0.0	0.0	0.0	0.0	0.0	0.0	0.0	0.0	0.0	0.0	0.0	0.0	0.0	0.0	0.0	0.0	0.0	0.0	0.0	1.665110165648452e-13	0.0	0.0	0.0	0.0	0.0	0.0	0.0	0.0	0.0	0.18840598049427607	0.0	0.0	0.0	0.0	0.0	0.0	0.0	0.0	0.0	0.0	0.0	0.0
ACH-000067	16	20994161	C[C>T]C	0.0004071406412232753	0.0	0.0	0.0	0.06682624100360375	0.06945745711842087	0.0	0.0	0.0	0.0	0.0	0.0	0.0	0.00033932407195999163	0.0	0.0	0.0	0.0	0.0	0.0	0.0	0.0	0.0	0.0	0.0	0.0	0.0	0.0	0.0	0.0	0.7920173072296509	0.0	0.0	0.0	0.0	0.0	0.0	0.0	0.0	0.0	0.0	0.0	0.0	0.0	0.0	0.0	0.0	0.0	0.0	0.0	0.0	0.0	0.0	0.0	0.0	0.0	0.0	0.0	0.0	0.0	0.0	0.0	0.0	0.0008709001238315927	0.0	0.0	0.0	0.0	0.0	0.0	0.0	0.0	0.0	0.07008162981130965	0.0	0.0	0.0	0.0	0.0	0.0	0.0	0.0	0.0	0.0	0.0	0.0
ACH-000067	16	24942137	G[T>G]T	0.0004060735575239689	0.0	0.0	0.0	0.15247885934395056	0.06813650996415813	0.0	0.0	0.0	0.0	0.0	0.0	0.0	0.3827050811922444	0.0	0.0	0.0	0.0	0.0	0.0	0.0	0.0	0.0	0.0	0.0	0.0	0.0	0.0	0.0	0.0	4.465572987991896e-16	0.0	0.0	0.0	0.0	0.0	0.0	0.0	0.0	0.0	0.0	0.0	0.0	0.0	0.0	0.0	0.0	0.0	0.0	0.0	0.0	0.0	0.0	0.0	0.0	0.0	0.0	0.0	0.0	0.0	0.0	0.0	0.0	0.0008600477249537332	0.0	0.0	0.0	0.0	0.0	0.0	0.0	0.0	0.0	0.39541342821716874	0.0	0.0	0.0	0.0	0.0	0.0	0.0	0.0	0.0	0.0	0.0	0.0
ACH-000067	16	25266615	C[C>T]G	0.10782077294888608	0.0	0.0	0.0	0.022454181530241278	0.2088732092288301	0.0	0.0	0.0	0.0	0.0	0.0	0.0	0.005426672227252958	0.0	0.0	0.0	0.0	0.0	0.0	0.0	0.0	0.0	0.0	0.0	0.0	0.0	0.0	0.0	0.0	0.02170835677860561	0.0	0.0	0.0	0.0	0.0	0.0	0.0	0.0	0.0	0.0	0.0	0.0	0.0	0.0	0.0	0.0	0.0	0.0	0.0	0.0	0.0	0.0	0.0	0.0	0.0	0.0	0.0	0.0	0.0	0.0	0.0	0.0	0.03978440714780313	0.0	0.0	0.0	0.0	0.0	0.0	0.0	0.0	0.0	0.5939324001383809	0.0	0.0	0.0	0.0	0.0	0.0	0.0	0.0	0.0	0.0	0.0	0.0
ACH-000067	16	30723156	G[T>A]C	0.002492053413859853	0.0	0.0	0.0	0.13112126110517022	0.029400353004577738	0.0	0.0	0.0	0.0	0.0	0.0	0.0	0.006335151320264534	0.0	0.0	0.0	0.0	0.0	0.0	0.0	0.0	0.0	0.0	0.0	0.0	0.0	0.0	0.0	0.0	0.0075160324266215885	0.0	0.0	0.0	0.0	0.0	0.0	0.0	0.0	0.0	0.0	0.0	0.0	0.0	0.0	0.0	0.0	0.0	0.0	0.0	0.0	0.0	0.0	0.0	0.0	0.0	0.0	0.0	0.0	0.0	0.0	0.0	0.0	0.44382024257504277	0.0	0.0	0.0	0.0	0.0	0.0	0.0	0.0	0.0	0.37931490615446334	0.0	0.0	0.0	0.0	0.0	0.0	0.0	0.0	0.0	0.0	0.0	0.0
ACH-000067	16	30748452	C[C>T]G	0.10782077294888608	0.0	0.0	0.0	0.022454181530241278	0.2088732092288301	0.0	0.0	0.0	0.0	0.0	0.0	0.0	0.005426672227252958	0.0	0.0	0.0	0.0	0.0	0.0	0.0	0.0	0.0	0.0	0.0	0.0	0.0	0.0	0.0	0.0	0.02170835677860561	0.0	0.0	0.0	0.0	0.0	0.0	0.0	0.0	0.0	0.0	0.0	0.0	0.0	0.0	0.0	0.0	0.0	0.0	0.0	0.0	0.0	0.0	0.0	0.0	0.0	0.0	0.0	0.0	0.0	0.0	0.0	0.0	0.03978440714780313	0.0	0.0	0.0	0.0	0.0	0.0	0.0	0.0	0.0	0.5939324001383809	0.0	0.0	0.0	0.0	0.0	0.0	0.0	0.0	0.0	0.0	0.0	0.0
ACH-000067	16	31087940	T[C>T]C	9.966197475536054e-05	0.0	0.0	0.0	0.1433634451980317	0.0873300389078479	0.0	0.0	0.0	0.0	0.0	0.0	0.0	0.345561251509716	0.0	0.0	0.0	0.0	0.0	0.0	0.0	0.0	0.0	0.0	0.0	0.0	0.0	0.0	0.0	0.0	0.3237997594750123	0.0	0.0	0.0	0.0	0.0	0.0	0.0	0.0	0.0	0.0	0.0	0.0	0.0	0.0	0.0	0.0	0.0	0.0	0.0	0.0	0.0	0.0	0.0	0.0	0.0	0.0	0.0	0.0	0.0	0.0	0.0	0.0	0.004514181873030855	0.0	0.0	0.0	0.0	0.0	0.0	0.0	0.0	0.0	0.09533166106160586	0.0	0.0	0.0	0.0	0.0	0.0	0.0	0.0	0.0	0.0	0.0	0.0
ACH-000067	16	47120220	A[T>A]G	0.02018761429063847	0.0	0.0	0.0	0.3766933522466771	1.2228458001360844e-14	0.0	0.0	0.0	0.0	0.0	0.0	0.0	0.00110481049124264	0.0	0.0	0.0	0.0	0.0	0.0	0.0	0.0	0.0	0.0	0.0	0.0	0.0	0.0	0.0	0.0	0.0174211263278557	0.0	0.0	0.0	0.0	0.0	0.0	0.0	0.0	0.0	0.0	0.0	0.0	0.0	0.0	0.0	0.0	0.0	0.0	0.0	0.0	0.0	0.0	0.0	0.0	0.0	0.0	0.0	0.0	0.0	0.0	0.0	0.0	0.19142592617860657	0.0	0.0	0.0	0.0	0.0	0.0	0.0	0.0	0.0	0.39316717046496724	0.0	0.0	0.0	0.0	0.0	0.0	0.0	0.0	0.0	0.0	0.0	0.0
ACH-000067	16	50667221	A[C>T]C	0.016629231017471442	0.0	0.0	0.0	0.10985527067286889	0.1875284144216038	0.0	0.0	0.0	0.0	0.0	0.0	0.0	0.036829847653277556	0.0	0.0	0.0	0.0	0.0	0.0	0.0	0.0	0.0	0.0	0.0	0.0	0.0	0.0	0.0	0.0	0.5915559460918292	0.0	0.0	0.0	0.0	0.0	0.0	0.0	0.0	0.0	0.0	0.0	0.0	0.0	0.0	0.0	0.0	0.0	0.0	0.0	0.0	0.0	0.0	0.0	0.0	0.0	0.0	0.0	0.0	0.0	0.0	0.0	0.0	0.0035570597776016562	0.0	0.0	0.0	0.0	0.0	0.0	0.0	0.0	0.0	0.05404423036534754	0.0	0.0	0.0	0.0	0.0	0.0	0.0	0.0	0.0	0.0	0.0	0.0
ACH-000067	16	58713845	A[C>T]G	0.24624856314850024	0.0	0.0	0.0	0.009724831887380804	0.25196407666546383	0.0	0.0	0.0	0.0	0.0	0.0	0.0	0.0007446745109325756	0.0	0.0	0.0	0.0	0.0	0.0	0.0	0.0	0.0	0.0	0.0	0.0	0.0	0.0	0.0	0.0	0.01634893777184812	0.0	0.0	0.0	0.0	0.0	0.0	0.0	0.0	0.0	0.0	0.0	0.0	0.0	0.0	0.0	0.0	0.0	0.0	0.0	0.0	0.0	0.0	0.0	0.0	0.0	0.0	0.0	0.0	0.0	0.0	0.0	0.0	0.0005913645975777952	0.0	0.0	0.0	0.0	0.0	0.0	0.0	0.0	0.0	0.4743775514182967	0.0	0.0	0.0	0.0	0.0	0.0	0.0	0.0	0.0	0.0	0.0	0.0
ACH-000067	16	68110622	C[C>T]G	0.10782077294888608	0.0	0.0	0.0	0.022454181530241278	0.2088732092288301	0.0	0.0	0.0	0.0	0.0	0.0	0.0	0.005426672227252958	0.0	0.0	0.0	0.0	0.0	0.0	0.0	0.0	0.0	0.0	0.0	0.0	0.0	0.0	0.0	0.0	0.02170835677860561	0.0	0.0	0.0	0.0	0.0	0.0	0.0	0.0	0.0	0.0	0.0	0.0	0.0	0.0	0.0	0.0	0.0	0.0	0.0	0.0	0.0	0.0	0.0	0.0	0.0	0.0	0.0	0.0	0.0	0.0	0.0	0.0	0.03978440714780313	0.0	0.0	0.0	0.0	0.0	0.0	0.0	0.0	0.0	0.5939324001383809	0.0	0.0	0.0	0.0	0.0	0.0	0.0	0.0	0.0	0.0	0.0	0.0
ACH-000067	16	71008182	A[C>T]G	0.24624856314850024	0.0	0.0	0.0	0.009724831887380804	0.25196407666546383	0.0	0.0	0.0	0.0	0.0	0.0	0.0	0.0007446745109325756	0.0	0.0	0.0	0.0	0.0	0.0	0.0	0.0	0.0	0.0	0.0	0.0	0.0	0.0	0.0	0.0	0.01634893777184812	0.0	0.0	0.0	0.0	0.0	0.0	0.0	0.0	0.0	0.0	0.0	0.0	0.0	0.0	0.0	0.0	0.0	0.0	0.0	0.0	0.0	0.0	0.0	0.0	0.0	0.0	0.0	0.0	0.0	0.0	0.0	0.0	0.0005913645975777952	0.0	0.0	0.0	0.0	0.0	0.0	0.0	0.0	0.0	0.4743775514182967	0.0	0.0	0.0	0.0	0.0	0.0	0.0	0.0	0.0	0.0	0.0	0.0
ACH-000067	16	71674872	T[C>T]G	0.06023938108490008	0.0	0.0	0.0	0.020309430881274005	0.08862733594461802	0.0	0.0	0.0	0.0	0.0	0.0	0.0	0.6380500798717302	0.0	0.0	0.0	0.0	0.0	0.0	0.0	0.0	0.0	0.0	0.0	0.0	0.0	0.0	0.0	0.0	0.004367791723035009	0.0	0.0	0.0	0.0	0.0	0.0	0.0	0.0	0.0	0.0	0.0	0.0	0.0	0.0	0.0	0.0	0.0	0.0	0.0	0.0	0.0	0.0	0.0	0.0	0.0	0.0	0.0	0.0	0.0	0.0	0.0	0.0	1.665110165648452e-13	0.0	0.0	0.0	0.0	0.0	0.0	0.0	0.0	0.0	0.18840598049427607	0.0	0.0	0.0	0.0	0.0	0.0	0.0	0.0	0.0	0.0	0.0	0.0
ACH-000067	16	88793338	A[C>T]G	0.24624856314850024	0.0	0.0	0.0	0.009724831887380804	0.25196407666546383	0.0	0.0	0.0	0.0	0.0	0.0	0.0	0.0007446745109325756	0.0	0.0	0.0	0.0	0.0	0.0	0.0	0.0	0.0	0.0	0.0	0.0	0.0	0.0	0.0	0.0	0.01634893777184812	0.0	0.0	0.0	0.0	0.0	0.0	0.0	0.0	0.0	0.0	0.0	0.0	0.0	0.0	0.0	0.0	0.0	0.0	0.0	0.0	0.0	0.0	0.0	0.0	0.0	0.0	0.0	0.0	0.0	0.0	0.0	0.0	0.0005913645975777952	0.0	0.0	0.0	0.0	0.0	0.0	0.0	0.0	0.0	0.4743775514182967	0.0	0.0	0.0	0.0	0.0	0.0	0.0	0.0	0.0	0.0	0.0	0.0
ACH-000067	17	7287105	C[C>T]T	0.00033686381127272913	0.0	0.0	0.0	0.09260248844201363	0.07381651141050204	0.0	0.0	0.0	0.0	0.0	0.0	0.0	0.0027264692229691458	0.0	0.0	0.0	0.0	0.0	0.0	0.0	0.0	0.0	0.0	0.0	0.0	0.0	0.0	0.0	0.0	0.7451002577119897	0.0	0.0	0.0	0.0	0.0	0.0	0.0	0.0	0.0	0.0	0.0	0.0	0.0	0.0	0.0	0.0	0.0	0.0	0.0	0.0	0.0	0.0	0.0	0.0	0.0	0.0	0.0	0.0	0.0	0.0	0.0	0.0	0.016294905505334804	0.0	0.0	0.0	0.0	0.0	0.0	0.0	0.0	0.0	0.06912250389591769	0.0	0.0	0.0	0.0	0.0	0.0	0.0	0.0	0.0	0.0	0.0	0.0
ACH-000067	17	7577538	C[C>T]G	0.10782077294888608	0.0	0.0	0.0	0.022454181530241278	0.2088732092288301	0.0	0.0	0.0	0.0	0.0	0.0	0.0	0.005426672227252958	0.0	0.0	0.0	0.0	0.0	0.0	0.0	0.0	0.0	0.0	0.0	0.0	0.0	0.0	0.0	0.0	0.02170835677860561	0.0	0.0	0.0	0.0	0.0	0.0	0.0	0.0	0.0	0.0	0.0	0.0	0.0	0.0	0.0	0.0	0.0	0.0	0.0	0.0	0.0	0.0	0.0	0.0	0.0	0.0	0.0	0.0	0.0	0.0	0.0	0.0	0.03978440714780313	0.0	0.0	0.0	0.0	0.0	0.0	0.0	0.0	0.0	0.5939324001383809	0.0	0.0	0.0	0.0	0.0	0.0	0.0	0.0	0.0	0.0	0.0	0.0
ACH-000067	17	7804650	T[C>T]G	0.06023938108490008	0.0	0.0	0.0	0.020309430881274005	0.08862733594461802	0.0	0.0	0.0	0.0	0.0	0.0	0.0	0.6380500798717302	0.0	0.0	0.0	0.0	0.0	0.0	0.0	0.0	0.0	0.0	0.0	0.0	0.0	0.0	0.0	0.0	0.004367791723035009	0.0	0.0	0.0	0.0	0.0	0.0	0.0	0.0	0.0	0.0	0.0	0.0	0.0	0.0	0.0	0.0	0.0	0.0	0.0	0.0	0.0	0.0	0.0	0.0	0.0	0.0	0.0	0.0	0.0	0.0	0.0	0.0	1.665110165648452e-13	0.0	0.0	0.0	0.0	0.0	0.0	0.0	0.0	0.0	0.18840598049427607	0.0	0.0	0.0	0.0	0.0	0.0	0.0	0.0	0.0	0.0	0.0	0.0
ACH-000067	17	37884087	C[C>T]T	0.00033686381127272913	0.0	0.0	0.0	0.09260248844201363	0.07381651141050204	0.0	0.0	0.0	0.0	0.0	0.0	0.0	0.0027264692229691458	0.0	0.0	0.0	0.0	0.0	0.0	0.0	0.0	0.0	0.0	0.0	0.0	0.0	0.0	0.0	0.0	0.7451002577119897	0.0	0.0	0.0	0.0	0.0	0.0	0.0	0.0	0.0	0.0	0.0	0.0	0.0	0.0	0.0	0.0	0.0	0.0	0.0	0.0	0.0	0.0	0.0	0.0	0.0	0.0	0.0	0.0	0.0	0.0	0.0	0.0	0.016294905505334804	0.0	0.0	0.0	0.0	0.0	0.0	0.0	0.0	0.0	0.06912250389591769	0.0	0.0	0.0	0.0	0.0	0.0	0.0	0.0	0.0	0.0	0.0	0.0
ACH-000067	17	38556791	A[C>T]A	0.05909716800717352	0.0	0.0	0.0	0.17974509619003715	0.47158634793108567	0.0	0.0	0.0	0.0	0.0	0.0	0.0	0.003460065082955379	0.0	0.0	0.0	0.0	0.0	0.0	0.0	0.0	0.0	0.0	0.0	0.0	0.0	0.0	0.0	0.0	0.14846611527716297	0.0	0.0	0.0	0.0	0.0	0.0	0.0	0.0	0.0	0.0	0.0	0.0	0.0	0.0	0.0	0.0	0.0	0.0	0.0	0.0	0.0	0.0	0.0	0.0	0.0	0.0	0.0	0.0	0.0	0.0	0.0	0.0	0.008940636725318368	0.0	0.0	0.0	0.0	0.0	0.0	0.0	0.0	0.0	0.12870457078626696	0.0	0.0	0.0	0.0	0.0	0.0	0.0	0.0	0.0	0.0	0.0	0.0
ACH-000067	17	40842842	C[C>T]C	0.0004071406412232753	0.0	0.0	0.0	0.06682624100360375	0.06945745711842087	0.0	0.0	0.0	0.0	0.0	0.0	0.0	0.00033932407195999163	0.0	0.0	0.0	0.0	0.0	0.0	0.0	0.0	0.0	0.0	0.0	0.0	0.0	0.0	0.0	0.0	0.7920173072296509	0.0	0.0	0.0	0.0	0.0	0.0	0.0	0.0	0.0	0.0	0.0	0.0	0.0	0.0	0.0	0.0	0.0	0.0	0.0	0.0	0.0	0.0	0.0	0.0	0.0	0.0	0.0	0.0	0.0	0.0	0.0	0.0	0.0008709001238315927	0.0	0.0	0.0	0.0	0.0	0.0	0.0	0.0	0.0	0.07008162981130965	0.0	0.0	0.0	0.0	0.0	0.0	0.0	0.0	0.0	0.0	0.0	0.0
ACH-000067	17	41142355	C[T>C]G	0.0006375892209339954	0.0	0.0	0.0	0.08592401020651946	0.029324226291879946	0.0	0.0	0.0	0.0	0.0	0.0	0.0	0.00011946770418318287	0.0	0.0	0.0	0.0	0.0	0.0	0.0	0.0	0.0	0.0	0.0	0.0	0.0	0.0	0.0	0.0	0.0019146116208448138	0.0	0.0	0.0	0.0	0.0	0.0	0.0	0.0	0.0	0.0	0.0	0.0	0.0	0.0	0.0	0.0	0.0	0.0	0.0	0.0	0.0	0.0	0.0	0.0	0.0	0.0	0.0	0.0	0.0	0.0	0.0	0.0	0.8735259279485404	0.0	0.0	0.0	0.0	0.0	0.0	0.0	0.0	0.0	0.00855416700709814	0.0	0.0	0.0	0.0	0.0	0.0	0.0	0.0	0.0	0.0	0.0	0.0
ACH-000067	17	48918271	G[C>A]G	0.008385240608848014	0.0	0.0	0.0	0.0779661815309814	0.015871669022203546	0.0	0.0	0.0	0.0	0.0	0.0	0.0	0.0032449560322025893	0.0	0.0	0.0	0.0	0.0	0.0	0.0	0.0	0.0	0.0	0.0	0.0	0.0	0.0	0.0	0.0	0.004724094526781633	0.0	0.0	0.0	0.0	0.0	0.0	0.0	0.0	0.0	0.0	0.0	0.0	0.0	0.0	0.0	0.0	0.0	0.0	0.0	0.0	0.0	0.0	0.0	0.0	0.0	0.0	0.0	0.0	0.0	0.0	0.0	0.0	0.2058907495318876	0.0	0.0	0.0	0.0	0.0	0.0	0.0	0.0	0.0	0.6839171087470953	0.0	0.0	0.0	0.0	0.0	0.0	0.0	0.0	0.0	0.0	0.0	0.0
ACH-000067	17	61584436	C[C>T]G	0.10782077294888608	0.0	0.0	0.0	0.022454181530241278	0.2088732092288301	0.0	0.0	0.0	0.0	0.0	0.0	0.0	0.005426672227252958	0.0	0.0	0.0	0.0	0.0	0.0	0.0	0.0	0.0	0.0	0.0	0.0	0.0	0.0	0.0	0.0	0.02170835677860561	0.0	0.0	0.0	0.0	0.0	0.0	0.0	0.0	0.0	0.0	0.0	0.0	0.0	0.0	0.0	0.0	0.0	0.0	0.0	0.0	0.0	0.0	0.0	0.0	0.0	0.0	0.0	0.0	0.0	0.0	0.0	0.0	0.03978440714780313	0.0	0.0	0.0	0.0	0.0	0.0	0.0	0.0	0.0	0.5939324001383809	0.0	0.0	0.0	0.0	0.0	0.0	0.0	0.0	0.0	0.0	0.0	0.0
ACH-000067	17	62043875	T[C>T]G	0.06023938108490008	0.0	0.0	0.0	0.020309430881274005	0.08862733594461802	0.0	0.0	0.0	0.0	0.0	0.0	0.0	0.6380500798717302	0.0	0.0	0.0	0.0	0.0	0.0	0.0	0.0	0.0	0.0	0.0	0.0	0.0	0.0	0.0	0.0	0.004367791723035009	0.0	0.0	0.0	0.0	0.0	0.0	0.0	0.0	0.0	0.0	0.0	0.0	0.0	0.0	0.0	0.0	0.0	0.0	0.0	0.0	0.0	0.0	0.0	0.0	0.0	0.0	0.0	0.0	0.0	0.0	0.0	0.0	1.665110165648452e-13	0.0	0.0	0.0	0.0	0.0	0.0	0.0	0.0	0.0	0.18840598049427607	0.0	0.0	0.0	0.0	0.0	0.0	0.0	0.0	0.0	0.0	0.0	0.0
ACH-000067	17	65040811	A[C>T]C	0.016629231017471442	0.0	0.0	0.0	0.10985527067286889	0.1875284144216038	0.0	0.0	0.0	0.0	0.0	0.0	0.0	0.036829847653277556	0.0	0.0	0.0	0.0	0.0	0.0	0.0	0.0	0.0	0.0	0.0	0.0	0.0	0.0	0.0	0.0	0.5915559460918292	0.0	0.0	0.0	0.0	0.0	0.0	0.0	0.0	0.0	0.0	0.0	0.0	0.0	0.0	0.0	0.0	0.0	0.0	0.0	0.0	0.0	0.0	0.0	0.0	0.0	0.0	0.0	0.0	0.0	0.0	0.0	0.0	0.0035570597776016562	0.0	0.0	0.0	0.0	0.0	0.0	0.0	0.0	0.0	0.05404423036534754	0.0	0.0	0.0	0.0	0.0	0.0	0.0	0.0	0.0	0.0	0.0	0.0
ACH-000067	17	72436165	A[C>T]G	0.24624856314850024	0.0	0.0	0.0	0.009724831887380804	0.25196407666546383	0.0	0.0	0.0	0.0	0.0	0.0	0.0	0.0007446745109325756	0.0	0.0	0.0	0.0	0.0	0.0	0.0	0.0	0.0	0.0	0.0	0.0	0.0	0.0	0.0	0.0	0.01634893777184812	0.0	0.0	0.0	0.0	0.0	0.0	0.0	0.0	0.0	0.0	0.0	0.0	0.0	0.0	0.0	0.0	0.0	0.0	0.0	0.0	0.0	0.0	0.0	0.0	0.0	0.0	0.0	0.0	0.0	0.0	0.0	0.0	0.0005913645975777952	0.0	0.0	0.0	0.0	0.0	0.0	0.0	0.0	0.0	0.4743775514182967	0.0	0.0	0.0	0.0	0.0	0.0	0.0	0.0	0.0	0.0	0.0	0.0
ACH-000067	17	73017033	C[C>T]G	0.10782077294888608	0.0	0.0	0.0	0.022454181530241278	0.2088732092288301	0.0	0.0	0.0	0.0	0.0	0.0	0.0	0.005426672227252958	0.0	0.0	0.0	0.0	0.0	0.0	0.0	0.0	0.0	0.0	0.0	0.0	0.0	0.0	0.0	0.0	0.02170835677860561	0.0	0.0	0.0	0.0	0.0	0.0	0.0	0.0	0.0	0.0	0.0	0.0	0.0	0.0	0.0	0.0	0.0	0.0	0.0	0.0	0.0	0.0	0.0	0.0	0.0	0.0	0.0	0.0	0.0	0.0	0.0	0.0	0.03978440714780313	0.0	0.0	0.0	0.0	0.0	0.0	0.0	0.0	0.0	0.5939324001383809	0.0	0.0	0.0	0.0	0.0	0.0	0.0	0.0	0.0	0.0	0.0	0.0
ACH-000067	18	7231329	T[C>T]G	0.06023938108490008	0.0	0.0	0.0	0.020309430881274005	0.08862733594461802	0.0	0.0	0.0	0.0	0.0	0.0	0.0	0.6380500798717302	0.0	0.0	0.0	0.0	0.0	0.0	0.0	0.0	0.0	0.0	0.0	0.0	0.0	0.0	0.0	0.0	0.004367791723035009	0.0	0.0	0.0	0.0	0.0	0.0	0.0	0.0	0.0	0.0	0.0	0.0	0.0	0.0	0.0	0.0	0.0	0.0	0.0	0.0	0.0	0.0	0.0	0.0	0.0	0.0	0.0	0.0	0.0	0.0	0.0	0.0	1.665110165648452e-13	0.0	0.0	0.0	0.0	0.0	0.0	0.0	0.0	0.0	0.18840598049427607	0.0	0.0	0.0	0.0	0.0	0.0	0.0	0.0	0.0	0.0	0.0	0.0
ACH-000067	18	12680725	G[C>T]A	0.008833425089852413	0.0	0.0	0.0	0.09002448838186884	0.5795601412451798	0.0	0.0	0.0	0.0	0.0	0.0	0.0	0.0019254771411062173	0.0	0.0	0.0	0.0	0.0	0.0	0.0	0.0	0.0	0.0	0.0	0.0	0.0	0.0	0.0	0.0	0.29690168029950187	0.0	0.0	0.0	0.0	0.0	0.0	0.0	0.0	0.0	0.0	0.0	0.0	0.0	0.0	0.0	0.0	0.0	0.0	0.0	0.0	0.0	0.0	0.0	0.0	0.0	0.0	0.0	0.0	0.0	0.0	0.0	0.0	0.0011287029738168372	0.0	0.0	0.0	0.0	0.0	0.0	0.0	0.0	0.0	0.021626084868674064	0.0	0.0	0.0	0.0	0.0	0.0	0.0	0.0	0.0	0.0	0.0	0.0
ACH-000067	18	74593412	C[T>G]C	0.0029674136727874125	0.0	0.0	0.0	0.1505064933848424	0.03415341307042954	0.0	0.0	0.0	0.0	0.0	0.0	0.0	0.042916562063866036	0.0	0.0	0.0	0.0	0.0	0.0	0.0	0.0	0.0	0.0	0.0	0.0	0.0	0.0	0.0	0.0	0.005757002584496205	0.0	0.0	0.0	0.0	0.0	0.0	0.0	0.0	0.0	0.0	0.0	0.0	0.0	0.0	0.0	0.0	0.0	0.0	0.0	0.0	0.0	0.0	0.0	0.0	0.0	0.0	0.0	0.0	0.0	0.0	0.0	0.0	0.6760571634541805	0.0	0.0	0.0	0.0	0.0	0.0	0.0	0.0	0.0	0.08764195176939796	0.0	0.0	0.0	0.0	0.0	0.0	0.0	0.0	0.0	0.0	0.0	0.0
ACH-000067	19	8601235	A[C>T]G	0.24624856314850024	0.0	0.0	0.0	0.009724831887380804	0.25196407666546383	0.0	0.0	0.0	0.0	0.0	0.0	0.0	0.0007446745109325756	0.0	0.0	0.0	0.0	0.0	0.0	0.0	0.0	0.0	0.0	0.0	0.0	0.0	0.0	0.0	0.0	0.01634893777184812	0.0	0.0	0.0	0.0	0.0	0.0	0.0	0.0	0.0	0.0	0.0	0.0	0.0	0.0	0.0	0.0	0.0	0.0	0.0	0.0	0.0	0.0	0.0	0.0	0.0	0.0	0.0	0.0	0.0	0.0	0.0	0.0	0.0005913645975777952	0.0	0.0	0.0	0.0	0.0	0.0	0.0	0.0	0.0	0.4743775514182967	0.0	0.0	0.0	0.0	0.0	0.0	0.0	0.0	0.0	0.0	0.0	0.0
ACH-000067	19	11170778	C[T>C]G	0.0006375892209339954	0.0	0.0	0.0	0.08592401020651946	0.029324226291879946	0.0	0.0	0.0	0.0	0.0	0.0	0.0	0.00011946770418318287	0.0	0.0	0.0	0.0	0.0	0.0	0.0	0.0	0.0	0.0	0.0	0.0	0.0	0.0	0.0	0.0	0.0019146116208448138	0.0	0.0	0.0	0.0	0.0	0.0	0.0	0.0	0.0	0.0	0.0	0.0	0.0	0.0	0.0	0.0	0.0	0.0	0.0	0.0	0.0	0.0	0.0	0.0	0.0	0.0	0.0	0.0	0.0	0.0	0.0	0.0	0.8735259279485404	0.0	0.0	0.0	0.0	0.0	0.0	0.0	0.0	0.0	0.00855416700709814	0.0	0.0	0.0	0.0	0.0	0.0	0.0	0.0	0.0	0.0	0.0	0.0
ACH-000067	19	16528379	A[T>A]C	0.06725798826243871	0.0	0.0	0.0	0.48751170548619766	0.051251646615115096	0.0	0.0	0.0	0.0	0.0	0.0	0.0	0.027099051175367404	0.0	0.0	0.0	0.0	0.0	0.0	0.0	0.0	0.0	0.0	0.0	0.0	0.0	0.0	0.0	0.0	4.657299704466522e-16	0.0	0.0	0.0	0.0	0.0	0.0	0.0	0.0	0.0	0.0	0.0	0.0	0.0	0.0	0.0	0.0	0.0	0.0	0.0	0.0	0.0	0.0	0.0	0.0	0.0	0.0	0.0	0.0	0.0	0.0	0.0	0.0	0.24587240112540995	0.0	0.0	0.0	0.0	0.0	0.0	0.0	0.0	0.0	0.12100720733547082	0.0	0.0	0.0	0.0	0.0	0.0	0.0	0.0	0.0	0.0	0.0	0.0
ACH-000067	19	18699888	A[C>T]T	0.029921776561928487	0.0	0.0	0.0	0.16027188103850848	0.20705131130577148	0.0	0.0	0.0	0.0	0.0	0.0	0.0	0.06603596920293689	0.0	0.0	0.0	0.0	0.0	0.0	0.0	0.0	0.0	0.0	0.0	0.0	0.0	0.0	0.0	0.0	0.3037960633386258	0.0	0.0	0.0	0.0	0.0	0.0	0.0	0.0	0.0	0.0	0.0	0.0	0.0	0.0	0.0	0.0	0.0	0.0	0.0	0.0	0.0	0.0	0.0	0.0	0.0	0.0	0.0	0.0	0.0	0.0	0.0	0.0	0.03982928143111453	0.0	0.0	0.0	0.0	0.0	0.0	0.0	0.0	0.0	0.1930937171211144	0.0	0.0	0.0	0.0	0.0	0.0	0.0	0.0	0.0	0.0	0.0	0.0
ACH-000067	19	35449687	C[T>G]C	0.0029674136727874125	0.0	0.0	0.0	0.1505064933848424	0.03415341307042954	0.0	0.0	0.0	0.0	0.0	0.0	0.0	0.042916562063866036	0.0	0.0	0.0	0.0	0.0	0.0	0.0	0.0	0.0	0.0	0.0	0.0	0.0	0.0	0.0	0.0	0.005757002584496205	0.0	0.0	0.0	0.0	0.0	0.0	0.0	0.0	0.0	0.0	0.0	0.0	0.0	0.0	0.0	0.0	0.0	0.0	0.0	0.0	0.0	0.0	0.0	0.0	0.0	0.0	0.0	0.0	0.0	0.0	0.0	0.0	0.6760571634541805	0.0	0.0	0.0	0.0	0.0	0.0	0.0	0.0	0.0	0.08764195176939796	0.0	0.0	0.0	0.0	0.0	0.0	0.0	0.0	0.0	0.0	0.0	0.0
ACH-000067	19	37117181	A[T>C]A	0.004022545279913143	0.0	0.0	0.0	0.39767607558503854	0.025383041111773814	0.0	0.0	0.0	0.0	0.0	0.0	0.0	0.09199660711759286	0.0	0.0	0.0	0.0	0.0	0.0	0.0	0.0	0.0	0.0	0.0	0.0	0.0	0.0	0.0	0.0	0.009086585868112335	0.0	0.0	0.0	0.0	0.0	0.0	0.0	0.0	0.0	0.0	0.0	0.0	0.0	0.0	0.0	0.0	0.0	0.0	0.0	0.0	0.0	0.0	0.0	0.0	0.0	0.0	0.0	0.0	0.0	0.0	0.0	0.0	0.2753833133337123	0.0	0.0	0.0	0.0	0.0	0.0	0.0	0.0	0.0	0.1964518317038571	0.0	0.0	0.0	0.0	0.0	0.0	0.0	0.0	0.0	0.0	0.0	0.0
ACH-000067	19	39735512	C[C>T]G	0.10782077294888608	0.0	0.0	0.0	0.022454181530241278	0.2088732092288301	0.0	0.0	0.0	0.0	0.0	0.0	0.0	0.005426672227252958	0.0	0.0	0.0	0.0	0.0	0.0	0.0	0.0	0.0	0.0	0.0	0.0	0.0	0.0	0.0	0.0	0.02170835677860561	0.0	0.0	0.0	0.0	0.0	0.0	0.0	0.0	0.0	0.0	0.0	0.0	0.0	0.0	0.0	0.0	0.0	0.0	0.0	0.0	0.0	0.0	0.0	0.0	0.0	0.0	0.0	0.0	0.0	0.0	0.0	0.0	0.03978440714780313	0.0	0.0	0.0	0.0	0.0	0.0	0.0	0.0	0.0	0.5939324001383809	0.0	0.0	0.0	0.0	0.0	0.0	0.0	0.0	0.0	0.0	0.0	0.0
ACH-000067	19	39963888	G[C>T]G	0.21381807824068003	0.0	0.0	0.0	0.028138816360688587	0.5433560040504518	0.0	0.0	0.0	0.0	0.0	0.0	0.0	0.03294913419041502	0.0	0.0	0.0	0.0	0.0	0.0	0.0	0.0	0.0	0.0	0.0	0.0	0.0	0.0	0.0	0.0	0.03352627226956035	0.0	0.0	0.0	0.0	0.0	0.0	0.0	0.0	0.0	0.0	0.0	0.0	0.0	0.0	0.0	0.0	0.0	0.0	0.0	0.0	0.0	0.0	0.0	0.0	0.0	0.0	0.0	0.0	0.0	0.0	0.0	0.0	0.04787418613417582	0.0	0.0	0.0	0.0	0.0	0.0	0.0	0.0	0.0	0.10033750875402844	0.0	0.0	0.0	0.0	0.0	0.0	0.0	0.0	0.0	0.0	0.0	0.0
ACH-000067	19	41281544	C[C>A]G	0.0006443664502753584	0.0	0.0	0.0	0.05580627365731061	0.035510322184753855	0.0	0.0	0.0	0.0	0.0	0.0	0.0	0.0015450045359964245	0.0	0.0	0.0	0.0	0.0	0.0	0.0	0.0	0.0	0.0	0.0	0.0	0.0	0.0	0.0	0.0	0.0024982067303966644	0.0	0.0	0.0	0.0	0.0	0.0	0.0	0.0	0.0	0.0	0.0	0.0	0.0	0.0	0.0	0.0	0.0	0.0	0.0	0.0	0.0	0.0	0.0	0.0	0.0	0.0	0.0	0.0	0.0	0.0	0.0	0.0	0.10479219577217698	0.0	0.0	0.0	0.0	0.0	0.0	0.0	0.0	0.0	0.79920363066909	0.0	0.0	0.0	0.0	0.0	0.0	0.0	0.0	0.0	0.0	0.0	0.0
ACH-000067	19	44669961	A[C>A]A	0.009805653696562265	0.0	0.0	0.0	0.309768350126493	0.014638897204923096	0.0	0.0	0.0	0.0	0.0	0.0	0.0	0.005370303624341187	0.0	0.0	0.0	0.0	0.0	0.0	0.0	0.0	0.0	0.0	0.0	0.0	0.0	0.0	0.0	0.0	0.025681582864463547	0.0	0.0	0.0	0.0	0.0	0.0	0.0	0.0	0.0	0.0	0.0	0.0	0.0	0.0	0.0	0.0	0.0	0.0	0.0	0.0	0.0	0.0	0.0	0.0	0.0	0.0	0.0	0.0	0.0	0.0	0.0	0.0	0.061090957345751346	0.0	0.0	0.0	0.0	0.0	0.0	0.0	0.0	0.0	0.5736442551374655	0.0	0.0	0.0	0.0	0.0	0.0	0.0	0.0	0.0	0.0	0.0	0.0
ACH-000067	19	45974494	A[C>A]G	0.003946205385957014	0.0	0.0	0.0	0.09620375165214698	0.0036061951748271406	0.0	0.0	0.0	0.0	0.0	0.0	0.0	0.003180188601976682	0.0	0.0	0.0	0.0	0.0	0.0	0.0	0.0	0.0	0.0	0.0	0.0	0.0	0.0	0.0	0.0	6.105268616723147e-06	0.0	0.0	0.0	0.0	0.0	0.0	0.0	0.0	0.0	0.0	0.0	0.0	0.0	0.0	0.0	0.0	0.0	0.0	0.0	0.0	0.0	0.0	0.0	0.0	0.0	0.0	0.0	0.0	0.0	0.0	0.0	0.0	0.09343966992376679	0.0	0.0	0.0	0.0	0.0	0.0	0.0	0.0	0.0	0.7996178839927088	0.0	0.0	0.0	0.0	0.0	0.0	0.0	0.0	0.0	0.0	0.0	0.0
ACH-000067	19	47259919	G[C>T]G	0.21381807824068003	0.0	0.0	0.0	0.028138816360688587	0.5433560040504518	0.0	0.0	0.0	0.0	0.0	0.0	0.0	0.03294913419041502	0.0	0.0	0.0	0.0	0.0	0.0	0.0	0.0	0.0	0.0	0.0	0.0	0.0	0.0	0.0	0.0	0.03352627226956035	0.0	0.0	0.0	0.0	0.0	0.0	0.0	0.0	0.0	0.0	0.0	0.0	0.0	0.0	0.0	0.0	0.0	0.0	0.0	0.0	0.0	0.0	0.0	0.0	0.0	0.0	0.0	0.0	0.0	0.0	0.0	0.0	0.04787418613417582	0.0	0.0	0.0	0.0	0.0	0.0	0.0	0.0	0.0	0.10033750875402844	0.0	0.0	0.0	0.0	0.0	0.0	0.0	0.0	0.0	0.0	0.0	0.0
ACH-000067	19	54849277	G[C>T]T	5.761544211960462e-05	0.0	0.0	0.0	0.06510443282263735	0.34748357472143865	0.0	0.0	0.0	0.0	0.0	0.0	0.0	0.12763242010505277	0.0	0.0	0.0	0.0	0.0	0.0	0.0	0.0	0.0	0.0	0.0	0.0	0.0	0.0	0.0	0.0	0.4462321201893026	0.0	0.0	0.0	0.0	0.0	0.0	0.0	0.0	0.0	0.0	0.0	0.0	0.0	0.0	0.0	0.0	0.0	0.0	0.0	0.0	0.0	0.0	0.0	0.0	0.0	0.0	0.0	0.0	0.0	0.0	0.0	0.0	0.0009510787419332858	0.0	0.0	0.0	0.0	0.0	0.0	0.0	0.0	0.0	0.012538757977515845	0.0	0.0	0.0	0.0	0.0	0.0	0.0	0.0	0.0	0.0	0.0	0.0
ACH-000067	19	57743431	T[C>T]G	0.06023938108490008	0.0	0.0	0.0	0.020309430881274005	0.08862733594461802	0.0	0.0	0.0	0.0	0.0	0.0	0.0	0.6380500798717302	0.0	0.0	0.0	0.0	0.0	0.0	0.0	0.0	0.0	0.0	0.0	0.0	0.0	0.0	0.0	0.0	0.004367791723035009	0.0	0.0	0.0	0.0	0.0	0.0	0.0	0.0	0.0	0.0	0.0	0.0	0.0	0.0	0.0	0.0	0.0	0.0	0.0	0.0	0.0	0.0	0.0	0.0	0.0	0.0	0.0	0.0	0.0	0.0	0.0	0.0	1.665110165648452e-13	0.0	0.0	0.0	0.0	0.0	0.0	0.0	0.0	0.0	0.18840598049427607	0.0	0.0	0.0	0.0	0.0	0.0	0.0	0.0	0.0	0.0	0.0	0.0
ACH-000067	20	33513537	A[C>T]T	0.029921776561928487	0.0	0.0	0.0	0.16027188103850848	0.20705131130577148	0.0	0.0	0.0	0.0	0.0	0.0	0.0	0.06603596920293689	0.0	0.0	0.0	0.0	0.0	0.0	0.0	0.0	0.0	0.0	0.0	0.0	0.0	0.0	0.0	0.0	0.3037960633386258	0.0	0.0	0.0	0.0	0.0	0.0	0.0	0.0	0.0	0.0	0.0	0.0	0.0	0.0	0.0	0.0	0.0	0.0	0.0	0.0	0.0	0.0	0.0	0.0	0.0	0.0	0.0	0.0	0.0	0.0	0.0	0.0	0.03982928143111453	0.0	0.0	0.0	0.0	0.0	0.0	0.0	0.0	0.0	0.1930937171211144	0.0	0.0	0.0	0.0	0.0	0.0	0.0	0.0	0.0	0.0	0.0	0.0
ACH-000067	20	42744604	A[C>T]A	0.05909716800717352	0.0	0.0	0.0	0.17974509619003715	0.47158634793108567	0.0	0.0	0.0	0.0	0.0	0.0	0.0	0.003460065082955379	0.0	0.0	0.0	0.0	0.0	0.0	0.0	0.0	0.0	0.0	0.0	0.0	0.0	0.0	0.0	0.0	0.14846611527716297	0.0	0.0	0.0	0.0	0.0	0.0	0.0	0.0	0.0	0.0	0.0	0.0	0.0	0.0	0.0	0.0	0.0	0.0	0.0	0.0	0.0	0.0	0.0	0.0	0.0	0.0	0.0	0.0	0.0	0.0	0.0	0.0	0.008940636725318368	0.0	0.0	0.0	0.0	0.0	0.0	0.0	0.0	0.0	0.12870457078626696	0.0	0.0	0.0	0.0	0.0	0.0	0.0	0.0	0.0	0.0	0.0	0.0
ACH-000067	20	43541469	A[C>T]C	0.016629231017471442	0.0	0.0	0.0	0.10985527067286889	0.1875284144216038	0.0	0.0	0.0	0.0	0.0	0.0	0.0	0.036829847653277556	0.0	0.0	0.0	0.0	0.0	0.0	0.0	0.0	0.0	0.0	0.0	0.0	0.0	0.0	0.0	0.0	0.5915559460918292	0.0	0.0	0.0	0.0	0.0	0.0	0.0	0.0	0.0	0.0	0.0	0.0	0.0	0.0	0.0	0.0	0.0	0.0	0.0	0.0	0.0	0.0	0.0	0.0	0.0	0.0	0.0	0.0	0.0	0.0	0.0	0.0	0.0035570597776016562	0.0	0.0	0.0	0.0	0.0	0.0	0.0	0.0	0.0	0.05404423036534754	0.0	0.0	0.0	0.0	0.0	0.0	0.0	0.0	0.0	0.0	0.0	0.0
ACH-000067	20	44526402	A[T>C]T	0.038272033960162787	0.0	0.0	0.0	0.5956363557966571	0.010417165590890766	0.0	0.0	0.0	0.0	0.0	0.0	0.0	0.002666531290006072	0.0	0.0	0.0	0.0	0.0	0.0	0.0	0.0	0.0	0.0	0.0	0.0	0.0	0.0	0.0	0.0	0.004836170810693141	0.0	0.0	0.0	0.0	0.0	0.0	0.0	0.0	0.0	0.0	0.0	0.0	0.0	0.0	0.0	0.0	0.0	0.0	0.0	0.0	0.0	0.0	0.0	0.0	0.0	0.0	0.0	0.0	0.0	0.0	0.0	0.0	0.13341708555610907	0.0	0.0	0.0	0.0	0.0	0.0	0.0	0.0	0.0	0.21475465699548105	0.0	0.0	0.0	0.0	0.0	0.0	0.0	0.0	0.0	0.0	0.0	0.0
ACH-000067	20	58519277	G[T>C]G	0.0030824696742914174	0.0	0.0	0.0	0.0921758084929421	0.02008887111001483	0.0	0.0	0.0	0.0	0.0	0.0	0.0	0.009693432469209676	0.0	0.0	0.0	0.0	0.0	0.0	0.0	0.0	0.0	0.0	0.0	0.0	0.0	0.0	0.0	0.0	3.424357530096224e-17	0.0	0.0	0.0	0.0	0.0	0.0	0.0	0.0	0.0	0.0	0.0	0.0	0.0	0.0	0.0	0.0	0.0	0.0	0.0	0.0	0.0	0.0	0.0	0.0	0.0	0.0	0.0	0.0	0.0	0.0	0.0	0.0	0.8146636656896773	0.0	0.0	0.0	0.0	0.0	0.0	0.0	0.0	0.0	0.060295752563864706	0.0	0.0	0.0	0.0	0.0	0.0	0.0	0.0	0.0	0.0	0.0	0.0
ACH-000067	20	62839401	C[T>C]T	0.0002646123598607093	0.0	0.0	0.0	0.21591198100103134	0.02455600490953518	0.0	0.0	0.0	0.0	0.0	0.0	0.0	0.013499603289547395	0.0	0.0	0.0	0.0	0.0	0.0	0.0	0.0	0.0	0.0	0.0	0.0	0.0	0.0	0.0	0.0	0.000812678804736529	0.0	0.0	0.0	0.0	0.0	0.0	0.0	0.0	0.0	0.0	0.0	0.0	0.0	0.0	0.0	0.0	0.0	0.0	0.0	0.0	0.0	0.0	0.0	0.0	0.0	0.0	0.0	0.0	0.0	0.0	0.0	0.0	0.4270807889024249	0.0	0.0	0.0	0.0	0.0	0.0	0.0	0.0	0.0	0.31787433073286403	0.0	0.0	0.0	0.0	0.0	0.0	0.0	0.0	0.0	0.0	0.0	0.0
ACH-000067	20	62839407	C[T>C]T	0.0002646123598607093	0.0	0.0	0.0	0.21591198100103134	0.02455600490953518	0.0	0.0	0.0	0.0	0.0	0.0	0.0	0.013499603289547395	0.0	0.0	0.0	0.0	0.0	0.0	0.0	0.0	0.0	0.0	0.0	0.0	0.0	0.0	0.0	0.0	0.000812678804736529	0.0	0.0	0.0	0.0	0.0	0.0	0.0	0.0	0.0	0.0	0.0	0.0	0.0	0.0	0.0	0.0	0.0	0.0	0.0	0.0	0.0	0.0	0.0	0.0	0.0	0.0	0.0	0.0	0.0	0.0	0.0	0.0	0.4270807889024249	0.0	0.0	0.0	0.0	0.0	0.0	0.0	0.0	0.0	0.31787433073286403	0.0	0.0	0.0	0.0	0.0	0.0	0.0	0.0	0.0	0.0	0.0	0.0
ACH-000067	20	62839416	C[C>T]T	0.00033686381127272913	0.0	0.0	0.0	0.09260248844201363	0.07381651141050204	0.0	0.0	0.0	0.0	0.0	0.0	0.0	0.0027264692229691458	0.0	0.0	0.0	0.0	0.0	0.0	0.0	0.0	0.0	0.0	0.0	0.0	0.0	0.0	0.0	0.0	0.7451002577119897	0.0	0.0	0.0	0.0	0.0	0.0	0.0	0.0	0.0	0.0	0.0	0.0	0.0	0.0	0.0	0.0	0.0	0.0	0.0	0.0	0.0	0.0	0.0	0.0	0.0	0.0	0.0	0.0	0.0	0.0	0.0	0.0	0.016294905505334804	0.0	0.0	0.0	0.0	0.0	0.0	0.0	0.0	0.0	0.06912250389591769	0.0	0.0	0.0	0.0	0.0	0.0	0.0	0.0	0.0	0.0	0.0	0.0
ACH-000067	21	18919433	G[C>T]G	0.21381807824068003	0.0	0.0	0.0	0.028138816360688587	0.5433560040504518	0.0	0.0	0.0	0.0	0.0	0.0	0.0	0.03294913419041502	0.0	0.0	0.0	0.0	0.0	0.0	0.0	0.0	0.0	0.0	0.0	0.0	0.0	0.0	0.0	0.0	0.03352627226956035	0.0	0.0	0.0	0.0	0.0	0.0	0.0	0.0	0.0	0.0	0.0	0.0	0.0	0.0	0.0	0.0	0.0	0.0	0.0	0.0	0.0	0.0	0.0	0.0	0.0	0.0	0.0	0.0	0.0	0.0	0.0	0.0	0.04787418613417582	0.0	0.0	0.0	0.0	0.0	0.0	0.0	0.0	0.0	0.10033750875402844	0.0	0.0	0.0	0.0	0.0	0.0	0.0	0.0	0.0	0.0	0.0	0.0
ACH-000067	21	30332005	T[C>T]T	4.061659762603299e-16	0.0	0.0	0.0	0.08922938725519922	0.03963049706206042	0.0	0.0	0.0	0.0	0.0	0.0	0.0	0.6216862935672445	0.0	0.0	0.0	0.0	0.0	0.0	0.0	0.0	0.0	0.0	0.0	0.0	0.0	0.0	0.0	0.0	0.13314467774384262	0.0	0.0	0.0	0.0	0.0	0.0	0.0	0.0	0.0	0.0	0.0	0.0	0.0	0.0	0.0	0.0	0.0	0.0	0.0	0.0	0.0	0.0	0.0	0.0	0.0	0.0	0.0	0.0	0.0	0.0	0.0	0.0	0.0010986712755464755	0.0	0.0	0.0	0.0	0.0	0.0	0.0	0.0	0.0	0.11521047309610642	0.0	0.0	0.0	0.0	0.0	0.0	0.0	0.0	0.0	0.0	0.0	0.0
ACH-000067	22	17578722	T[T>C]T	0.0352139673002023	0.0	0.0	0.0	0.3509228168731615	0.04404055216060754	0.0	0.0	0.0	0.0	0.0	0.0	0.0	0.0005442424223719946	0.0	0.0	0.0	0.0	0.0	0.0	0.0	0.0	0.0	0.0	0.0	0.0	0.0	0.0	0.0	0.0	1.6533260838989877e-16	0.0	0.0	0.0	0.0	0.0	0.0	0.0	0.0	0.0	0.0	0.0	0.0	0.0	0.0	0.0	0.0	0.0	0.0	0.0	0.0	0.0	0.0	0.0	0.0	0.0	0.0	0.0	0.0	0.0	0.0	0.0	0.0	0.25978686556055375	0.0	0.0	0.0	0.0	0.0	0.0	0.0	0.0	0.0	0.3094915556831027	0.0	0.0	0.0	0.0	0.0	0.0	0.0	0.0	0.0	0.0	0.0	0.0
ACH-000067	22	18314626	C[T>C]G	0.0006375892209339954	0.0	0.0	0.0	0.08592401020651946	0.029324226291879946	0.0	0.0	0.0	0.0	0.0	0.0	0.0	0.00011946770418318287	0.0	0.0	0.0	0.0	0.0	0.0	0.0	0.0	0.0	0.0	0.0	0.0	0.0	0.0	0.0	0.0	0.0019146116208448138	0.0	0.0	0.0	0.0	0.0	0.0	0.0	0.0	0.0	0.0	0.0	0.0	0.0	0.0	0.0	0.0	0.0	0.0	0.0	0.0	0.0	0.0	0.0	0.0	0.0	0.0	0.0	0.0	0.0	0.0	0.0	0.0	0.8735259279485404	0.0	0.0	0.0	0.0	0.0	0.0	0.0	0.0	0.0	0.00855416700709814	0.0	0.0	0.0	0.0	0.0	0.0	0.0	0.0	0.0	0.0	0.0	0.0
ACH-000067	22	22899323	A[C>T]G	0.24624856314850024	0.0	0.0	0.0	0.009724831887380804	0.25196407666546383	0.0	0.0	0.0	0.0	0.0	0.0	0.0	0.0007446745109325756	0.0	0.0	0.0	0.0	0.0	0.0	0.0	0.0	0.0	0.0	0.0	0.0	0.0	0.0	0.0	0.0	0.01634893777184812	0.0	0.0	0.0	0.0	0.0	0.0	0.0	0.0	0.0	0.0	0.0	0.0	0.0	0.0	0.0	0.0	0.0	0.0	0.0	0.0	0.0	0.0	0.0	0.0	0.0	0.0	0.0	0.0	0.0	0.0	0.0	0.0	0.0005913645975777952	0.0	0.0	0.0	0.0	0.0	0.0	0.0	0.0	0.0	0.4743775514182967	0.0	0.0	0.0	0.0	0.0	0.0	0.0	0.0	0.0	0.0	0.0	0.0
ACH-000067	22	32233058	C[C>T]G	0.10782077294888608	0.0	0.0	0.0	0.022454181530241278	0.2088732092288301	0.0	0.0	0.0	0.0	0.0	0.0	0.0	0.005426672227252958	0.0	0.0	0.0	0.0	0.0	0.0	0.0	0.0	0.0	0.0	0.0	0.0	0.0	0.0	0.0	0.0	0.02170835677860561	0.0	0.0	0.0	0.0	0.0	0.0	0.0	0.0	0.0	0.0	0.0	0.0	0.0	0.0	0.0	0.0	0.0	0.0	0.0	0.0	0.0	0.0	0.0	0.0	0.0	0.0	0.0	0.0	0.0	0.0	0.0	0.0	0.03978440714780313	0.0	0.0	0.0	0.0	0.0	0.0	0.0	0.0	0.0	0.5939324001383809	0.0	0.0	0.0	0.0	0.0	0.0	0.0	0.0	0.0	0.0	0.0	0.0
ACH-000067	22	42523549	G[C>T]C	0.0001016510320675231	0.0	0.0	0.0	0.05519598718734552	0.3784778499907924	0.0	0.0	0.0	0.0	0.0	0.0	0.0	0.0441065843635584	0.0	0.0	0.0	0.0	0.0	0.0	0.0	0.0	0.0	0.0	0.0	0.0	0.0	0.0	0.0	0.0	0.4688715834224752	0.0	0.0	0.0	0.0	0.0	0.0	0.0	0.0	0.0	0.0	0.0	0.0	0.0	0.0	0.0	0.0	0.0	0.0	0.0	0.0	0.0	0.0	0.0	0.0	0.0	0.0	0.0	0.0	0.0	0.0	0.0	0.0	0.036676876229623394	0.0	0.0	0.0	0.0	0.0	0.0	0.0	0.0	0.0	0.016569467774137606	0.0	0.0	0.0	0.0	0.0	0.0	0.0	0.0	0.0	0.0	0.0	0.0
ACH-000067	22	43442501	T[T>C]G	0.001512278797428842	0.0	0.0	0.0	0.10768493694259303	0.024098760046491082	0.0	0.0	0.0	0.0	0.0	0.0	0.0	0.006474416417421194	0.0	0.0	0.0	0.0	0.0	0.0	0.0	0.0	0.0	0.0	0.0	0.0	0.0	0.0	0.0	0.0	0.0030509664781600307	0.0	0.0	0.0	0.0	0.0	0.0	0.0	0.0	0.0	0.0	0.0	0.0	0.0	0.0	0.0	0.0	0.0	0.0	0.0	0.0	0.0	0.0	0.0	0.0	0.0	0.0	0.0	0.0	0.0	0.0	0.0	0.0	0.8212412965807244	0.0	0.0	0.0	0.0	0.0	0.0	0.0	0.0	0.0	0.035937344737181263	0.0	0.0	0.0	0.0	0.0	0.0	0.0	0.0	0.0	0.0	0.0	0.0
ACH-000067	MT	15817	A[T>C]A	0.004022545279913143	0.0	0.0	0.0	0.39767607558503854	0.025383041111773814	0.0	0.0	0.0	0.0	0.0	0.0	0.0	0.09199660711759286	0.0	0.0	0.0	0.0	0.0	0.0	0.0	0.0	0.0	0.0	0.0	0.0	0.0	0.0	0.0	0.0	0.009086585868112335	0.0	0.0	0.0	0.0	0.0	0.0	0.0	0.0	0.0	0.0	0.0	0.0	0.0	0.0	0.0	0.0	0.0	0.0	0.0	0.0	0.0	0.0	0.0	0.0	0.0	0.0	0.0	0.0	0.0	0.0	0.0	0.0	0.2753833133337123	0.0	0.0	0.0	0.0	0.0	0.0	0.0	0.0	0.0	0.1964518317038571	0.0	0.0	0.0	0.0	0.0	0.0	0.0	0.0	0.0	0.0	0.0	0.0
ACH-000067	X	47426176	T[C>G]C	0.005523120690679977	0.0	0.0	0.0	0.4822974821214398	0.009568495791020348	0.0	0.0	0.0	0.0	0.0	0.0	0.0	1.610397884553747e-14	0.0	0.0	0.0	0.0	0.0	0.0	0.0	0.0	0.0	0.0	0.0	0.0	0.0	0.0	0.0	0.0	0.020112367386355915	0.0	0.0	0.0	0.0	0.0	0.0	0.0	0.0	0.0	0.0	0.0	0.0	0.0	0.0	0.0	0.0	0.0	0.0	0.0	0.0	0.0	0.0	0.0	0.0	0.0	0.0	0.0	0.0	0.0	0.0	0.0	0.0	0.03594674664460258	0.0	0.0	0.0	0.0	0.0	0.0	0.0	0.0	0.0	0.44655178736588513	0.0	0.0	0.0	0.0	0.0	0.0	0.0	0.0	0.0	0.0	0.0	0.0
ACH-000067	X	54777560	G[C>T]C	0.0001016510320675231	0.0	0.0	0.0	0.05519598718734552	0.3784778499907924	0.0	0.0	0.0	0.0	0.0	0.0	0.0	0.0441065843635584	0.0	0.0	0.0	0.0	0.0	0.0	0.0	0.0	0.0	0.0	0.0	0.0	0.0	0.0	0.0	0.0	0.4688715834224752	0.0	0.0	0.0	0.0	0.0	0.0	0.0	0.0	0.0	0.0	0.0	0.0	0.0	0.0	0.0	0.0	0.0	0.0	0.0	0.0	0.0	0.0	0.0	0.0	0.0	0.0	0.0	0.0	0.0	0.0	0.0	0.0	0.036676876229623394	0.0	0.0	0.0	0.0	0.0	0.0	0.0	0.0	0.0	0.016569467774137606	0.0	0.0	0.0	0.0	0.0	0.0	0.0	0.0	0.0	0.0	0.0	0.0
ACH-000067	X	57620195	G[C>A]A	0.018836537461043818	0.0	0.0	0.0	0.2836332356636345	0.015843398981171035	0.0	0.0	0.0	0.0	0.0	0.0	0.0	0.023235241887342196	0.0	0.0	0.0	0.0	0.0	0.0	0.0	0.0	0.0	0.0	0.0	0.0	0.0	0.0	0.0	0.0	0.011165193710003655	0.0	0.0	0.0	0.0	0.0	0.0	0.0	0.0	0.0	0.0	0.0	0.0	0.0	0.0	0.0	0.0	0.0	0.0	0.0	0.0	0.0	0.0	0.0	0.0	0.0	0.0	0.0	0.0	0.0	0.0	0.0	0.0	0.15812174144915375	0.0	0.0	0.0	0.0	0.0	0.0	0.0	0.0	0.0	0.4891646508476511	0.0	0.0	0.0	0.0	0.0	0.0	0.0	0.0	0.0	0.0	0.0	0.0
ACH-000067	X	72667221	T[C>T]G	0.06023938108490008	0.0	0.0	0.0	0.020309430881274005	0.08862733594461802	0.0	0.0	0.0	0.0	0.0	0.0	0.0	0.6380500798717302	0.0	0.0	0.0	0.0	0.0	0.0	0.0	0.0	0.0	0.0	0.0	0.0	0.0	0.0	0.0	0.0	0.004367791723035009	0.0	0.0	0.0	0.0	0.0	0.0	0.0	0.0	0.0	0.0	0.0	0.0	0.0	0.0	0.0	0.0	0.0	0.0	0.0	0.0	0.0	0.0	0.0	0.0	0.0	0.0	0.0	0.0	0.0	0.0	0.0	0.0	1.665110165648452e-13	0.0	0.0	0.0	0.0	0.0	0.0	0.0	0.0	0.0	0.18840598049427607	0.0	0.0	0.0	0.0	0.0	0.0	0.0	0.0	0.0	0.0	0.0	0.0
ACH-000067	X	100611215	G[C>A]A	0.018836537461043818	0.0	0.0	0.0	0.2836332356636345	0.015843398981171035	0.0	0.0	0.0	0.0	0.0	0.0	0.0	0.023235241887342196	0.0	0.0	0.0	0.0	0.0	0.0	0.0	0.0	0.0	0.0	0.0	0.0	0.0	0.0	0.0	0.0	0.011165193710003655	0.0	0.0	0.0	0.0	0.0	0.0	0.0	0.0	0.0	0.0	0.0	0.0	0.0	0.0	0.0	0.0	0.0	0.0	0.0	0.0	0.0	0.0	0.0	0.0	0.0	0.0	0.0	0.0	0.0	0.0	0.0	0.0	0.15812174144915375	0.0	0.0	0.0	0.0	0.0	0.0	0.0	0.0	0.0	0.4891646508476511	0.0	0.0	0.0	0.0	0.0	0.0	0.0	0.0	0.0	0.0	0.0	0.0
