Sample Names	Chr	Pos	MutationType	SBS1	SBS2	SBS3	SBS4	SBS5	SBS6	SBS7a	SBS7b	SBS7c	SBS7d	SBS8	SBS9	SBS10a	SBS10b	SBS10c	SBS10d	SBS11	SBS12	SBS13	SBS14	SBS15	SBS16	SBS17a	SBS17b	SBS18	SBS19	SBS20	SBS21	SBS22a	SBS22b	SBS23	SBS24	SBS25	SBS26	SBS27	SBS28	SBS29	SBS30	SBS31	SBS32	SBS33	SBS34	SBS35	SBS36	SBS37	SBS38	SBS39	SBS40a	SBS40b	SBS40c	SBS41	SBS42	SBS43	SBS44	SBS45	SBS46	SBS47	SBS48	SBS49	SBS50	SBS51	SBS52	SBS53	SBS54	SBS55	SBS56	SBS57	SBS58	SBS59	SBS60	SBS84	SBS85	SBS86	SBS87	SBS88	SBS89	SBS90	SBS91	SBS92	SBS93	SBS94	SBS95	SBS96	SBS97	SBS98	SBS99
ACH-002358	1	12337746	A[C>T]G	0.35459437149252204	0.0	0.0	0.0	0.04037406560248141	0.1696322937698636	0.0	0.0	0.0	0.0	0.0	0.0	0.0	0.0	0.0	0.0	0.0	0.0	0.0	0.0	0.0	0.0	0.0	0.0	0.0	0.0	0.0	0.0	0.0	0.0	0.0	0.0011350943118997672	0.0	0.0	0.0	0.0	0.0	0.0	0.0	0.0	0.0	0.0	0.0	0.0	0.0	0.0	0.0	0.0	0.0	0.0	0.0	0.0	0.0	0.0	0.0	0.0	0.0	0.0	0.0	0.0	0.0	0.0	0.0	0.0	0.0	0.0	0.0	0.0	0.0	0.0	0.0	0.0	0.0	0.42992107368177696	0.0	0.0	0.0	0.0	0.0	0.0	0.0	0.0	0.0	0.004343101141456336	0.0	0.0
ACH-002358	1	26665812	G[C>A]A	0.006543044538756531	0.0	0.0	0.0	0.28405220938118325	0.002572994972555941	0.0	0.0	0.0	0.0	0.0	0.0	0.0	0.0	0.0	0.0	0.0	0.0	0.0	0.0	0.0	0.0	0.0	0.0	0.0	0.0	0.0	0.0	0.0	0.0	0.0	0.5855222333218633	0.0	0.0	0.0	0.0	0.0	0.0	0.0	0.0	0.0	0.0	0.0	0.0	0.0	0.0	0.0	0.0	0.0	0.0	0.0	0.0	0.0	0.0	0.0	0.0	0.0	0.0	0.0	0.0	0.0	0.0	0.0	0.0	0.0	0.0	0.0	0.0	0.0	0.0	0.0	0.0	0.0	0.10694003955833575	0.0	0.0	0.0	0.0	0.0	0.0	0.0	0.0	0.0	0.014369478227305145	0.0	0.0
ACH-002358	1	29520689	C[C>G]A	0.00029653781563146437	0.0	0.0	0.0	0.5760026057922175	0.0007355838082204867	0.0	0.0	0.0	0.0	0.0	0.0	0.0	0.0	0.0	0.0	0.0	0.0	0.0	0.0	0.0	0.0	0.0	0.0	0.0	0.0	0.0	0.0	0.0	0.0	0.0	0.07301477476791247	0.0	0.0	0.0	0.0	0.0	0.0	0.0	0.0	0.0	0.0	0.0	0.0	0.0	0.0	0.0	0.0	0.0	0.0	0.0	0.0	0.0	0.0	0.0	0.0	0.0	0.0	0.0	0.0	0.0	0.0	0.0	0.0	0.0	0.0	0.0	0.0	0.0	0.0	0.0	0.0	0.0	0.30271971743773973	0.0	0.0	0.0	0.0	0.0	0.0	0.0	0.0	0.0	0.047230780378278193	0.0	0.0
ACH-002358	1	38078514	C[C>T]G	0.15846023976160256	0.0	0.0	0.0	0.09514311068042741	0.14351998586173106	0.0	0.0	0.0	0.0	0.0	0.0	0.0	0.0	0.0	0.0	0.0	0.0	0.0	0.0	0.0	0.0	0.0	0.0	0.0	0.0	0.0	0.0	0.0	0.0	0.0	0.01166992400160553	0.0	0.0	0.0	0.0	0.0	0.0	0.0	0.0	0.0	0.0	0.0	0.0	0.0	0.0	0.0	0.0	0.0	0.0	0.0	0.0	0.0	0.0	0.0	0.0	0.0	0.0	0.0	0.0	0.0	0.0	0.0	0.0	0.0	0.0	0.0	0.0	0.0	0.0	0.0	0.0	0.0	0.5493654682977224	0.0	0.0	0.0	0.0	0.0	0.0	0.0	0.0	0.0	0.04184127139691097	0.0	0.0
ACH-002358	1	46500806	A[C>T]G	0.35459437149252204	0.0	0.0	0.0	0.04037406560248141	0.1696322937698636	0.0	0.0	0.0	0.0	0.0	0.0	0.0	0.0	0.0	0.0	0.0	0.0	0.0	0.0	0.0	0.0	0.0	0.0	0.0	0.0	0.0	0.0	0.0	0.0	0.0	0.0011350943118997672	0.0	0.0	0.0	0.0	0.0	0.0	0.0	0.0	0.0	0.0	0.0	0.0	0.0	0.0	0.0	0.0	0.0	0.0	0.0	0.0	0.0	0.0	0.0	0.0	0.0	0.0	0.0	0.0	0.0	0.0	0.0	0.0	0.0	0.0	0.0	0.0	0.0	0.0	0.0	0.0	0.0	0.42992107368177696	0.0	0.0	0.0	0.0	0.0	0.0	0.0	0.0	0.0	0.004343101141456336	0.0	0.0
ACH-002358	1	54518842	G[C>A]T	1.2498416852337816e-15	0.0	0.0	0.0	0.2570908877633283	0.010032760969479977	0.0	0.0	0.0	0.0	0.0	0.0	0.0	0.0	0.0	0.0	0.0	0.0	0.0	0.0	0.0	0.0	0.0	0.0	0.0	0.0	0.0	0.0	0.0	0.0	0.0	0.6931962724841817	0.0	0.0	0.0	0.0	0.0	0.0	0.0	0.0	0.0	0.0	0.0	0.0	0.0	0.0	0.0	0.0	0.0	0.0	0.0	0.0	0.0	0.0	0.0	0.0	0.0	0.0	0.0	0.0	0.0	0.0	0.0	0.0	0.0	0.0	0.0	0.0	0.0	0.0	0.0	0.0	0.0	0.021756192416419903	0.0	0.0	0.0	0.0	0.0	0.0	0.0	0.0	0.0	0.017923886366588947	0.0	0.0
ACH-002358	1	55050457	G[C>T]C	0.00022101727353746105	0.0	0.0	0.0	0.3460064376719744	0.38473940437864423	0.0	0.0	0.0	0.0	0.0	0.0	0.0	0.0	0.0	0.0	0.0	0.0	0.0	0.0	0.0	0.0	0.0	0.0	0.0	0.0	0.0	0.0	0.0	0.0	0.0	0.23662839389409573	0.0	0.0	0.0	0.0	0.0	0.0	0.0	0.0	0.0	0.0	0.0	0.0	0.0	0.0	0.0	0.0	0.0	0.0	0.0	0.0	0.0	0.0	0.0	0.0	0.0	0.0	0.0	0.0	0.0	0.0	0.0	0.0	0.0	0.0	0.0	0.0	0.0	0.0	0.0	0.0	0.0	0.02267406855825224	0.0	0.0	0.0	0.0	0.0	0.0	0.0	0.0	0.0	0.009730678223495928	0.0	0.0
ACH-002358	1	65311238	A[T>C]T	0.019244048129281117	0.0	0.0	0.0	0.8634920395819125	0.0024489292271179363	0.0	0.0	0.0	0.0	0.0	0.0	0.0	0.0	0.0	0.0	0.0	0.0	0.0	0.0	0.0	0.0	0.0	0.0	0.0	0.0	0.0	0.0	0.0	0.0	0.0	0.018595348827253857	0.0	0.0	0.0	0.0	0.0	0.0	0.0	0.0	0.0	0.0	0.0	0.0	0.0	0.0	0.0	0.0	0.0	0.0	0.0	0.0	0.0	0.0	0.0	0.0	0.0	0.0	0.0	0.0	0.0	0.0	0.0	0.0	0.0	0.0	0.0	0.0	0.0	0.0	0.0	0.0	0.0	0.06796165611886891	0.0	0.0	0.0	0.0	0.0	0.0	0.0	0.0	0.0	0.028257978115565893	0.0	0.0
ACH-002358	1	119925651	G[C>G]A	0.0001973895934503569	0.0	0.0	0.0	0.6478935634745177	0.0005808107859227489	0.0	0.0	0.0	0.0	0.0	0.0	0.0	0.0	0.0	0.0	0.0	0.0	0.0	0.0	0.0	0.0	0.0	0.0	0.0	0.0	0.0	0.0	0.0	0.0	0.0	0.12728630229595567	0.0	0.0	0.0	0.0	0.0	0.0	0.0	0.0	0.0	0.0	0.0	0.0	0.0	0.0	0.0	0.0	0.0	0.0	0.0	0.0	0.0	0.0	0.0	0.0	0.0	0.0	0.0	0.0	0.0	0.0	0.0	0.0	0.0	0.0	0.0	0.0	0.0	0.0	0.0	0.0	0.0	0.19591780694334854	0.0	0.0	0.0	0.0	0.0	0.0	0.0	0.0	0.0	0.028124126906804943	0.0	0.0
ACH-002358	1	150298329	T[C>T]G	0.20806022807990054	0.0	0.0	0.0	0.20224070566480665	0.14311595063620094	0.0	0.0	0.0	0.0	0.0	0.0	0.0	0.0	0.0	0.0	0.0	0.0	0.0	0.0	0.0	0.0	0.0	0.0	0.0	0.0	0.0	0.0	0.0	0.0	0.0	0.01156587943251439	0.0	0.0	0.0	0.0	0.0	0.0	0.0	0.0	0.0	0.0	0.0	0.0	0.0	0.0	0.0	0.0	0.0	0.0	0.0	0.0	0.0	0.0	0.0	0.0	0.0	0.0	0.0	0.0	0.0	0.0	0.0	0.0	0.0	0.0	0.0	0.0	0.0	0.0	0.0	0.0	0.0	0.40955263584258306	0.0	0.0	0.0	0.0	0.0	0.0	0.0	0.0	0.0	0.02546460034399431	0.0	0.0
ACH-002358	1	158063467	T[C>T]G	0.20806022807990054	0.0	0.0	0.0	0.20224070566480665	0.14311595063620094	0.0	0.0	0.0	0.0	0.0	0.0	0.0	0.0	0.0	0.0	0.0	0.0	0.0	0.0	0.0	0.0	0.0	0.0	0.0	0.0	0.0	0.0	0.0	0.0	0.0	0.01156587943251439	0.0	0.0	0.0	0.0	0.0	0.0	0.0	0.0	0.0	0.0	0.0	0.0	0.0	0.0	0.0	0.0	0.0	0.0	0.0	0.0	0.0	0.0	0.0	0.0	0.0	0.0	0.0	0.0	0.0	0.0	0.0	0.0	0.0	0.0	0.0	0.0	0.0	0.0	0.0	0.0	0.0	0.40955263584258306	0.0	0.0	0.0	0.0	0.0	0.0	0.0	0.0	0.0	0.02546460034399431	0.0	0.0
ACH-002358	1	160769695	T[T>C]G	0.004051808853874467	0.0	0.0	0.0	0.8318294522593458	0.030187250513751426	0.0	0.0	0.0	0.0	0.0	0.0	0.0	0.0	0.0	0.0	0.0	0.0	0.0	0.0	0.0	0.0	0.0	0.0	0.0	0.0	0.0	0.0	0.0	0.0	0.0	0.04494501346667689	0.0	0.0	0.0	0.0	0.0	0.0	0.0	0.0	0.0	0.0	0.0	0.0	0.0	0.0	0.0	0.0	0.0	0.0	0.0	0.0	0.0	0.0	0.0	0.0	0.0	0.0	0.0	0.0	0.0	0.0	0.0	0.0	0.0	0.0	0.0	0.0	0.0	0.0	0.0	0.0	0.0	0.06059957014076334	0.0	0.0	0.0	0.0	0.0	0.0	0.0	0.0	0.0	0.028386904765588205	0.0	0.0
ACH-002358	1	222923293	A[T>C]C	0.026388883639838143	0.0	0.0	0.0	0.7822173373219037	0.01427297157552361	0.0	0.0	0.0	0.0	0.0	0.0	0.0	0.0	0.0	0.0	0.0	0.0	0.0	0.0	0.0	0.0	0.0	0.0	0.0	0.0	0.0	0.0	0.0	0.0	0.0	0.04301641360328931	0.0	0.0	0.0	0.0	0.0	0.0	0.0	0.0	0.0	0.0	0.0	0.0	0.0	0.0	0.0	0.0	0.0	0.0	0.0	0.0	0.0	0.0	0.0	0.0	0.0	0.0	0.0	0.0	0.0	0.0	0.0	0.0	0.0	0.0	0.0	0.0	0.0	0.0	0.0	0.0	0.0	0.0984352737956638	0.0	0.0	0.0	0.0	0.0	0.0	0.0	0.0	0.0	0.03566912006378161	0.0	0.0
ACH-002358	1	230914838	C[C>T]A	0.0029878697450457826	0.0	0.0	0.0	0.19489850323971533	0.029563711016509613	0.0	0.0	0.0	0.0	0.0	0.0	0.0	0.0	0.0	0.0	0.0	0.0	0.0	0.0	0.0	0.0	0.0	0.0	0.0	0.0	0.0	0.0	0.0	0.0	0.0	0.018270232259127696	0.0	0.0	0.0	0.0	0.0	0.0	0.0	0.0	0.0	0.0	0.0	0.0	0.0	0.0	0.0	0.0	0.0	0.0	0.0	0.0	0.0	0.0	0.0	0.0	0.0	0.0	0.0	0.0	0.0	0.0	0.0	0.0	0.0	0.0	0.0	0.0	0.0	0.0	0.0	0.0	0.0	0.0455333218438446	0.0	0.0	0.0	0.0	0.0	0.0	0.0	0.0	0.0	0.708746361895757	0.0	0.0
ACH-002358	1	235826245	C[C>T]G	0.15846023976160256	0.0	0.0	0.0	0.09514311068042741	0.14351998586173106	0.0	0.0	0.0	0.0	0.0	0.0	0.0	0.0	0.0	0.0	0.0	0.0	0.0	0.0	0.0	0.0	0.0	0.0	0.0	0.0	0.0	0.0	0.0	0.0	0.0	0.01166992400160553	0.0	0.0	0.0	0.0	0.0	0.0	0.0	0.0	0.0	0.0	0.0	0.0	0.0	0.0	0.0	0.0	0.0	0.0	0.0	0.0	0.0	0.0	0.0	0.0	0.0	0.0	0.0	0.0	0.0	0.0	0.0	0.0	0.0	0.0	0.0	0.0	0.0	0.0	0.0	0.0	0.0	0.5493654682977224	0.0	0.0	0.0	0.0	0.0	0.0	0.0	0.0	0.0	0.04184127139691097	0.0	0.0
ACH-002358	2	21229158	G[T>A]C	0.0032004014856560395	0.0	0.0	0.0	0.4854924534455712	0.01765271205721837	0.0	0.0	0.0	0.0	0.0	0.0	0.0	0.0	0.0	0.0	0.0	0.0	0.0	0.0	0.0	0.0	0.0	0.0	0.0	0.0	0.0	0.0	0.0	0.0	0.0	0.1325294334163251	0.0	0.0	0.0	0.0	0.0	0.0	0.0	0.0	0.0	0.0	0.0	0.0	0.0	0.0	0.0	0.0	0.0	0.0	0.0	0.0	0.0	0.0	0.0	0.0	0.0	0.0	0.0	0.0	0.0	0.0	0.0	0.0	0.0	0.0	0.0	0.0	0.0	0.0	0.0	0.0	0.0	0.3065868324398296	0.0	0.0	0.0	0.0	0.0	0.0	0.0	0.0	0.0	0.054538167155399685	0.0	0.0
ACH-002358	2	26407551	A[C>T]G	0.35459437149252204	0.0	0.0	0.0	0.04037406560248141	0.1696322937698636	0.0	0.0	0.0	0.0	0.0	0.0	0.0	0.0	0.0	0.0	0.0	0.0	0.0	0.0	0.0	0.0	0.0	0.0	0.0	0.0	0.0	0.0	0.0	0.0	0.0	0.0011350943118997672	0.0	0.0	0.0	0.0	0.0	0.0	0.0	0.0	0.0	0.0	0.0	0.0	0.0	0.0	0.0	0.0	0.0	0.0	0.0	0.0	0.0	0.0	0.0	0.0	0.0	0.0	0.0	0.0	0.0	0.0	0.0	0.0	0.0	0.0	0.0	0.0	0.0	0.0	0.0	0.0	0.0	0.42992107368177696	0.0	0.0	0.0	0.0	0.0	0.0	0.0	0.0	0.0	0.004343101141456336	0.0	0.0
ACH-002358	2	80530129	G[C>T]T	0.00013212790753571916	0.0	0.0	0.0	0.43045570440161596	0.3725647094104595	0.0	0.0	0.0	0.0	0.0	0.0	0.0	0.0	0.0	0.0	0.0	0.0	0.0	0.0	0.0	0.0	0.0	0.0	0.0	0.0	0.0	0.0	0.0	0.0	0.0	0.15880586617117148	0.0	0.0	0.0	0.0	0.0	0.0	0.0	0.0	0.0	0.0	0.0	0.0	0.0	0.0	0.0	0.0	0.0	0.0	0.0	0.0	0.0	0.0	0.0	0.0	0.0	0.0	0.0	0.0	0.0	0.0	0.0	0.0	0.0	0.0	0.0	0.0	0.0	0.0	0.0	0.0	0.0	0.018097419359507944	0.0	0.0	0.0	0.0	0.0	0.0	0.0	0.0	0.0	0.019944172749709315	0.0	0.0
ACH-002358	2	98375497	A[T>C]C	0.026388883639838143	0.0	0.0	0.0	0.7822173373219037	0.01427297157552361	0.0	0.0	0.0	0.0	0.0	0.0	0.0	0.0	0.0	0.0	0.0	0.0	0.0	0.0	0.0	0.0	0.0	0.0	0.0	0.0	0.0	0.0	0.0	0.0	0.0	0.04301641360328931	0.0	0.0	0.0	0.0	0.0	0.0	0.0	0.0	0.0	0.0	0.0	0.0	0.0	0.0	0.0	0.0	0.0	0.0	0.0	0.0	0.0	0.0	0.0	0.0	0.0	0.0	0.0	0.0	0.0	0.0	0.0	0.0	0.0	0.0	0.0	0.0	0.0	0.0	0.0	0.0	0.0	0.0984352737956638	0.0	0.0	0.0	0.0	0.0	0.0	0.0	0.0	0.0	0.03566912006378161	0.0	0.0
ACH-002358	2	105924525	C[C>A]G	0.0006821121311251269	0.0	0.0	0.0	0.1703209719618288	0.017574753458215027	0.0	0.0	0.0	0.0	0.0	0.0	0.0	0.0	0.0	0.0	0.0	0.0	0.0	0.0	0.0	0.0	0.0	0.0	0.0	0.0	0.0	0.0	0.0	0.0	0.0	0.2662361426661714	0.0	0.0	0.0	0.0	0.0	0.0	0.0	0.0	0.0	0.0	0.0	0.0	0.0	0.0	0.0	0.0	0.0	0.0	0.0	0.0	0.0	0.0	0.0	0.0	0.0	0.0	0.0	0.0	0.0	0.0	0.0	0.0	0.0	0.0	0.0	0.0	0.0	0.0	0.0	0.0	0.0	0.5324597369176013	0.0	0.0	0.0	0.0	0.0	0.0	0.0	0.0	0.0	0.012726282865058367	0.0	0.0
ACH-002358	2	170592134	A[C>A]T	0.01042742255933874	0.0	0.0	0.0	0.3621125839246276	0.0021336765779697707	0.0	0.0	0.0	0.0	0.0	0.0	0.0	0.0	0.0	0.0	0.0	0.0	0.0	0.0	0.0	0.0	0.0	0.0	0.0	0.0	0.0	0.0	0.0	0.0	0.0	0.4073988938196833	0.0	0.0	0.0	0.0	0.0	0.0	0.0	0.0	0.0	0.0	0.0	0.0	0.0	0.0	0.0	0.0	0.0	0.0	0.0	0.0	0.0	0.0	0.0	0.0	0.0	0.0	0.0	0.0	0.0	0.0	0.0	0.0	0.0	0.0	0.0	0.0	0.0	0.0	0.0	0.0	0.0	0.14683096555252295	0.0	0.0	0.0	0.0	0.0	0.0	0.0	0.0	0.0	0.07109645756585752	0.0	0.0
ACH-002358	2	189922052	G[T>G]G	0.006000095426522942	0.0	0.0	0.0	0.6145108888116176	0.0068741197568511145	0.0	0.0	0.0	0.0	0.0	0.0	0.0	0.0	0.0	0.0	0.0	0.0	0.0	0.0	0.0	0.0	0.0	0.0	0.0	0.0	0.0	0.0	0.0	0.0	0.0	0.12267413952731099	0.0	0.0	0.0	0.0	0.0	0.0	0.0	0.0	0.0	0.0	0.0	0.0	0.0	0.0	0.0	0.0	0.0	0.0	0.0	0.0	0.0	0.0	0.0	0.0	0.0	0.0	0.0	0.0	0.0	0.0	0.0	0.0	0.0	0.0	0.0	0.0	0.0	0.0	0.0	0.0	0.0	0.2028813136867865	0.0	0.0	0.0	0.0	0.0	0.0	0.0	0.0	0.0	0.04705944279091093	0.0	0.0
ACH-002358	2	213872652	C[T>C]G	0.00219033185145895	0.0	0.0	0.0	0.8510317044881466	0.04709852324477335	0.0	0.0	0.0	0.0	0.0	0.0	0.0	0.0	0.0	0.0	0.0	0.0	0.0	0.0	0.0	0.0	0.0	0.0	0.0	0.0	0.0	0.0	0.0	0.0	0.0	0.058364650506917054	0.0	0.0	0.0	0.0	0.0	0.0	0.0	0.0	0.0	0.0	0.0	0.0	0.0	0.0	0.0	0.0	0.0	0.0	0.0	0.0	0.0	0.0	0.0	0.0	0.0	0.0	0.0	0.0	0.0	0.0	0.0	0.0	0.0	0.0	0.0	0.0	0.0	0.0	0.0	0.0	0.0	0.018494949477118928	0.0	0.0	0.0	0.0	0.0	0.0	0.0	0.0	0.0	0.022819840431585206	0.0	0.0
ACH-002358	2	223161883	T[T>C]A	0.001536359625069141	0.0	0.0	0.0	0.7292908552959778	0.01297486957707362	0.0	0.0	0.0	0.0	0.0	0.0	0.0	0.0	0.0	0.0	0.0	0.0	0.0	0.0	0.0	0.0	0.0	0.0	0.0	0.0	0.0	0.0	0.0	0.0	0.0	0.019995669906020218	0.0	0.0	0.0	0.0	0.0	0.0	0.0	0.0	0.0	0.0	0.0	0.0	0.0	0.0	0.0	0.0	0.0	0.0	0.0	0.0	0.0	0.0	0.0	0.0	0.0	0.0	0.0	0.0	0.0	0.0	0.0	0.0	0.0	0.0	0.0	0.0	0.0	0.0	0.0	0.0	0.0	0.2139888433269752	0.0	0.0	0.0	0.0	0.0	0.0	0.0	0.0	0.0	0.022213402268883947	0.0	0.0
ACH-002358	2	228176548	A[T>C]T	0.019244048129281117	0.0	0.0	0.0	0.8634920395819125	0.0024489292271179363	0.0	0.0	0.0	0.0	0.0	0.0	0.0	0.0	0.0	0.0	0.0	0.0	0.0	0.0	0.0	0.0	0.0	0.0	0.0	0.0	0.0	0.0	0.0	0.0	0.0	0.018595348827253857	0.0	0.0	0.0	0.0	0.0	0.0	0.0	0.0	0.0	0.0	0.0	0.0	0.0	0.0	0.0	0.0	0.0	0.0	0.0	0.0	0.0	0.0	0.0	0.0	0.0	0.0	0.0	0.0	0.0	0.0	0.0	0.0	0.0	0.0	0.0	0.0	0.0	0.0	0.0	0.0	0.0	0.06796165611886891	0.0	0.0	0.0	0.0	0.0	0.0	0.0	0.0	0.0	0.028257978115565893	0.0	0.0
ACH-002358	3	33416788	C[C>T]G	0.15846023976160256	0.0	0.0	0.0	0.09514311068042741	0.14351998586173106	0.0	0.0	0.0	0.0	0.0	0.0	0.0	0.0	0.0	0.0	0.0	0.0	0.0	0.0	0.0	0.0	0.0	0.0	0.0	0.0	0.0	0.0	0.0	0.0	0.0	0.01166992400160553	0.0	0.0	0.0	0.0	0.0	0.0	0.0	0.0	0.0	0.0	0.0	0.0	0.0	0.0	0.0	0.0	0.0	0.0	0.0	0.0	0.0	0.0	0.0	0.0	0.0	0.0	0.0	0.0	0.0	0.0	0.0	0.0	0.0	0.0	0.0	0.0	0.0	0.0	0.0	0.0	0.0	0.5493654682977224	0.0	0.0	0.0	0.0	0.0	0.0	0.0	0.0	0.0	0.04184127139691097	0.0	0.0
ACH-002358	3	38595835	G[C>T]G	0.3180790340011077	0.0	0.0	0.0	0.12068650105020011	0.3779086806324685	0.0	0.0	0.0	0.0	0.0	0.0	0.0	0.0	0.0	0.0	0.0	0.0	0.0	0.0	0.0	0.0	0.0	0.0	0.0	0.0	0.0	0.0	0.0	0.0	0.0	0.08424464683494828	0.0	0.0	0.0	0.0	0.0	0.0	0.0	0.0	0.0	0.0	0.0	0.0	0.0	0.0	0.0	0.0	0.0	0.0	0.0	0.0	0.0	0.0	0.0	0.0	0.0	0.0	0.0	0.0	0.0	0.0	0.0	0.0	0.0	0.0	0.0	0.0	0.0	0.0	0.0	0.0	0.0	0.09394213104074971	0.0	0.0	0.0	0.0	0.0	0.0	0.0	0.0	0.0	0.005139006440525784	0.0	0.0
ACH-002358	3	45127196	A[T>C]G	0.00038022994274303896	0.0	0.0	0.0	0.9214635555201723	0.02213063863615946	0.0	0.0	0.0	0.0	0.0	0.0	0.0	0.0	0.0	0.0	0.0	0.0	0.0	0.0	0.0	0.0	0.0	0.0	0.0	0.0	0.0	0.0	0.0	0.0	0.0	0.014351010158355965	0.0	0.0	0.0	0.0	0.0	0.0	0.0	0.0	0.0	0.0	0.0	0.0	0.0	0.0	0.0	0.0	0.0	0.0	0.0	0.0	0.0	0.0	0.0	0.0	0.0	0.0	0.0	0.0	0.0	0.0	0.0	0.0	0.0	0.0	0.0	0.0	0.0	0.0	0.0	0.0	0.0	0.012692252717194485	0.0	0.0	0.0	0.0	0.0	0.0	0.0	0.0	0.0	0.028982313025374577	0.0	0.0
ACH-002358	3	46021205	A[T>C]A	0.002914942023390768	0.0	0.0	0.0	0.8308463063814359	0.008599721929293714	0.0	0.0	0.0	0.0	0.0	0.0	0.0	0.0	0.0	0.0	0.0	0.0	0.0	0.0	0.0	0.0	0.0	0.0	0.0	0.0	0.0	0.0	0.0	0.0	0.0	0.03890573952816367	0.0	0.0	0.0	0.0	0.0	0.0	0.0	0.0	0.0	0.0	0.0	0.0	0.0	0.0	0.0	0.0	0.0	0.0	0.0	0.0	0.0	0.0	0.0	0.0	0.0	0.0	0.0	0.0	0.0	0.0	0.0	0.0	0.0	0.0	0.0	0.0	0.0	0.0	0.0	0.0	0.0	0.08959660101100397	0.0	0.0	0.0	0.0	0.0	0.0	0.0	0.0	0.0	0.02913668912671197	0.0	0.0
ACH-002358	3	101395628	G[C>A]C	0.0009307907773072273	0.0	0.0	0.0	0.14125021447043823	0.003647638898391508	0.0	0.0	0.0	0.0	0.0	0.0	0.0	0.0	0.0	0.0	0.0	0.0	0.0	0.0	0.0	0.0	0.0	0.0	0.0	0.0	0.0	0.0	0.0	0.0	0.0	0.7989004311890534	0.0	0.0	0.0	0.0	0.0	0.0	0.0	0.0	0.0	0.0	0.0	0.0	0.0	0.0	0.0	0.0	0.0	0.0	0.0	0.0	0.0	0.0	0.0	0.0	0.0	0.0	0.0	0.0	0.0	0.0	0.0	0.0	0.0	0.0	0.0	0.0	0.0	0.0	0.0	0.0	0.0	0.04657847092921167	0.0	0.0	0.0	0.0	0.0	0.0	0.0	0.0	0.0	0.008692453735597896	0.0	0.0
ACH-002358	3	123457762	G[C>T]G	0.3180790340011077	0.0	0.0	0.0	0.12068650105020011	0.3779086806324685	0.0	0.0	0.0	0.0	0.0	0.0	0.0	0.0	0.0	0.0	0.0	0.0	0.0	0.0	0.0	0.0	0.0	0.0	0.0	0.0	0.0	0.0	0.0	0.0	0.0	0.08424464683494828	0.0	0.0	0.0	0.0	0.0	0.0	0.0	0.0	0.0	0.0	0.0	0.0	0.0	0.0	0.0	0.0	0.0	0.0	0.0	0.0	0.0	0.0	0.0	0.0	0.0	0.0	0.0	0.0	0.0	0.0	0.0	0.0	0.0	0.0	0.0	0.0	0.0	0.0	0.0	0.0	0.0	0.09394213104074971	0.0	0.0	0.0	0.0	0.0	0.0	0.0	0.0	0.0	0.005139006440525784	0.0	0.0
ACH-002358	3	124351427	A[C>T]A	0.061418918529302445	0.0	0.0	0.0	0.5385856718422619	0.22914400275193456	0.0	0.0	0.0	0.0	0.0	0.0	0.0	0.0	0.0	0.0	0.0	0.0	0.0	0.0	0.0	0.0	0.0	0.0	0.0	0.0	0.0	0.0	0.0	0.0	0.0	0.06589829768347771	0.0	0.0	0.0	0.0	0.0	0.0	0.0	0.0	0.0	0.0	0.0	0.0	0.0	0.0	0.0	0.0	0.0	0.0	0.0	0.0	0.0	0.0	0.0	0.0	0.0	0.0	0.0	0.0	0.0	0.0	0.0	0.0	0.0	0.0	0.0	0.0	0.0	0.0	0.0	0.0	0.0	0.08418523684953455	0.0	0.0	0.0	0.0	0.0	0.0	0.0	0.0	0.0	0.020767872343488904	0.0	0.0
ACH-002358	3	130735035	A[T>A]C	0.03799077448602746	0.0	0.0	0.0	0.7939288272384332	0.013534863265825156	0.0	0.0	0.0	0.0	0.0	0.0	0.0	0.0	0.0	0.0	0.0	0.0	0.0	0.0	0.0	0.0	0.0	0.0	0.0	0.0	0.0	0.0	0.0	0.0	0.0	0.08713362901683278	0.0	0.0	0.0	0.0	0.0	0.0	0.0	0.0	0.0	0.0	0.0	0.0	0.0	0.0	0.0	0.0	0.0	0.0	0.0	0.0	0.0	0.0	0.0	0.0	0.0	0.0	0.0	0.0	0.0	0.0	0.0	0.0	0.0	0.0	0.0	0.0	0.0	0.0	0.0	0.0	0.0	0.04301817523261293	0.0	0.0	0.0	0.0	0.0	0.0	0.0	0.0	0.0	0.024393730760268448	0.0	0.0
ACH-002358	3	134851754	A[C>T]G	0.35459437149252204	0.0	0.0	0.0	0.04037406560248141	0.1696322937698636	0.0	0.0	0.0	0.0	0.0	0.0	0.0	0.0	0.0	0.0	0.0	0.0	0.0	0.0	0.0	0.0	0.0	0.0	0.0	0.0	0.0	0.0	0.0	0.0	0.0	0.0011350943118997672	0.0	0.0	0.0	0.0	0.0	0.0	0.0	0.0	0.0	0.0	0.0	0.0	0.0	0.0	0.0	0.0	0.0	0.0	0.0	0.0	0.0	0.0	0.0	0.0	0.0	0.0	0.0	0.0	0.0	0.0	0.0	0.0	0.0	0.0	0.0	0.0	0.0	0.0	0.0	0.0	0.0	0.42992107368177696	0.0	0.0	0.0	0.0	0.0	0.0	0.0	0.0	0.0	0.004343101141456336	0.0	0.0
ACH-002358	3	138341170	T[T>C]T	0.02536916648965012	0.0	0.0	0.0	0.7288952130853869	0.014833914548519662	0.0	0.0	0.0	0.0	0.0	0.0	0.0	0.0	0.0	0.0	0.0	0.0	0.0	0.0	0.0	0.0	0.0	0.0	0.0	0.0	0.0	0.0	0.0	0.0	0.0	0.048878110625358115	0.0	0.0	0.0	0.0	0.0	0.0	0.0	0.0	0.0	0.0	0.0	0.0	0.0	0.0	0.0	0.0	0.0	0.0	0.0	0.0	0.0	0.0	0.0	0.0	0.0	0.0	0.0	0.0	0.0	0.0	0.0	0.0	0.0	0.0	0.0	0.0	0.0	0.0	0.0	0.0	0.0	0.14032870518378726	0.0	0.0	0.0	0.0	0.0	0.0	0.0	0.0	0.0	0.04169489006729793	0.0	0.0
ACH-002358	3	194146124	G[T>G]G	0.006000095426522942	0.0	0.0	0.0	0.6145108888116176	0.0068741197568511145	0.0	0.0	0.0	0.0	0.0	0.0	0.0	0.0	0.0	0.0	0.0	0.0	0.0	0.0	0.0	0.0	0.0	0.0	0.0	0.0	0.0	0.0	0.0	0.0	0.0	0.12267413952731099	0.0	0.0	0.0	0.0	0.0	0.0	0.0	0.0	0.0	0.0	0.0	0.0	0.0	0.0	0.0	0.0	0.0	0.0	0.0	0.0	0.0	0.0	0.0	0.0	0.0	0.0	0.0	0.0	0.0	0.0	0.0	0.0	0.0	0.0	0.0	0.0	0.0	0.0	0.0	0.0	0.0	0.2028813136867865	0.0	0.0	0.0	0.0	0.0	0.0	0.0	0.0	0.0	0.04705944279091093	0.0	0.0
ACH-002358	3	195510749	G[C>A]G	0.0029744626602408353	0.0	0.0	0.0	0.07973729645180622	0.0026322514069364463	0.0	0.0	0.0	0.0	0.0	0.0	0.0	0.0	0.0	0.0	0.0	0.0	0.0	0.0	0.0	0.0	0.0	0.0	0.0	0.0	0.0	0.0	0.0	0.0	0.0	0.7590774136269202	0.0	0.0	0.0	0.0	0.0	0.0	0.0	0.0	0.0	0.0	0.0	0.0	0.0	0.0	0.0	0.0	0.0	0.0	0.0	0.0	0.0	0.0	0.0	0.0	0.0	0.0	0.0	0.0	0.0	0.0	0.0	0.0	0.0	0.0	0.0	0.0	0.0	0.0	0.0	0.0	0.0	0.15268730601851124	0.0	0.0	0.0	0.0	0.0	0.0	0.0	0.0	0.0	0.002891269835585024	0.0	0.0
ACH-002358	4	1161267	G[C>T]A	0.012639921576773273	0.0	0.0	0.0	0.37139680228992034	0.38772654405978263	0.0	0.0	0.0	0.0	0.0	0.0	0.0	0.0	0.0	0.0	0.0	0.0	0.0	0.0	0.0	0.0	0.0	0.0	0.0	0.0	0.0	0.0	0.0	0.0	0.0	0.19349181518415084	0.0	0.0	0.0	0.0	0.0	0.0	0.0	0.0	0.0	0.0	0.0	0.0	0.0	0.0	0.0	0.0	0.0	0.0	0.0	0.0	0.0	0.0	0.0	0.0	0.0	0.0	0.0	0.0	0.0	0.0	0.0	0.0	0.0	0.0	0.0	0.0	0.0	0.0	0.0	0.0	0.0	0.01947599363479082	0.0	0.0	0.0	0.0	0.0	0.0	0.0	0.0	0.0	0.015268923254582062	0.0	0.0
ACH-002358	4	6279252	G[C>G]G	0.004371104683603428	0.0	0.0	0.0	0.26738458719335334	8.501342775363656e-15	0.0	0.0	0.0	0.0	0.0	0.0	0.0	0.0	0.0	0.0	0.0	0.0	0.0	0.0	0.0	0.0	0.0	0.0	0.0	0.0	0.0	0.0	0.0	0.0	0.0	0.18795075919827	0.0	0.0	0.0	0.0	0.0	0.0	0.0	0.0	0.0	0.0	0.0	0.0	0.0	0.0	0.0	0.0	0.0	0.0	0.0	0.0	0.0	0.0	0.0	0.0	0.0	0.0	0.0	0.0	0.0	0.0	0.0	0.0	0.0	0.0	0.0	0.0	0.0	0.0	0.0	0.0	0.0	0.522284014309833	0.0	0.0	0.0	0.0	0.0	0.0	0.0	0.0	0.0	0.018009534614931825	0.0	0.0
ACH-002358	4	6925581	C[C>T]G	0.15846023976160256	0.0	0.0	0.0	0.09514311068042741	0.14351998586173106	0.0	0.0	0.0	0.0	0.0	0.0	0.0	0.0	0.0	0.0	0.0	0.0	0.0	0.0	0.0	0.0	0.0	0.0	0.0	0.0	0.0	0.0	0.0	0.0	0.0	0.01166992400160553	0.0	0.0	0.0	0.0	0.0	0.0	0.0	0.0	0.0	0.0	0.0	0.0	0.0	0.0	0.0	0.0	0.0	0.0	0.0	0.0	0.0	0.0	0.0	0.0	0.0	0.0	0.0	0.0	0.0	0.0	0.0	0.0	0.0	0.0	0.0	0.0	0.0	0.0	0.0	0.0	0.0	0.5493654682977224	0.0	0.0	0.0	0.0	0.0	0.0	0.0	0.0	0.0	0.04184127139691097	0.0	0.0
ACH-002358	4	57796983	T[C>T]T	9.234209428846229e-16	0.0	0.0	0.0	0.584879418812395	0.04212476338627661	0.0	0.0	0.0	0.0	0.0	0.0	0.0	0.0	0.0	0.0	0.0	0.0	0.0	0.0	0.0	0.0	0.0	0.0	0.0	0.0	0.0	0.0	0.0	0.0	0.0	0.04434278284653012	0.0	0.0	0.0	0.0	0.0	0.0	0.0	0.0	0.0	0.0	0.0	0.0	0.0	0.0	0.0	0.0	0.0	0.0	0.0	0.0	0.0	0.0	0.0	0.0	0.0	0.0	0.0	0.0	0.0	0.0	0.0	0.0	0.0	0.0	0.0	0.0	0.0	0.0	0.0	0.0	0.0	0.16485214840383564	0.0	0.0	0.0	0.0	0.0	0.0	0.0	0.0	0.0	0.16380088655096176	0.0	0.0
ACH-002358	4	87694020	A[T>C]A	0.002914942023390768	0.0	0.0	0.0	0.8308463063814359	0.008599721929293714	0.0	0.0	0.0	0.0	0.0	0.0	0.0	0.0	0.0	0.0	0.0	0.0	0.0	0.0	0.0	0.0	0.0	0.0	0.0	0.0	0.0	0.0	0.0	0.0	0.0	0.03890573952816367	0.0	0.0	0.0	0.0	0.0	0.0	0.0	0.0	0.0	0.0	0.0	0.0	0.0	0.0	0.0	0.0	0.0	0.0	0.0	0.0	0.0	0.0	0.0	0.0	0.0	0.0	0.0	0.0	0.0	0.0	0.0	0.0	0.0	0.0	0.0	0.0	0.0	0.0	0.0	0.0	0.0	0.08959660101100397	0.0	0.0	0.0	0.0	0.0	0.0	0.0	0.0	0.0	0.02913668912671197	0.0	0.0
ACH-002358	4	88584137	G[C>A]A	0.006543044538756531	0.0	0.0	0.0	0.28405220938118325	0.002572994972555941	0.0	0.0	0.0	0.0	0.0	0.0	0.0	0.0	0.0	0.0	0.0	0.0	0.0	0.0	0.0	0.0	0.0	0.0	0.0	0.0	0.0	0.0	0.0	0.0	0.0	0.5855222333218633	0.0	0.0	0.0	0.0	0.0	0.0	0.0	0.0	0.0	0.0	0.0	0.0	0.0	0.0	0.0	0.0	0.0	0.0	0.0	0.0	0.0	0.0	0.0	0.0	0.0	0.0	0.0	0.0	0.0	0.0	0.0	0.0	0.0	0.0	0.0	0.0	0.0	0.0	0.0	0.0	0.0	0.10694003955833575	0.0	0.0	0.0	0.0	0.0	0.0	0.0	0.0	0.0	0.014369478227305145	0.0	0.0
ACH-002358	4	90844418	G[T>A]C	0.0032004014856560395	0.0	0.0	0.0	0.4854924534455712	0.01765271205721837	0.0	0.0	0.0	0.0	0.0	0.0	0.0	0.0	0.0	0.0	0.0	0.0	0.0	0.0	0.0	0.0	0.0	0.0	0.0	0.0	0.0	0.0	0.0	0.0	0.0	0.1325294334163251	0.0	0.0	0.0	0.0	0.0	0.0	0.0	0.0	0.0	0.0	0.0	0.0	0.0	0.0	0.0	0.0	0.0	0.0	0.0	0.0	0.0	0.0	0.0	0.0	0.0	0.0	0.0	0.0	0.0	0.0	0.0	0.0	0.0	0.0	0.0	0.0	0.0	0.0	0.0	0.0	0.0	0.3065868324398296	0.0	0.0	0.0	0.0	0.0	0.0	0.0	0.0	0.0	0.054538167155399685	0.0	0.0
ACH-002358	4	144127232	T[T>C]G	0.004051808853874467	0.0	0.0	0.0	0.8318294522593458	0.030187250513751426	0.0	0.0	0.0	0.0	0.0	0.0	0.0	0.0	0.0	0.0	0.0	0.0	0.0	0.0	0.0	0.0	0.0	0.0	0.0	0.0	0.0	0.0	0.0	0.0	0.0	0.04494501346667689	0.0	0.0	0.0	0.0	0.0	0.0	0.0	0.0	0.0	0.0	0.0	0.0	0.0	0.0	0.0	0.0	0.0	0.0	0.0	0.0	0.0	0.0	0.0	0.0	0.0	0.0	0.0	0.0	0.0	0.0	0.0	0.0	0.0	0.0	0.0	0.0	0.0	0.0	0.0	0.0	0.0	0.06059957014076334	0.0	0.0	0.0	0.0	0.0	0.0	0.0	0.0	0.0	0.028386904765588205	0.0	0.0
ACH-002358	4	156711016	A[T>C]G	0.00038022994274303896	0.0	0.0	0.0	0.9214635555201723	0.02213063863615946	0.0	0.0	0.0	0.0	0.0	0.0	0.0	0.0	0.0	0.0	0.0	0.0	0.0	0.0	0.0	0.0	0.0	0.0	0.0	0.0	0.0	0.0	0.0	0.0	0.0	0.014351010158355965	0.0	0.0	0.0	0.0	0.0	0.0	0.0	0.0	0.0	0.0	0.0	0.0	0.0	0.0	0.0	0.0	0.0	0.0	0.0	0.0	0.0	0.0	0.0	0.0	0.0	0.0	0.0	0.0	0.0	0.0	0.0	0.0	0.0	0.0	0.0	0.0	0.0	0.0	0.0	0.0	0.0	0.012692252717194485	0.0	0.0	0.0	0.0	0.0	0.0	0.0	0.0	0.0	0.028982313025374577	0.0	0.0
ACH-002358	4	187122395	A[C>T]G	0.35459437149252204	0.0	0.0	0.0	0.04037406560248141	0.1696322937698636	0.0	0.0	0.0	0.0	0.0	0.0	0.0	0.0	0.0	0.0	0.0	0.0	0.0	0.0	0.0	0.0	0.0	0.0	0.0	0.0	0.0	0.0	0.0	0.0	0.0	0.0011350943118997672	0.0	0.0	0.0	0.0	0.0	0.0	0.0	0.0	0.0	0.0	0.0	0.0	0.0	0.0	0.0	0.0	0.0	0.0	0.0	0.0	0.0	0.0	0.0	0.0	0.0	0.0	0.0	0.0	0.0	0.0	0.0	0.0	0.0	0.0	0.0	0.0	0.0	0.0	0.0	0.0	0.0	0.42992107368177696	0.0	0.0	0.0	0.0	0.0	0.0	0.0	0.0	0.0	0.004343101141456336	0.0	0.0
ACH-002358	5	36241689	G[T>G]G	0.006000095426522942	0.0	0.0	0.0	0.6145108888116176	0.0068741197568511145	0.0	0.0	0.0	0.0	0.0	0.0	0.0	0.0	0.0	0.0	0.0	0.0	0.0	0.0	0.0	0.0	0.0	0.0	0.0	0.0	0.0	0.0	0.0	0.0	0.0	0.12267413952731099	0.0	0.0	0.0	0.0	0.0	0.0	0.0	0.0	0.0	0.0	0.0	0.0	0.0	0.0	0.0	0.0	0.0	0.0	0.0	0.0	0.0	0.0	0.0	0.0	0.0	0.0	0.0	0.0	0.0	0.0	0.0	0.0	0.0	0.0	0.0	0.0	0.0	0.0	0.0	0.0	0.0	0.2028813136867865	0.0	0.0	0.0	0.0	0.0	0.0	0.0	0.0	0.0	0.04705944279091093	0.0	0.0
ACH-002358	5	41018797	T[T>G]T	1.7658038548792419e-15	0.0	0.0	0.0	0.7189911838906005	0.011639234561850061	0.0	0.0	0.0	0.0	0.0	0.0	0.0	0.0	0.0	0.0	0.0	0.0	0.0	0.0	0.0	0.0	0.0	0.0	0.0	0.0	0.0	0.0	0.0	0.0	0.0	0.07129186513801683	0.0	0.0	0.0	0.0	0.0	0.0	0.0	0.0	0.0	0.0	0.0	0.0	0.0	0.0	0.0	0.0	0.0	0.0	0.0	0.0	0.0	0.0	0.0	0.0	0.0	0.0	0.0	0.0	0.0	0.0	0.0	0.0	0.0	0.0	0.0	0.0	0.0	0.0	0.0	0.0	0.0	0.17998575945777576	0.0	0.0	0.0	0.0	0.0	0.0	0.0	0.0	0.0	0.018091956951755007	0.0	0.0
ACH-002358	5	93856483	A[T>G]G	0.0038154551352713585	0.0	0.0	0.0	0.7601625141481388	0.0022165843367376067	0.0	0.0	0.0	0.0	0.0	0.0	0.0	0.0	0.0	0.0	0.0	0.0	0.0	0.0	0.0	0.0	0.0	0.0	0.0	0.0	0.0	0.0	0.0	0.0	0.0	0.06666656797605056	0.0	0.0	0.0	0.0	0.0	0.0	0.0	0.0	0.0	0.0	0.0	0.0	0.0	0.0	0.0	0.0	0.0	0.0	0.0	0.0	0.0	0.0	0.0	0.0	0.0	0.0	0.0	0.0	0.0	0.0	0.0	0.0	0.0	0.0	0.0	0.0	0.0	0.0	0.0	0.0	0.0	0.13912193583720864	0.0	0.0	0.0	0.0	0.0	0.0	0.0	0.0	0.0	0.028016942566593074	0.0	0.0
ACH-002358	5	98194057	A[T>A]A	0.008356387711829448	0.0	0.0	0.0	0.5183940917638098	0.0014932493338302175	0.0	0.0	0.0	0.0	0.0	0.0	0.0	0.0	0.0	0.0	0.0	0.0	0.0	0.0	0.0	0.0	0.0	0.0	0.0	0.0	0.0	0.0	0.0	0.0	0.0	0.03751594319945372	0.0	0.0	0.0	0.0	0.0	0.0	0.0	0.0	0.0	0.0	0.0	0.0	0.0	0.0	0.0	0.0	0.0	0.0	0.0	0.0	0.0	0.0	0.0	0.0	0.0	0.0	0.0	0.0	0.0	0.0	0.0	0.0	0.0	0.0	0.0	0.0	0.0	0.0	0.0	0.0	0.0	0.3758585286466688	0.0	0.0	0.0	0.0	0.0	0.0	0.0	0.0	0.0	0.0583817993444081	0.0	0.0
ACH-002358	5	128320951	T[C>G]A	3.389407738249435e-15	0.0	0.0	0.0	0.798402989556555	0.0010987594918287608	0.0	0.0	0.0	0.0	0.0	0.0	0.0	0.0	0.0	0.0	0.0	0.0	0.0	0.0	0.0	0.0	0.0	0.0	0.0	0.0	0.0	0.0	0.0	0.0	0.0	0.12958581115493173	0.0	0.0	0.0	0.0	0.0	0.0	0.0	0.0	0.0	0.0	0.0	0.0	0.0	0.0	0.0	0.0	0.0	0.0	0.0	0.0	0.0	0.0	0.0	0.0	0.0	0.0	0.0	0.0	0.0	0.0	0.0	0.0	0.0	0.0	0.0	0.0	0.0	0.0	0.0	0.0	0.0	0.03534694915119166	0.0	0.0	0.0	0.0	0.0	0.0	0.0	0.0	0.0	0.03556549064548945	0.0	0.0
ACH-002358	5	145493792	C[C>T]G	0.15846023976160256	0.0	0.0	0.0	0.09514311068042741	0.14351998586173106	0.0	0.0	0.0	0.0	0.0	0.0	0.0	0.0	0.0	0.0	0.0	0.0	0.0	0.0	0.0	0.0	0.0	0.0	0.0	0.0	0.0	0.0	0.0	0.0	0.0	0.01166992400160553	0.0	0.0	0.0	0.0	0.0	0.0	0.0	0.0	0.0	0.0	0.0	0.0	0.0	0.0	0.0	0.0	0.0	0.0	0.0	0.0	0.0	0.0	0.0	0.0	0.0	0.0	0.0	0.0	0.0	0.0	0.0	0.0	0.0	0.0	0.0	0.0	0.0	0.0	0.0	0.0	0.0	0.5493654682977224	0.0	0.0	0.0	0.0	0.0	0.0	0.0	0.0	0.0	0.04184127139691097	0.0	0.0
ACH-002358	5	151239374	C[C>T]G	0.15846023976160256	0.0	0.0	0.0	0.09514311068042741	0.14351998586173106	0.0	0.0	0.0	0.0	0.0	0.0	0.0	0.0	0.0	0.0	0.0	0.0	0.0	0.0	0.0	0.0	0.0	0.0	0.0	0.0	0.0	0.0	0.0	0.0	0.0	0.01166992400160553	0.0	0.0	0.0	0.0	0.0	0.0	0.0	0.0	0.0	0.0	0.0	0.0	0.0	0.0	0.0	0.0	0.0	0.0	0.0	0.0	0.0	0.0	0.0	0.0	0.0	0.0	0.0	0.0	0.0	0.0	0.0	0.0	0.0	0.0	0.0	0.0	0.0	0.0	0.0	0.0	0.0	0.5493654682977224	0.0	0.0	0.0	0.0	0.0	0.0	0.0	0.0	0.0	0.04184127139691097	0.0	0.0
ACH-002358	5	172537625	A[T>A]A	0.008356387711829448	0.0	0.0	0.0	0.5183940917638098	0.0014932493338302175	0.0	0.0	0.0	0.0	0.0	0.0	0.0	0.0	0.0	0.0	0.0	0.0	0.0	0.0	0.0	0.0	0.0	0.0	0.0	0.0	0.0	0.0	0.0	0.0	0.0	0.03751594319945372	0.0	0.0	0.0	0.0	0.0	0.0	0.0	0.0	0.0	0.0	0.0	0.0	0.0	0.0	0.0	0.0	0.0	0.0	0.0	0.0	0.0	0.0	0.0	0.0	0.0	0.0	0.0	0.0	0.0	0.0	0.0	0.0	0.0	0.0	0.0	0.0	0.0	0.0	0.0	0.0	0.0	0.3758585286466688	0.0	0.0	0.0	0.0	0.0	0.0	0.0	0.0	0.0	0.0583817993444081	0.0	0.0
ACH-002358	5	179195882	G[C>T]C	0.00022101727353746105	0.0	0.0	0.0	0.3460064376719744	0.38473940437864423	0.0	0.0	0.0	0.0	0.0	0.0	0.0	0.0	0.0	0.0	0.0	0.0	0.0	0.0	0.0	0.0	0.0	0.0	0.0	0.0	0.0	0.0	0.0	0.0	0.0	0.23662839389409573	0.0	0.0	0.0	0.0	0.0	0.0	0.0	0.0	0.0	0.0	0.0	0.0	0.0	0.0	0.0	0.0	0.0	0.0	0.0	0.0	0.0	0.0	0.0	0.0	0.0	0.0	0.0	0.0	0.0	0.0	0.0	0.0	0.0	0.0	0.0	0.0	0.0	0.0	0.0	0.0	0.0	0.02267406855825224	0.0	0.0	0.0	0.0	0.0	0.0	0.0	0.0	0.0	0.009730678223495928	0.0	0.0
ACH-002358	6	7542265	T[C>A]C	0.012430545947465295	0.0	0.0	0.0	0.30298010874236847	0.0035603055115048746	0.0	0.0	0.0	0.0	0.0	0.0	0.0	0.0	0.0	0.0	0.0	0.0	0.0	0.0	0.0	0.0	0.0	0.0	0.0	0.0	0.0	0.0	0.0	0.0	0.0	0.57965173974723	0.0	0.0	0.0	0.0	0.0	0.0	0.0	0.0	0.0	0.0	0.0	0.0	0.0	0.0	0.0	0.0	0.0	0.0	0.0	0.0	0.0	0.0	0.0	0.0	0.0	0.0	0.0	0.0	0.0	0.0	0.0	0.0	0.0	0.0	0.0	0.0	0.0	0.0	0.0	0.0	0.0	0.07465001538088611	0.0	0.0	0.0	0.0	0.0	0.0	0.0	0.0	0.0	0.0267272846705452	0.0	0.0
ACH-002358	6	26597364	C[C>T]A	0.0029878697450457826	0.0	0.0	0.0	0.19489850323971533	0.029563711016509613	0.0	0.0	0.0	0.0	0.0	0.0	0.0	0.0	0.0	0.0	0.0	0.0	0.0	0.0	0.0	0.0	0.0	0.0	0.0	0.0	0.0	0.0	0.0	0.0	0.0	0.018270232259127696	0.0	0.0	0.0	0.0	0.0	0.0	0.0	0.0	0.0	0.0	0.0	0.0	0.0	0.0	0.0	0.0	0.0	0.0	0.0	0.0	0.0	0.0	0.0	0.0	0.0	0.0	0.0	0.0	0.0	0.0	0.0	0.0	0.0	0.0	0.0	0.0	0.0	0.0	0.0	0.0	0.0	0.0455333218438446	0.0	0.0	0.0	0.0	0.0	0.0	0.0	0.0	0.0	0.708746361895757	0.0	0.0
ACH-002358	6	29364737	A[C>A]A	0.004260669230580592	0.0	0.0	0.0	0.3880615021225167	0.0029738660656827612	0.0	0.0	0.0	0.0	0.0	0.0	0.0	0.0	0.0	0.0	0.0	0.0	0.0	0.0	0.0	0.0	0.0	0.0	0.0	0.0	0.0	0.0	0.0	0.0	0.0	0.39790161583521805	0.0	0.0	0.0	0.0	0.0	0.0	0.0	0.0	0.0	0.0	0.0	0.0	0.0	0.0	0.0	0.0	0.0	0.0	0.0	0.0	0.0	0.0	0.0	0.0	0.0	0.0	0.0	0.0	0.0	0.0	0.0	0.0	0.0	0.0	0.0	0.0	0.0	0.0	0.0	0.0	0.0	0.15687379002516225	0.0	0.0	0.0	0.0	0.0	0.0	0.0	0.0	0.0	0.0499285567208396	0.0	0.0
ACH-002358	6	32008215	A[C>T]G	0.35459437149252204	0.0	0.0	0.0	0.04037406560248141	0.1696322937698636	0.0	0.0	0.0	0.0	0.0	0.0	0.0	0.0	0.0	0.0	0.0	0.0	0.0	0.0	0.0	0.0	0.0	0.0	0.0	0.0	0.0	0.0	0.0	0.0	0.0	0.0011350943118997672	0.0	0.0	0.0	0.0	0.0	0.0	0.0	0.0	0.0	0.0	0.0	0.0	0.0	0.0	0.0	0.0	0.0	0.0	0.0	0.0	0.0	0.0	0.0	0.0	0.0	0.0	0.0	0.0	0.0	0.0	0.0	0.0	0.0	0.0	0.0	0.0	0.0	0.0	0.0	0.0	0.0	0.42992107368177696	0.0	0.0	0.0	0.0	0.0	0.0	0.0	0.0	0.0	0.004343101141456336	0.0	0.0
ACH-002358	6	34004265	G[T>A]G	0.004030548002487991	0.0	0.0	0.0	0.4528405485873193	0.004648913522467818	0.0	0.0	0.0	0.0	0.0	0.0	0.0	0.0	0.0	0.0	0.0	0.0	0.0	0.0	0.0	0.0	0.0	0.0	0.0	0.0	0.0	0.0	0.0	0.0	0.0	0.09273803705022253	0.0	0.0	0.0	0.0	0.0	0.0	0.0	0.0	0.0	0.0	0.0	0.0	0.0	0.0	0.0	0.0	0.0	0.0	0.0	0.0	0.0	0.0	0.0	0.0	0.0	0.0	0.0	0.0	0.0	0.0	0.0	0.0	0.0	0.0	0.0	0.0	0.0	0.0	0.0	0.0	0.0	0.405696853858639	0.0	0.0	0.0	0.0	0.0	0.0	0.0	0.0	0.0	0.040045098978863373	0.0	0.0
ACH-002358	6	43618156	C[T>C]C	0.02710062076093404	0.0	0.0	0.0	0.7581368607141667	0.016246686215868854	0.0	0.0	0.0	0.0	0.0	0.0	0.0	0.0	0.0	0.0	0.0	0.0	0.0	0.0	0.0	0.0	0.0	0.0	0.0	0.0	0.0	0.0	0.0	0.0	0.0	0.0551972410760031	0.0	0.0	0.0	0.0	0.0	0.0	0.0	0.0	0.0	0.0	0.0	0.0	0.0	0.0	0.0	0.0	0.0	0.0	0.0	0.0	0.0	0.0	0.0	0.0	0.0	0.0	0.0	0.0	0.0	0.0	0.0	0.0	0.0	0.0	0.0	0.0	0.0	0.0	0.0	0.0	0.0	0.0722813700568167	0.0	0.0	0.0	0.0	0.0	0.0	0.0	0.0	0.0	0.07103722117621071	0.0	0.0
ACH-002358	6	64694419	A[C>T]C	0.031072899460271496	0.0	0.0	0.0	0.5918242561408094	0.1638281286020251	0.0	0.0	0.0	0.0	0.0	0.0	0.0	0.0	0.0	0.0	0.0	0.0	0.0	0.0	0.0	0.0	0.0	0.0	0.0	0.0	0.0	0.0	0.0	0.0	0.0	0.12517359635431707	0.0	0.0	0.0	0.0	0.0	0.0	0.0	0.0	0.0	0.0	0.0	0.0	0.0	0.0	0.0	0.0	0.0	0.0	0.0	0.0	0.0	0.0	0.0	0.0	0.0	0.0	0.0	0.0	0.0	0.0	0.0	0.0	0.0	0.0	0.0	0.0	0.0	0.0	0.0	0.0	0.0	0.06355729738405465	0.0	0.0	0.0	0.0	0.0	0.0	0.0	0.0	0.0	0.02454382205852236	0.0	0.0
ACH-002358	6	130530720	G[C>T]C	0.00022101727353746105	0.0	0.0	0.0	0.3460064376719744	0.38473940437864423	0.0	0.0	0.0	0.0	0.0	0.0	0.0	0.0	0.0	0.0	0.0	0.0	0.0	0.0	0.0	0.0	0.0	0.0	0.0	0.0	0.0	0.0	0.0	0.0	0.0	0.23662839389409573	0.0	0.0	0.0	0.0	0.0	0.0	0.0	0.0	0.0	0.0	0.0	0.0	0.0	0.0	0.0	0.0	0.0	0.0	0.0	0.0	0.0	0.0	0.0	0.0	0.0	0.0	0.0	0.0	0.0	0.0	0.0	0.0	0.0	0.0	0.0	0.0	0.0	0.0	0.0	0.0	0.0	0.02267406855825224	0.0	0.0	0.0	0.0	0.0	0.0	0.0	0.0	0.0	0.009730678223495928	0.0	0.0
ACH-002358	6	131602726	G[C>A]T	1.2498416852337816e-15	0.0	0.0	0.0	0.2570908877633283	0.010032760969479977	0.0	0.0	0.0	0.0	0.0	0.0	0.0	0.0	0.0	0.0	0.0	0.0	0.0	0.0	0.0	0.0	0.0	0.0	0.0	0.0	0.0	0.0	0.0	0.0	0.0	0.6931962724841817	0.0	0.0	0.0	0.0	0.0	0.0	0.0	0.0	0.0	0.0	0.0	0.0	0.0	0.0	0.0	0.0	0.0	0.0	0.0	0.0	0.0	0.0	0.0	0.0	0.0	0.0	0.0	0.0	0.0	0.0	0.0	0.0	0.0	0.0	0.0	0.0	0.0	0.0	0.0	0.0	0.0	0.021756192416419903	0.0	0.0	0.0	0.0	0.0	0.0	0.0	0.0	0.0	0.017923886366588947	0.0	0.0
ACH-002358	6	170038714	C[C>T]G	0.15846023976160256	0.0	0.0	0.0	0.09514311068042741	0.14351998586173106	0.0	0.0	0.0	0.0	0.0	0.0	0.0	0.0	0.0	0.0	0.0	0.0	0.0	0.0	0.0	0.0	0.0	0.0	0.0	0.0	0.0	0.0	0.0	0.0	0.0	0.01166992400160553	0.0	0.0	0.0	0.0	0.0	0.0	0.0	0.0	0.0	0.0	0.0	0.0	0.0	0.0	0.0	0.0	0.0	0.0	0.0	0.0	0.0	0.0	0.0	0.0	0.0	0.0	0.0	0.0	0.0	0.0	0.0	0.0	0.0	0.0	0.0	0.0	0.0	0.0	0.0	0.0	0.0	0.5493654682977224	0.0	0.0	0.0	0.0	0.0	0.0	0.0	0.0	0.0	0.04184127139691097	0.0	0.0
ACH-002358	7	44721381	C[C>T]T	0.00046531005934623135	0.0	0.0	0.0	0.3687847808607011	0.04767090267184936	0.0	0.0	0.0	0.0	0.0	0.0	0.0	0.0	0.0	0.0	0.0	0.0	0.0	0.0	0.0	0.0	0.0	0.0	0.0	0.0	0.0	0.0	0.0	0.0	0.0	0.02315118681472743	0.0	0.0	0.0	0.0	0.0	0.0	0.0	0.0	0.0	0.0	0.0	0.0	0.0	0.0	0.0	0.0	0.0	0.0	0.0	0.0	0.0	0.0	0.0	0.0	0.0	0.0	0.0	0.0	0.0	0.0	0.0	0.0	0.0	0.0	0.0	0.0	0.0	0.0	0.0	0.0	0.0	0.06009163451595409	0.0	0.0	0.0	0.0	0.0	0.0	0.0	0.0	0.0	0.49983618507742184	0.0	0.0
ACH-002358	7	45123112	C[T>C]T	0.00028844348979128684	0.0	0.0	0.0	0.6785621118871583	0.012514690181948921	0.0	0.0	0.0	0.0	0.0	0.0	0.0	0.0	0.0	0.0	0.0	0.0	0.0	0.0	0.0	0.0	0.0	0.0	0.0	0.0	0.0	0.0	0.0	0.0	0.0	0.05588109413384189	0.0	0.0	0.0	0.0	0.0	0.0	0.0	0.0	0.0	0.0	0.0	0.0	0.0	0.0	0.0	0.0	0.0	0.0	0.0	0.0	0.0	0.0	0.0	0.0	0.0	0.0	0.0	0.0	0.0	0.0	0.0	0.0	0.0	0.0	0.0	0.0	0.0	0.0	0.0	0.0	0.0	0.21807834677694202	0.0	0.0	0.0	0.0	0.0	0.0	0.0	0.0	0.0	0.03467531353031756	0.0	0.0
ACH-002358	7	57187684	C[C>T]T	0.00046531005934623135	0.0	0.0	0.0	0.3687847808607011	0.04767090267184936	0.0	0.0	0.0	0.0	0.0	0.0	0.0	0.0	0.0	0.0	0.0	0.0	0.0	0.0	0.0	0.0	0.0	0.0	0.0	0.0	0.0	0.0	0.0	0.0	0.0	0.02315118681472743	0.0	0.0	0.0	0.0	0.0	0.0	0.0	0.0	0.0	0.0	0.0	0.0	0.0	0.0	0.0	0.0	0.0	0.0	0.0	0.0	0.0	0.0	0.0	0.0	0.0	0.0	0.0	0.0	0.0	0.0	0.0	0.0	0.0	0.0	0.0	0.0	0.0	0.0	0.0	0.0	0.0	0.06009163451595409	0.0	0.0	0.0	0.0	0.0	0.0	0.0	0.0	0.0	0.49983618507742184	0.0	0.0
ACH-002358	7	57187685	C[C>T]C	0.0010886137096288591	0.0	0.0	0.0	0.5151558369826653	0.08682804009847075	0.0	0.0	0.0	0.0	0.0	0.0	0.0	0.0	0.0	0.0	0.0	0.0	0.0	0.0	0.0	0.0	0.0	0.0	0.0	0.0	0.0	0.0	0.0	0.0	0.0	0.08111165787430193	0.0	0.0	0.0	0.0	0.0	0.0	0.0	0.0	0.0	0.0	0.0	0.0	0.0	0.0	0.0	0.0	0.0	0.0	0.0	0.0	0.0	0.0	0.0	0.0	0.0	0.0	0.0	0.0	0.0	0.0	0.0	0.0	0.0	0.0	0.0	0.0	0.0	0.0	0.0	0.0	0.0	0.1179342659496741	0.0	0.0	0.0	0.0	0.0	0.0	0.0	0.0	0.0	0.19788158538525927	0.0	0.0
ACH-002358	7	100319186	T[C>T]C	0.00016025754752595857	0.0	0.0	0.0	0.6646449087961543	0.06565449017777486	0.0	0.0	0.0	0.0	0.0	0.0	0.0	0.0	0.0	0.0	0.0	0.0	0.0	0.0	0.0	0.0	0.0	0.0	0.0	0.0	0.0	0.0	0.0	0.0	0.0	0.11917266612616581	0.0	0.0	0.0	0.0	0.0	0.0	0.0	0.0	0.0	0.0	0.0	0.0	0.0	0.0	0.0	0.0	0.0	0.0	0.0	0.0	0.0	0.0	0.0	0.0	0.0	0.0	0.0	0.0	0.0	0.0	0.0	0.0	0.0	0.0	0.0	0.0	0.0	0.0	0.0	0.0	0.0	0.09647896509680096	0.0	0.0	0.0	0.0	0.0	0.0	0.0	0.0	0.0	0.05388871225557791	0.0	0.0
ACH-002358	7	100478915	A[C>T]C	0.031072899460271496	0.0	0.0	0.0	0.5918242561408094	0.1638281286020251	0.0	0.0	0.0	0.0	0.0	0.0	0.0	0.0	0.0	0.0	0.0	0.0	0.0	0.0	0.0	0.0	0.0	0.0	0.0	0.0	0.0	0.0	0.0	0.0	0.0	0.12517359635431707	0.0	0.0	0.0	0.0	0.0	0.0	0.0	0.0	0.0	0.0	0.0	0.0	0.0	0.0	0.0	0.0	0.0	0.0	0.0	0.0	0.0	0.0	0.0	0.0	0.0	0.0	0.0	0.0	0.0	0.0	0.0	0.0	0.0	0.0	0.0	0.0	0.0	0.0	0.0	0.0	0.0	0.06355729738405465	0.0	0.0	0.0	0.0	0.0	0.0	0.0	0.0	0.0	0.02454382205852236	0.0	0.0
ACH-002358	7	103155766	G[C>T]C	0.00022101727353746105	0.0	0.0	0.0	0.3460064376719744	0.38473940437864423	0.0	0.0	0.0	0.0	0.0	0.0	0.0	0.0	0.0	0.0	0.0	0.0	0.0	0.0	0.0	0.0	0.0	0.0	0.0	0.0	0.0	0.0	0.0	0.0	0.0	0.23662839389409573	0.0	0.0	0.0	0.0	0.0	0.0	0.0	0.0	0.0	0.0	0.0	0.0	0.0	0.0	0.0	0.0	0.0	0.0	0.0	0.0	0.0	0.0	0.0	0.0	0.0	0.0	0.0	0.0	0.0	0.0	0.0	0.0	0.0	0.0	0.0	0.0	0.0	0.0	0.0	0.0	0.0	0.02267406855825224	0.0	0.0	0.0	0.0	0.0	0.0	0.0	0.0	0.0	0.009730678223495928	0.0	0.0
ACH-002358	7	103175928	A[T>C]T	0.019244048129281117	0.0	0.0	0.0	0.8634920395819125	0.0024489292271179363	0.0	0.0	0.0	0.0	0.0	0.0	0.0	0.0	0.0	0.0	0.0	0.0	0.0	0.0	0.0	0.0	0.0	0.0	0.0	0.0	0.0	0.0	0.0	0.0	0.0	0.018595348827253857	0.0	0.0	0.0	0.0	0.0	0.0	0.0	0.0	0.0	0.0	0.0	0.0	0.0	0.0	0.0	0.0	0.0	0.0	0.0	0.0	0.0	0.0	0.0	0.0	0.0	0.0	0.0	0.0	0.0	0.0	0.0	0.0	0.0	0.0	0.0	0.0	0.0	0.0	0.0	0.0	0.0	0.06796165611886891	0.0	0.0	0.0	0.0	0.0	0.0	0.0	0.0	0.0	0.028257978115565893	0.0	0.0
ACH-002358	7	117174384	C[T>C]A	1.8622691262668995e-15	0.0	0.0	0.0	0.7470358103648524	0.02017488081211875	0.0	0.0	0.0	0.0	0.0	0.0	0.0	0.0	0.0	0.0	0.0	0.0	0.0	0.0	0.0	0.0	0.0	0.0	0.0	0.0	0.0	0.0	0.0	0.0	0.0	0.04309934543024277	0.0	0.0	0.0	0.0	0.0	0.0	0.0	0.0	0.0	0.0	0.0	0.0	0.0	0.0	0.0	0.0	0.0	0.0	0.0	0.0	0.0	0.0	0.0	0.0	0.0	0.0	0.0	0.0	0.0	0.0	0.0	0.0	0.0	0.0	0.0	0.0	0.0	0.0	0.0	0.0	0.0	0.15553999708444388	0.0	0.0	0.0	0.0	0.0	0.0	0.0	0.0	0.0	0.03414996630834011	0.0	0.0
ACH-002358	7	123599723	T[C>T]T	9.234209428846229e-16	0.0	0.0	0.0	0.584879418812395	0.04212476338627661	0.0	0.0	0.0	0.0	0.0	0.0	0.0	0.0	0.0	0.0	0.0	0.0	0.0	0.0	0.0	0.0	0.0	0.0	0.0	0.0	0.0	0.0	0.0	0.0	0.0	0.04434278284653012	0.0	0.0	0.0	0.0	0.0	0.0	0.0	0.0	0.0	0.0	0.0	0.0	0.0	0.0	0.0	0.0	0.0	0.0	0.0	0.0	0.0	0.0	0.0	0.0	0.0	0.0	0.0	0.0	0.0	0.0	0.0	0.0	0.0	0.0	0.0	0.0	0.0	0.0	0.0	0.0	0.0	0.16485214840383564	0.0	0.0	0.0	0.0	0.0	0.0	0.0	0.0	0.0	0.16380088655096176	0.0	0.0
ACH-002358	7	141799488	C[C>A]A	0.002060510026067857	0.0	0.0	0.0	0.3299776818504088	0.01748961916188791	0.0	0.0	0.0	0.0	0.0	0.0	0.0	0.0	0.0	0.0	0.0	0.0	0.0	0.0	0.0	0.0	0.0	0.0	0.0	0.0	0.0	0.0	0.0	0.0	0.0	0.3813155205112249	0.0	0.0	0.0	0.0	0.0	0.0	0.0	0.0	0.0	0.0	0.0	0.0	0.0	0.0	0.0	0.0	0.0	0.0	0.0	0.0	0.0	0.0	0.0	0.0	0.0	0.0	0.0	0.0	0.0	0.0	0.0	0.0	0.0	0.0	0.0	0.0	0.0	0.0	0.0	0.0	0.0	0.20547333310549262	0.0	0.0	0.0	0.0	0.0	0.0	0.0	0.0	0.0	0.06368333534491787	0.0	0.0
ACH-002358	7	150935147	G[C>T]G	0.3180790340011077	0.0	0.0	0.0	0.12068650105020011	0.3779086806324685	0.0	0.0	0.0	0.0	0.0	0.0	0.0	0.0	0.0	0.0	0.0	0.0	0.0	0.0	0.0	0.0	0.0	0.0	0.0	0.0	0.0	0.0	0.0	0.0	0.0	0.08424464683494828	0.0	0.0	0.0	0.0	0.0	0.0	0.0	0.0	0.0	0.0	0.0	0.0	0.0	0.0	0.0	0.0	0.0	0.0	0.0	0.0	0.0	0.0	0.0	0.0	0.0	0.0	0.0	0.0	0.0	0.0	0.0	0.0	0.0	0.0	0.0	0.0	0.0	0.0	0.0	0.0	0.0	0.09394213104074971	0.0	0.0	0.0	0.0	0.0	0.0	0.0	0.0	0.0	0.005139006440525784	0.0	0.0
ACH-002358	8	27319258	C[C>G]A	0.00029653781563146437	0.0	0.0	0.0	0.5760026057922175	0.0007355838082204867	0.0	0.0	0.0	0.0	0.0	0.0	0.0	0.0	0.0	0.0	0.0	0.0	0.0	0.0	0.0	0.0	0.0	0.0	0.0	0.0	0.0	0.0	0.0	0.0	0.0	0.07301477476791247	0.0	0.0	0.0	0.0	0.0	0.0	0.0	0.0	0.0	0.0	0.0	0.0	0.0	0.0	0.0	0.0	0.0	0.0	0.0	0.0	0.0	0.0	0.0	0.0	0.0	0.0	0.0	0.0	0.0	0.0	0.0	0.0	0.0	0.0	0.0	0.0	0.0	0.0	0.0	0.0	0.0	0.30271971743773973	0.0	0.0	0.0	0.0	0.0	0.0	0.0	0.0	0.0	0.047230780378278193	0.0	0.0
ACH-002358	8	52321029	G[C>A]C	0.0009307907773072273	0.0	0.0	0.0	0.14125021447043823	0.003647638898391508	0.0	0.0	0.0	0.0	0.0	0.0	0.0	0.0	0.0	0.0	0.0	0.0	0.0	0.0	0.0	0.0	0.0	0.0	0.0	0.0	0.0	0.0	0.0	0.0	0.0	0.7989004311890534	0.0	0.0	0.0	0.0	0.0	0.0	0.0	0.0	0.0	0.0	0.0	0.0	0.0	0.0	0.0	0.0	0.0	0.0	0.0	0.0	0.0	0.0	0.0	0.0	0.0	0.0	0.0	0.0	0.0	0.0	0.0	0.0	0.0	0.0	0.0	0.0	0.0	0.0	0.0	0.0	0.0	0.04657847092921167	0.0	0.0	0.0	0.0	0.0	0.0	0.0	0.0	0.0	0.008692453735597896	0.0	0.0
ACH-002358	8	104924383	G[C>G]T	3.09438068213536e-15	0.0	0.0	0.0	0.6271772812422133	0.006482451267610314	0.0	0.0	0.0	0.0	0.0	0.0	0.0	0.0	0.0	0.0	0.0	0.0	0.0	0.0	0.0	0.0	0.0	0.0	0.0	0.0	0.0	0.0	0.0	0.0	0.0	0.10663326656325002	0.0	0.0	0.0	0.0	0.0	0.0	0.0	0.0	0.0	0.0	0.0	0.0	0.0	0.0	0.0	0.0	0.0	0.0	0.0	0.0	0.0	0.0	0.0	0.0	0.0	0.0	0.0	0.0	0.0	0.0	0.0	0.0	0.0	0.0	0.0	0.0	0.0	0.0	0.0	0.0	0.0	0.22702263840076706	0.0	0.0	0.0	0.0	0.0	0.0	0.0	0.0	0.0	0.03268436252615621	0.0	0.0
ACH-002358	8	144991900	C[T>C]T	0.00028844348979128684	0.0	0.0	0.0	0.6785621118871583	0.012514690181948921	0.0	0.0	0.0	0.0	0.0	0.0	0.0	0.0	0.0	0.0	0.0	0.0	0.0	0.0	0.0	0.0	0.0	0.0	0.0	0.0	0.0	0.0	0.0	0.0	0.0	0.05588109413384189	0.0	0.0	0.0	0.0	0.0	0.0	0.0	0.0	0.0	0.0	0.0	0.0	0.0	0.0	0.0	0.0	0.0	0.0	0.0	0.0	0.0	0.0	0.0	0.0	0.0	0.0	0.0	0.0	0.0	0.0	0.0	0.0	0.0	0.0	0.0	0.0	0.0	0.0	0.0	0.0	0.0	0.21807834677694202	0.0	0.0	0.0	0.0	0.0	0.0	0.0	0.0	0.0	0.03467531353031756	0.0	0.0
ACH-002358	9	990075	C[C>T]G	0.15846023976160256	0.0	0.0	0.0	0.09514311068042741	0.14351998586173106	0.0	0.0	0.0	0.0	0.0	0.0	0.0	0.0	0.0	0.0	0.0	0.0	0.0	0.0	0.0	0.0	0.0	0.0	0.0	0.0	0.0	0.0	0.0	0.0	0.0	0.01166992400160553	0.0	0.0	0.0	0.0	0.0	0.0	0.0	0.0	0.0	0.0	0.0	0.0	0.0	0.0	0.0	0.0	0.0	0.0	0.0	0.0	0.0	0.0	0.0	0.0	0.0	0.0	0.0	0.0	0.0	0.0	0.0	0.0	0.0	0.0	0.0	0.0	0.0	0.0	0.0	0.0	0.0	0.5493654682977224	0.0	0.0	0.0	0.0	0.0	0.0	0.0	0.0	0.0	0.04184127139691097	0.0	0.0
ACH-002358	9	36633110	T[C>A]T	3.631744350343691e-05	0.0	0.0	0.0	0.5275867326119345	0.006714661830279228	0.0	0.0	0.0	0.0	0.0	0.0	0.0	0.0	0.0	0.0	0.0	0.0	0.0	0.0	0.0	0.0	0.0	0.0	0.0	0.0	0.0	0.0	0.0	0.0	0.0	0.32016949759650815	0.0	0.0	0.0	0.0	0.0	0.0	0.0	0.0	0.0	0.0	0.0	0.0	0.0	0.0	0.0	0.0	0.0	0.0	0.0	0.0	0.0	0.0	0.0	0.0	0.0	0.0	0.0	0.0	0.0	0.0	0.0	0.0	0.0	0.0	0.0	0.0	0.0	0.0	0.0	0.0	0.0	0.09284369138574548	0.0	0.0	0.0	0.0	0.0	0.0	0.0	0.0	0.0	0.05264909913202922	0.0	0.0
ACH-002358	9	37034007	T[C>G]C	0.0025802690990499822	0.0	0.0	0.0	0.6496174940035037	0.00208995008410001	0.0	0.0	0.0	0.0	0.0	0.0	0.0	0.0	0.0	0.0	0.0	0.0	0.0	0.0	0.0	0.0	0.0	0.0	0.0	0.0	0.0	0.0	0.0	0.0	0.0	0.16122534299143942	0.0	0.0	0.0	0.0	0.0	0.0	0.0	0.0	0.0	0.0	0.0	0.0	0.0	0.0	0.0	0.0	0.0	0.0	0.0	0.0	0.0	0.0	0.0	0.0	0.0	0.0	0.0	0.0	0.0	0.0	0.0	0.0	0.0	0.0	0.0	0.0	0.0	0.0	0.0	0.0	0.0	0.13129819987470784	0.0	0.0	0.0	0.0	0.0	0.0	0.0	0.0	0.0	0.05318874394719937	0.0	0.0
ACH-002358	9	37888352	C[C>G]G	0.0010571034793297736	0.0	0.0	0.0	0.05028632113968661	0.0003681740904417142	0.0	0.0	0.0	0.0	0.0	0.0	0.0	0.0	0.0	0.0	0.0	0.0	0.0	0.0	0.0	0.0	0.0	0.0	0.0	0.0	0.0	0.0	0.0	0.0	0.0	0.006451153618974155	0.0	0.0	0.0	0.0	0.0	0.0	0.0	0.0	0.0	0.0	0.0	0.0	0.0	0.0	0.0	0.0	0.0	0.0	0.0	0.0	0.0	0.0	0.0	0.0	0.0	0.0	0.0	0.0	0.0	0.0	0.0	0.0	0.0	0.0	0.0	0.0	0.0	0.0	0.0	0.0	0.0	0.9388279130880949	0.0	0.0	0.0	0.0	0.0	0.0	0.0	0.0	0.0	0.003009334583472898	0.0	0.0
ACH-002358	9	107535281	C[C>A]G	0.0006821121311251269	0.0	0.0	0.0	0.1703209719618288	0.017574753458215027	0.0	0.0	0.0	0.0	0.0	0.0	0.0	0.0	0.0	0.0	0.0	0.0	0.0	0.0	0.0	0.0	0.0	0.0	0.0	0.0	0.0	0.0	0.0	0.0	0.0	0.2662361426661714	0.0	0.0	0.0	0.0	0.0	0.0	0.0	0.0	0.0	0.0	0.0	0.0	0.0	0.0	0.0	0.0	0.0	0.0	0.0	0.0	0.0	0.0	0.0	0.0	0.0	0.0	0.0	0.0	0.0	0.0	0.0	0.0	0.0	0.0	0.0	0.0	0.0	0.0	0.0	0.0	0.0	0.5324597369176013	0.0	0.0	0.0	0.0	0.0	0.0	0.0	0.0	0.0	0.012726282865058367	0.0	0.0
ACH-002358	9	130860990	C[C>G]G	0.0010571034793297736	0.0	0.0	0.0	0.05028632113968661	0.0003681740904417142	0.0	0.0	0.0	0.0	0.0	0.0	0.0	0.0	0.0	0.0	0.0	0.0	0.0	0.0	0.0	0.0	0.0	0.0	0.0	0.0	0.0	0.0	0.0	0.0	0.0	0.006451153618974155	0.0	0.0	0.0	0.0	0.0	0.0	0.0	0.0	0.0	0.0	0.0	0.0	0.0	0.0	0.0	0.0	0.0	0.0	0.0	0.0	0.0	0.0	0.0	0.0	0.0	0.0	0.0	0.0	0.0	0.0	0.0	0.0	0.0	0.0	0.0	0.0	0.0	0.0	0.0	0.0	0.0	0.9388279130880949	0.0	0.0	0.0	0.0	0.0	0.0	0.0	0.0	0.0	0.003009334583472898	0.0	0.0
ACH-002358	9	139100836	C[C>T]T	0.00046531005934623135	0.0	0.0	0.0	0.3687847808607011	0.04767090267184936	0.0	0.0	0.0	0.0	0.0	0.0	0.0	0.0	0.0	0.0	0.0	0.0	0.0	0.0	0.0	0.0	0.0	0.0	0.0	0.0	0.0	0.0	0.0	0.0	0.0	0.02315118681472743	0.0	0.0	0.0	0.0	0.0	0.0	0.0	0.0	0.0	0.0	0.0	0.0	0.0	0.0	0.0	0.0	0.0	0.0	0.0	0.0	0.0	0.0	0.0	0.0	0.0	0.0	0.0	0.0	0.0	0.0	0.0	0.0	0.0	0.0	0.0	0.0	0.0	0.0	0.0	0.0	0.0	0.06009163451595409	0.0	0.0	0.0	0.0	0.0	0.0	0.0	0.0	0.0	0.49983618507742184	0.0	0.0
ACH-002358	9	139371003	C[C>T]G	0.15846023976160256	0.0	0.0	0.0	0.09514311068042741	0.14351998586173106	0.0	0.0	0.0	0.0	0.0	0.0	0.0	0.0	0.0	0.0	0.0	0.0	0.0	0.0	0.0	0.0	0.0	0.0	0.0	0.0	0.0	0.0	0.0	0.0	0.0	0.01166992400160553	0.0	0.0	0.0	0.0	0.0	0.0	0.0	0.0	0.0	0.0	0.0	0.0	0.0	0.0	0.0	0.0	0.0	0.0	0.0	0.0	0.0	0.0	0.0	0.0	0.0	0.0	0.0	0.0	0.0	0.0	0.0	0.0	0.0	0.0	0.0	0.0	0.0	0.0	0.0	0.0	0.0	0.5493654682977224	0.0	0.0	0.0	0.0	0.0	0.0	0.0	0.0	0.0	0.04184127139691097	0.0	0.0
ACH-002358	10	5415871	G[C>G]G	0.004371104683603428	0.0	0.0	0.0	0.26738458719335334	8.501342775363656e-15	0.0	0.0	0.0	0.0	0.0	0.0	0.0	0.0	0.0	0.0	0.0	0.0	0.0	0.0	0.0	0.0	0.0	0.0	0.0	0.0	0.0	0.0	0.0	0.0	0.0	0.18795075919827	0.0	0.0	0.0	0.0	0.0	0.0	0.0	0.0	0.0	0.0	0.0	0.0	0.0	0.0	0.0	0.0	0.0	0.0	0.0	0.0	0.0	0.0	0.0	0.0	0.0	0.0	0.0	0.0	0.0	0.0	0.0	0.0	0.0	0.0	0.0	0.0	0.0	0.0	0.0	0.0	0.0	0.522284014309833	0.0	0.0	0.0	0.0	0.0	0.0	0.0	0.0	0.0	0.018009534614931825	0.0	0.0
ACH-002358	10	47769206	G[C>T]T	0.00013212790753571916	0.0	0.0	0.0	0.43045570440161596	0.3725647094104595	0.0	0.0	0.0	0.0	0.0	0.0	0.0	0.0	0.0	0.0	0.0	0.0	0.0	0.0	0.0	0.0	0.0	0.0	0.0	0.0	0.0	0.0	0.0	0.0	0.0	0.15880586617117148	0.0	0.0	0.0	0.0	0.0	0.0	0.0	0.0	0.0	0.0	0.0	0.0	0.0	0.0	0.0	0.0	0.0	0.0	0.0	0.0	0.0	0.0	0.0	0.0	0.0	0.0	0.0	0.0	0.0	0.0	0.0	0.0	0.0	0.0	0.0	0.0	0.0	0.0	0.0	0.0	0.0	0.018097419359507944	0.0	0.0	0.0	0.0	0.0	0.0	0.0	0.0	0.0	0.019944172749709315	0.0	0.0
ACH-002358	10	64973702	T[C>G]C	0.0025802690990499822	0.0	0.0	0.0	0.6496174940035037	0.00208995008410001	0.0	0.0	0.0	0.0	0.0	0.0	0.0	0.0	0.0	0.0	0.0	0.0	0.0	0.0	0.0	0.0	0.0	0.0	0.0	0.0	0.0	0.0	0.0	0.0	0.0	0.16122534299143942	0.0	0.0	0.0	0.0	0.0	0.0	0.0	0.0	0.0	0.0	0.0	0.0	0.0	0.0	0.0	0.0	0.0	0.0	0.0	0.0	0.0	0.0	0.0	0.0	0.0	0.0	0.0	0.0	0.0	0.0	0.0	0.0	0.0	0.0	0.0	0.0	0.0	0.0	0.0	0.0	0.0	0.13129819987470784	0.0	0.0	0.0	0.0	0.0	0.0	0.0	0.0	0.0	0.05318874394719937	0.0	0.0
ACH-002358	10	82394108	C[C>G]C	0.0008612125372597263	0.0	0.0	0.0	0.684082652736543	0.0006067633785238982	0.0	0.0	0.0	0.0	0.0	0.0	0.0	0.0	0.0	0.0	0.0	0.0	0.0	0.0	0.0	0.0	0.0	0.0	0.0	0.0	0.0	0.0	0.0	0.0	0.0	0.13308430086980305	0.0	0.0	0.0	0.0	0.0	0.0	0.0	0.0	0.0	0.0	0.0	0.0	0.0	0.0	0.0	0.0	0.0	0.0	0.0	0.0	0.0	0.0	0.0	0.0	0.0	0.0	0.0	0.0	0.0	0.0	0.0	0.0	0.0	0.0	0.0	0.0	0.0	0.0	0.0	0.0	0.0	0.13616218762272764	0.0	0.0	0.0	0.0	0.0	0.0	0.0	0.0	0.0	0.04520288285514269	0.0	0.0
ACH-002358	10	105361862	G[C>G]T	3.09438068213536e-15	0.0	0.0	0.0	0.6271772812422133	0.006482451267610314	0.0	0.0	0.0	0.0	0.0	0.0	0.0	0.0	0.0	0.0	0.0	0.0	0.0	0.0	0.0	0.0	0.0	0.0	0.0	0.0	0.0	0.0	0.0	0.0	0.0	0.10663326656325002	0.0	0.0	0.0	0.0	0.0	0.0	0.0	0.0	0.0	0.0	0.0	0.0	0.0	0.0	0.0	0.0	0.0	0.0	0.0	0.0	0.0	0.0	0.0	0.0	0.0	0.0	0.0	0.0	0.0	0.0	0.0	0.0	0.0	0.0	0.0	0.0	0.0	0.0	0.0	0.0	0.0	0.22702263840076706	0.0	0.0	0.0	0.0	0.0	0.0	0.0	0.0	0.0	0.03268436252615621	0.0	0.0
ACH-002358	11	4608812	A[C>G]C	0.018641922362940284	0.0	0.0	0.0	0.5857073127244561	0.006425636199132791	0.0	0.0	0.0	0.0	0.0	0.0	0.0	0.0	0.0	0.0	0.0	0.0	0.0	0.0	0.0	0.0	0.0	0.0	0.0	0.0	0.0	0.0	0.0	0.0	0.0	0.1274755382725576	0.0	0.0	0.0	0.0	0.0	0.0	0.0	0.0	0.0	0.0	0.0	0.0	0.0	0.0	0.0	0.0	0.0	0.0	0.0	0.0	0.0	0.0	0.0	0.0	0.0	0.0	0.0	0.0	0.0	0.0	0.0	0.0	0.0	0.0	0.0	0.0	0.0	0.0	0.0	0.0	0.0	0.21855108512498544	0.0	0.0	0.0	0.0	0.0	0.0	0.0	0.0	0.0	0.04319850531592798	0.0	0.0
ACH-002358	11	5173575	C[T>C]A	1.8622691262668995e-15	0.0	0.0	0.0	0.7470358103648524	0.02017488081211875	0.0	0.0	0.0	0.0	0.0	0.0	0.0	0.0	0.0	0.0	0.0	0.0	0.0	0.0	0.0	0.0	0.0	0.0	0.0	0.0	0.0	0.0	0.0	0.0	0.0	0.04309934543024277	0.0	0.0	0.0	0.0	0.0	0.0	0.0	0.0	0.0	0.0	0.0	0.0	0.0	0.0	0.0	0.0	0.0	0.0	0.0	0.0	0.0	0.0	0.0	0.0	0.0	0.0	0.0	0.0	0.0	0.0	0.0	0.0	0.0	0.0	0.0	0.0	0.0	0.0	0.0	0.0	0.0	0.15553999708444388	0.0	0.0	0.0	0.0	0.0	0.0	0.0	0.0	0.0	0.03414996630834011	0.0	0.0
ACH-002358	11	10624722	G[T>G]G	0.006000095426522942	0.0	0.0	0.0	0.6145108888116176	0.0068741197568511145	0.0	0.0	0.0	0.0	0.0	0.0	0.0	0.0	0.0	0.0	0.0	0.0	0.0	0.0	0.0	0.0	0.0	0.0	0.0	0.0	0.0	0.0	0.0	0.0	0.0	0.12267413952731099	0.0	0.0	0.0	0.0	0.0	0.0	0.0	0.0	0.0	0.0	0.0	0.0	0.0	0.0	0.0	0.0	0.0	0.0	0.0	0.0	0.0	0.0	0.0	0.0	0.0	0.0	0.0	0.0	0.0	0.0	0.0	0.0	0.0	0.0	0.0	0.0	0.0	0.0	0.0	0.0	0.0	0.2028813136867865	0.0	0.0	0.0	0.0	0.0	0.0	0.0	0.0	0.0	0.04705944279091093	0.0	0.0
ACH-002358	11	18158998	G[C>A]G	0.0029744626602408353	0.0	0.0	0.0	0.07973729645180622	0.0026322514069364463	0.0	0.0	0.0	0.0	0.0	0.0	0.0	0.0	0.0	0.0	0.0	0.0	0.0	0.0	0.0	0.0	0.0	0.0	0.0	0.0	0.0	0.0	0.0	0.0	0.0	0.7590774136269202	0.0	0.0	0.0	0.0	0.0	0.0	0.0	0.0	0.0	0.0	0.0	0.0	0.0	0.0	0.0	0.0	0.0	0.0	0.0	0.0	0.0	0.0	0.0	0.0	0.0	0.0	0.0	0.0	0.0	0.0	0.0	0.0	0.0	0.0	0.0	0.0	0.0	0.0	0.0	0.0	0.0	0.15268730601851124	0.0	0.0	0.0	0.0	0.0	0.0	0.0	0.0	0.0	0.002891269835585024	0.0	0.0
ACH-002358	11	19170832	T[T>A]G	0.0004800072260412486	0.0	0.0	0.0	0.5523030281503651	0.0007355954892580173	0.0	0.0	0.0	0.0	0.0	0.0	0.0	0.0	0.0	0.0	0.0	0.0	0.0	0.0	0.0	0.0	0.0	0.0	0.0	0.0	0.0	0.0	0.0	0.0	0.0	0.077562193597303	0.0	0.0	0.0	0.0	0.0	0.0	0.0	0.0	0.0	0.0	0.0	0.0	0.0	0.0	0.0	0.0	0.0	0.0	0.0	0.0	0.0	0.0	0.0	0.0	0.0	0.0	0.0	0.0	0.0	0.0	0.0	0.0	0.0	0.0	0.0	0.0	0.0	0.0	0.0	0.0	0.0	0.30335671219437027	0.0	0.0	0.0	0.0	0.0	0.0	0.0	0.0	0.0	0.06556246334266244	0.0	0.0
ACH-002358	11	30953328	A[C>T]G	0.35459437149252204	0.0	0.0	0.0	0.04037406560248141	0.1696322937698636	0.0	0.0	0.0	0.0	0.0	0.0	0.0	0.0	0.0	0.0	0.0	0.0	0.0	0.0	0.0	0.0	0.0	0.0	0.0	0.0	0.0	0.0	0.0	0.0	0.0	0.0011350943118997672	0.0	0.0	0.0	0.0	0.0	0.0	0.0	0.0	0.0	0.0	0.0	0.0	0.0	0.0	0.0	0.0	0.0	0.0	0.0	0.0	0.0	0.0	0.0	0.0	0.0	0.0	0.0	0.0	0.0	0.0	0.0	0.0	0.0	0.0	0.0	0.0	0.0	0.0	0.0	0.0	0.0	0.42992107368177696	0.0	0.0	0.0	0.0	0.0	0.0	0.0	0.0	0.0	0.004343101141456336	0.0	0.0
ACH-002358	11	56757248	C[C>A]T	1.8615892854303304e-15	0.0	0.0	0.0	0.3643979049517841	0.11663144497493004	0.0	0.0	0.0	0.0	0.0	0.0	0.0	0.0	0.0	0.0	0.0	0.0	0.0	0.0	0.0	0.0	0.0	0.0	0.0	0.0	0.0	0.0	0.0	0.0	0.0	0.3245505043356139	0.0	0.0	0.0	0.0	0.0	0.0	0.0	0.0	0.0	0.0	0.0	0.0	0.0	0.0	0.0	0.0	0.0	0.0	0.0	0.0	0.0	0.0	0.0	0.0	0.0	0.0	0.0	0.0	0.0	0.0	0.0	0.0	0.0	0.0	0.0	0.0	0.0	0.0	0.0	0.0	0.0	0.14830705829576382	0.0	0.0	0.0	0.0	0.0	0.0	0.0	0.0	0.0	0.046113087441906266	0.0	0.0
ACH-002358	11	58275328	C[C>T]G	0.15846023976160256	0.0	0.0	0.0	0.09514311068042741	0.14351998586173106	0.0	0.0	0.0	0.0	0.0	0.0	0.0	0.0	0.0	0.0	0.0	0.0	0.0	0.0	0.0	0.0	0.0	0.0	0.0	0.0	0.0	0.0	0.0	0.0	0.0	0.01166992400160553	0.0	0.0	0.0	0.0	0.0	0.0	0.0	0.0	0.0	0.0	0.0	0.0	0.0	0.0	0.0	0.0	0.0	0.0	0.0	0.0	0.0	0.0	0.0	0.0	0.0	0.0	0.0	0.0	0.0	0.0	0.0	0.0	0.0	0.0	0.0	0.0	0.0	0.0	0.0	0.0	0.0	0.5493654682977224	0.0	0.0	0.0	0.0	0.0	0.0	0.0	0.0	0.0	0.04184127139691097	0.0	0.0
ACH-002358	11	66411332	G[T>G]G	0.006000095426522942	0.0	0.0	0.0	0.6145108888116176	0.0068741197568511145	0.0	0.0	0.0	0.0	0.0	0.0	0.0	0.0	0.0	0.0	0.0	0.0	0.0	0.0	0.0	0.0	0.0	0.0	0.0	0.0	0.0	0.0	0.0	0.0	0.0	0.12267413952731099	0.0	0.0	0.0	0.0	0.0	0.0	0.0	0.0	0.0	0.0	0.0	0.0	0.0	0.0	0.0	0.0	0.0	0.0	0.0	0.0	0.0	0.0	0.0	0.0	0.0	0.0	0.0	0.0	0.0	0.0	0.0	0.0	0.0	0.0	0.0	0.0	0.0	0.0	0.0	0.0	0.0	0.2028813136867865	0.0	0.0	0.0	0.0	0.0	0.0	0.0	0.0	0.0	0.04705944279091093	0.0	0.0
ACH-002358	11	99872804	T[T>A]T	0.024392757803702127	0.0	0.0	0.0	0.6379132127139777	0.006720115922685498	0.0	0.0	0.0	0.0	0.0	0.0	0.0	0.0	0.0	0.0	0.0	0.0	0.0	0.0	0.0	0.0	0.0	0.0	0.0	0.0	0.0	0.0	0.0	0.0	0.0	0.05397002542952832	0.0	0.0	0.0	0.0	0.0	0.0	0.0	0.0	0.0	0.0	0.0	0.0	0.0	0.0	0.0	0.0	0.0	0.0	0.0	0.0	0.0	0.0	0.0	0.0	0.0	0.0	0.0	0.0	0.0	0.0	0.0	0.0	0.0	0.0	0.0	0.0	0.0	0.0	0.0	0.0	0.0	0.20735670407981363	0.0	0.0	0.0	0.0	0.0	0.0	0.0	0.0	0.0	0.06964718405029281	0.0	0.0
ACH-002358	11	108196068	A[T>G]A	0.002717170549832023	0.0	0.0	0.0	0.4100621237582699	0.000590432976979798	0.0	0.0	0.0	0.0	0.0	0.0	0.0	0.0	0.0	0.0	0.0	0.0	0.0	0.0	0.0	0.0	0.0	0.0	0.0	0.0	0.0	0.0	0.0	0.0	0.0	0.11527162864080384	0.0	0.0	0.0	0.0	0.0	0.0	0.0	0.0	0.0	0.0	0.0	0.0	0.0	0.0	0.0	0.0	0.0	0.0	0.0	0.0	0.0	0.0	0.0	0.0	0.0	0.0	0.0	0.0	0.0	0.0	0.0	0.0	0.0	0.0	0.0	0.0	0.0	0.0	0.0	0.0	0.0	0.45689960958696313	0.0	0.0	0.0	0.0	0.0	0.0	0.0	0.0	0.0	0.014459034487151417	0.0	0.0
ACH-002358	11	124266504	A[C>G]A	0.01696395681910522	0.0	0.0	0.0	0.6194563503314866	0.006250621507646796	0.0	0.0	0.0	0.0	0.0	0.0	0.0	0.0	0.0	0.0	0.0	0.0	0.0	0.0	0.0	0.0	0.0	0.0	0.0	0.0	0.0	0.0	0.0	0.0	0.0	0.0692453897997312	0.0	0.0	0.0	0.0	0.0	0.0	0.0	0.0	0.0	0.0	0.0	0.0	0.0	0.0	0.0	0.0	0.0	0.0	0.0	0.0	0.0	0.0	0.0	0.0	0.0	0.0	0.0	0.0	0.0	0.0	0.0	0.0	0.0	0.0	0.0	0.0	0.0	0.0	0.0	0.0	0.0	0.26084567961275296	0.0	0.0	0.0	0.0	0.0	0.0	0.0	0.0	0.0	0.027238001929277122	0.0	0.0
ACH-002358	11	134183334	T[C>G]A	3.389407738249435e-15	0.0	0.0	0.0	0.798402989556555	0.0010987594918287608	0.0	0.0	0.0	0.0	0.0	0.0	0.0	0.0	0.0	0.0	0.0	0.0	0.0	0.0	0.0	0.0	0.0	0.0	0.0	0.0	0.0	0.0	0.0	0.0	0.0	0.12958581115493173	0.0	0.0	0.0	0.0	0.0	0.0	0.0	0.0	0.0	0.0	0.0	0.0	0.0	0.0	0.0	0.0	0.0	0.0	0.0	0.0	0.0	0.0	0.0	0.0	0.0	0.0	0.0	0.0	0.0	0.0	0.0	0.0	0.0	0.0	0.0	0.0	0.0	0.0	0.0	0.0	0.0	0.03534694915119166	0.0	0.0	0.0	0.0	0.0	0.0	0.0	0.0	0.0	0.03556549064548945	0.0	0.0
ACH-002358	12	9004428	C[C>T]G	0.15846023976160256	0.0	0.0	0.0	0.09514311068042741	0.14351998586173106	0.0	0.0	0.0	0.0	0.0	0.0	0.0	0.0	0.0	0.0	0.0	0.0	0.0	0.0	0.0	0.0	0.0	0.0	0.0	0.0	0.0	0.0	0.0	0.0	0.0	0.01166992400160553	0.0	0.0	0.0	0.0	0.0	0.0	0.0	0.0	0.0	0.0	0.0	0.0	0.0	0.0	0.0	0.0	0.0	0.0	0.0	0.0	0.0	0.0	0.0	0.0	0.0	0.0	0.0	0.0	0.0	0.0	0.0	0.0	0.0	0.0	0.0	0.0	0.0	0.0	0.0	0.0	0.0	0.5493654682977224	0.0	0.0	0.0	0.0	0.0	0.0	0.0	0.0	0.0	0.04184127139691097	0.0	0.0
ACH-002358	12	55945040	T[T>A]A	0.0706368697699505	0.0	0.0	0.0	0.44603253710828233	0.006943945312775242	0.0	0.0	0.0	0.0	0.0	0.0	0.0	0.0	0.0	0.0	0.0	0.0	0.0	0.0	0.0	0.0	0.0	0.0	0.0	0.0	0.0	0.0	0.0	0.0	0.0	0.09844404120067365	0.0	0.0	0.0	0.0	0.0	0.0	0.0	0.0	0.0	0.0	0.0	0.0	0.0	0.0	0.0	0.0	0.0	0.0	0.0	0.0	0.0	0.0	0.0	0.0	0.0	0.0	0.0	0.0	0.0	0.0	0.0	0.0	0.0	0.0	0.0	0.0	0.0	0.0	0.0	0.0	0.0	0.31642046283341346	0.0	0.0	0.0	0.0	0.0	0.0	0.0	0.0	0.0	0.06152214377490485	0.0	0.0
ACH-002358	12	56495571	A[C>A]A	0.004260669230580592	0.0	0.0	0.0	0.3880615021225167	0.0029738660656827612	0.0	0.0	0.0	0.0	0.0	0.0	0.0	0.0	0.0	0.0	0.0	0.0	0.0	0.0	0.0	0.0	0.0	0.0	0.0	0.0	0.0	0.0	0.0	0.0	0.0	0.39790161583521805	0.0	0.0	0.0	0.0	0.0	0.0	0.0	0.0	0.0	0.0	0.0	0.0	0.0	0.0	0.0	0.0	0.0	0.0	0.0	0.0	0.0	0.0	0.0	0.0	0.0	0.0	0.0	0.0	0.0	0.0	0.0	0.0	0.0	0.0	0.0	0.0	0.0	0.0	0.0	0.0	0.0	0.15687379002516225	0.0	0.0	0.0	0.0	0.0	0.0	0.0	0.0	0.0	0.0499285567208396	0.0	0.0
ACH-002358	12	124156640	A[T>C]G	0.00038022994274303896	0.0	0.0	0.0	0.9214635555201723	0.02213063863615946	0.0	0.0	0.0	0.0	0.0	0.0	0.0	0.0	0.0	0.0	0.0	0.0	0.0	0.0	0.0	0.0	0.0	0.0	0.0	0.0	0.0	0.0	0.0	0.0	0.0	0.014351010158355965	0.0	0.0	0.0	0.0	0.0	0.0	0.0	0.0	0.0	0.0	0.0	0.0	0.0	0.0	0.0	0.0	0.0	0.0	0.0	0.0	0.0	0.0	0.0	0.0	0.0	0.0	0.0	0.0	0.0	0.0	0.0	0.0	0.0	0.0	0.0	0.0	0.0	0.0	0.0	0.0	0.0	0.012692252717194485	0.0	0.0	0.0	0.0	0.0	0.0	0.0	0.0	0.0	0.028982313025374577	0.0	0.0
ACH-002358	12	124242489	A[C>A]A	0.004260669230580592	0.0	0.0	0.0	0.3880615021225167	0.0029738660656827612	0.0	0.0	0.0	0.0	0.0	0.0	0.0	0.0	0.0	0.0	0.0	0.0	0.0	0.0	0.0	0.0	0.0	0.0	0.0	0.0	0.0	0.0	0.0	0.0	0.0	0.39790161583521805	0.0	0.0	0.0	0.0	0.0	0.0	0.0	0.0	0.0	0.0	0.0	0.0	0.0	0.0	0.0	0.0	0.0	0.0	0.0	0.0	0.0	0.0	0.0	0.0	0.0	0.0	0.0	0.0	0.0	0.0	0.0	0.0	0.0	0.0	0.0	0.0	0.0	0.0	0.0	0.0	0.0	0.15687379002516225	0.0	0.0	0.0	0.0	0.0	0.0	0.0	0.0	0.0	0.0499285567208396	0.0	0.0
ACH-002358	13	52585455	A[C>T]A	0.061418918529302445	0.0	0.0	0.0	0.5385856718422619	0.22914400275193456	0.0	0.0	0.0	0.0	0.0	0.0	0.0	0.0	0.0	0.0	0.0	0.0	0.0	0.0	0.0	0.0	0.0	0.0	0.0	0.0	0.0	0.0	0.0	0.0	0.0	0.06589829768347771	0.0	0.0	0.0	0.0	0.0	0.0	0.0	0.0	0.0	0.0	0.0	0.0	0.0	0.0	0.0	0.0	0.0	0.0	0.0	0.0	0.0	0.0	0.0	0.0	0.0	0.0	0.0	0.0	0.0	0.0	0.0	0.0	0.0	0.0	0.0	0.0	0.0	0.0	0.0	0.0	0.0	0.08418523684953455	0.0	0.0	0.0	0.0	0.0	0.0	0.0	0.0	0.0	0.020767872343488904	0.0	0.0
ACH-002358	13	77632478	T[T>A]T	0.024392757803702127	0.0	0.0	0.0	0.6379132127139777	0.006720115922685498	0.0	0.0	0.0	0.0	0.0	0.0	0.0	0.0	0.0	0.0	0.0	0.0	0.0	0.0	0.0	0.0	0.0	0.0	0.0	0.0	0.0	0.0	0.0	0.0	0.0	0.05397002542952832	0.0	0.0	0.0	0.0	0.0	0.0	0.0	0.0	0.0	0.0	0.0	0.0	0.0	0.0	0.0	0.0	0.0	0.0	0.0	0.0	0.0	0.0	0.0	0.0	0.0	0.0	0.0	0.0	0.0	0.0	0.0	0.0	0.0	0.0	0.0	0.0	0.0	0.0	0.0	0.0	0.0	0.20735670407981363	0.0	0.0	0.0	0.0	0.0	0.0	0.0	0.0	0.0	0.06964718405029281	0.0	0.0
ACH-002358	13	77724981	G[C>A]A	0.006543044538756531	0.0	0.0	0.0	0.28405220938118325	0.002572994972555941	0.0	0.0	0.0	0.0	0.0	0.0	0.0	0.0	0.0	0.0	0.0	0.0	0.0	0.0	0.0	0.0	0.0	0.0	0.0	0.0	0.0	0.0	0.0	0.0	0.0	0.5855222333218633	0.0	0.0	0.0	0.0	0.0	0.0	0.0	0.0	0.0	0.0	0.0	0.0	0.0	0.0	0.0	0.0	0.0	0.0	0.0	0.0	0.0	0.0	0.0	0.0	0.0	0.0	0.0	0.0	0.0	0.0	0.0	0.0	0.0	0.0	0.0	0.0	0.0	0.0	0.0	0.0	0.0	0.10694003955833575	0.0	0.0	0.0	0.0	0.0	0.0	0.0	0.0	0.0	0.014369478227305145	0.0	0.0
ACH-002358	13	92345964	G[C>T]G	0.3180790340011077	0.0	0.0	0.0	0.12068650105020011	0.3779086806324685	0.0	0.0	0.0	0.0	0.0	0.0	0.0	0.0	0.0	0.0	0.0	0.0	0.0	0.0	0.0	0.0	0.0	0.0	0.0	0.0	0.0	0.0	0.0	0.0	0.0	0.08424464683494828	0.0	0.0	0.0	0.0	0.0	0.0	0.0	0.0	0.0	0.0	0.0	0.0	0.0	0.0	0.0	0.0	0.0	0.0	0.0	0.0	0.0	0.0	0.0	0.0	0.0	0.0	0.0	0.0	0.0	0.0	0.0	0.0	0.0	0.0	0.0	0.0	0.0	0.0	0.0	0.0	0.0	0.09394213104074971	0.0	0.0	0.0	0.0	0.0	0.0	0.0	0.0	0.0	0.005139006440525784	0.0	0.0
ACH-002358	14	24108414	C[T>A]G	0.00530596176405492	0.0	0.0	0.0	0.5517376258309326	0.0027403478836128493	0.0	0.0	0.0	0.0	0.0	0.0	0.0	0.0	0.0	0.0	0.0	0.0	0.0	0.0	0.0	0.0	0.0	0.0	0.0	0.0	0.0	0.0	0.0	0.0	0.0	0.18724830335953296	0.0	0.0	0.0	0.0	0.0	0.0	0.0	0.0	0.0	0.0	0.0	0.0	0.0	0.0	0.0	0.0	0.0	0.0	0.0	0.0	0.0	0.0	0.0	0.0	0.0	0.0	0.0	0.0	0.0	0.0	0.0	0.0	0.0	0.0	0.0	0.0	0.0	0.0	0.0	0.0	0.0	0.16476459837444668	0.0	0.0	0.0	0.0	0.0	0.0	0.0	0.0	0.0	0.08820316278741991	0.0	0.0
ACH-002358	14	65260131	G[C>T]G	0.3180790340011077	0.0	0.0	0.0	0.12068650105020011	0.3779086806324685	0.0	0.0	0.0	0.0	0.0	0.0	0.0	0.0	0.0	0.0	0.0	0.0	0.0	0.0	0.0	0.0	0.0	0.0	0.0	0.0	0.0	0.0	0.0	0.0	0.0	0.08424464683494828	0.0	0.0	0.0	0.0	0.0	0.0	0.0	0.0	0.0	0.0	0.0	0.0	0.0	0.0	0.0	0.0	0.0	0.0	0.0	0.0	0.0	0.0	0.0	0.0	0.0	0.0	0.0	0.0	0.0	0.0	0.0	0.0	0.0	0.0	0.0	0.0	0.0	0.0	0.0	0.0	0.0	0.09394213104074971	0.0	0.0	0.0	0.0	0.0	0.0	0.0	0.0	0.0	0.005139006440525784	0.0	0.0
ACH-002358	14	105843243	G[T>G]G	0.006000095426522942	0.0	0.0	0.0	0.6145108888116176	0.0068741197568511145	0.0	0.0	0.0	0.0	0.0	0.0	0.0	0.0	0.0	0.0	0.0	0.0	0.0	0.0	0.0	0.0	0.0	0.0	0.0	0.0	0.0	0.0	0.0	0.0	0.0	0.12267413952731099	0.0	0.0	0.0	0.0	0.0	0.0	0.0	0.0	0.0	0.0	0.0	0.0	0.0	0.0	0.0	0.0	0.0	0.0	0.0	0.0	0.0	0.0	0.0	0.0	0.0	0.0	0.0	0.0	0.0	0.0	0.0	0.0	0.0	0.0	0.0	0.0	0.0	0.0	0.0	0.0	0.0	0.2028813136867865	0.0	0.0	0.0	0.0	0.0	0.0	0.0	0.0	0.0	0.04705944279091093	0.0	0.0
ACH-002358	15	29346257	G[C>T]G	0.3180790340011077	0.0	0.0	0.0	0.12068650105020011	0.3779086806324685	0.0	0.0	0.0	0.0	0.0	0.0	0.0	0.0	0.0	0.0	0.0	0.0	0.0	0.0	0.0	0.0	0.0	0.0	0.0	0.0	0.0	0.0	0.0	0.0	0.0	0.08424464683494828	0.0	0.0	0.0	0.0	0.0	0.0	0.0	0.0	0.0	0.0	0.0	0.0	0.0	0.0	0.0	0.0	0.0	0.0	0.0	0.0	0.0	0.0	0.0	0.0	0.0	0.0	0.0	0.0	0.0	0.0	0.0	0.0	0.0	0.0	0.0	0.0	0.0	0.0	0.0	0.0	0.0	0.09394213104074971	0.0	0.0	0.0	0.0	0.0	0.0	0.0	0.0	0.0	0.005139006440525784	0.0	0.0
ACH-002358	15	29385365	C[C>T]G	0.15846023976160256	0.0	0.0	0.0	0.09514311068042741	0.14351998586173106	0.0	0.0	0.0	0.0	0.0	0.0	0.0	0.0	0.0	0.0	0.0	0.0	0.0	0.0	0.0	0.0	0.0	0.0	0.0	0.0	0.0	0.0	0.0	0.0	0.0	0.01166992400160553	0.0	0.0	0.0	0.0	0.0	0.0	0.0	0.0	0.0	0.0	0.0	0.0	0.0	0.0	0.0	0.0	0.0	0.0	0.0	0.0	0.0	0.0	0.0	0.0	0.0	0.0	0.0	0.0	0.0	0.0	0.0	0.0	0.0	0.0	0.0	0.0	0.0	0.0	0.0	0.0	0.0	0.5493654682977224	0.0	0.0	0.0	0.0	0.0	0.0	0.0	0.0	0.0	0.04184127139691097	0.0	0.0
ACH-002358	15	53081526	C[C>T]G	0.15846023976160256	0.0	0.0	0.0	0.09514311068042741	0.14351998586173106	0.0	0.0	0.0	0.0	0.0	0.0	0.0	0.0	0.0	0.0	0.0	0.0	0.0	0.0	0.0	0.0	0.0	0.0	0.0	0.0	0.0	0.0	0.0	0.0	0.0	0.01166992400160553	0.0	0.0	0.0	0.0	0.0	0.0	0.0	0.0	0.0	0.0	0.0	0.0	0.0	0.0	0.0	0.0	0.0	0.0	0.0	0.0	0.0	0.0	0.0	0.0	0.0	0.0	0.0	0.0	0.0	0.0	0.0	0.0	0.0	0.0	0.0	0.0	0.0	0.0	0.0	0.0	0.0	0.5493654682977224	0.0	0.0	0.0	0.0	0.0	0.0	0.0	0.0	0.0	0.04184127139691097	0.0	0.0
ACH-002358	16	1551762	T[C>T]G	0.20806022807990054	0.0	0.0	0.0	0.20224070566480665	0.14311595063620094	0.0	0.0	0.0	0.0	0.0	0.0	0.0	0.0	0.0	0.0	0.0	0.0	0.0	0.0	0.0	0.0	0.0	0.0	0.0	0.0	0.0	0.0	0.0	0.0	0.0	0.01156587943251439	0.0	0.0	0.0	0.0	0.0	0.0	0.0	0.0	0.0	0.0	0.0	0.0	0.0	0.0	0.0	0.0	0.0	0.0	0.0	0.0	0.0	0.0	0.0	0.0	0.0	0.0	0.0	0.0	0.0	0.0	0.0	0.0	0.0	0.0	0.0	0.0	0.0	0.0	0.0	0.0	0.0	0.40955263584258306	0.0	0.0	0.0	0.0	0.0	0.0	0.0	0.0	0.0	0.02546460034399431	0.0	0.0
ACH-002358	16	2158566	C[C>T]A	0.0029878697450457826	0.0	0.0	0.0	0.19489850323971533	0.029563711016509613	0.0	0.0	0.0	0.0	0.0	0.0	0.0	0.0	0.0	0.0	0.0	0.0	0.0	0.0	0.0	0.0	0.0	0.0	0.0	0.0	0.0	0.0	0.0	0.0	0.0	0.018270232259127696	0.0	0.0	0.0	0.0	0.0	0.0	0.0	0.0	0.0	0.0	0.0	0.0	0.0	0.0	0.0	0.0	0.0	0.0	0.0	0.0	0.0	0.0	0.0	0.0	0.0	0.0	0.0	0.0	0.0	0.0	0.0	0.0	0.0	0.0	0.0	0.0	0.0	0.0	0.0	0.0	0.0	0.0455333218438446	0.0	0.0	0.0	0.0	0.0	0.0	0.0	0.0	0.0	0.708746361895757	0.0	0.0
ACH-002358	16	10992584	A[T>C]T	0.019244048129281117	0.0	0.0	0.0	0.8634920395819125	0.0024489292271179363	0.0	0.0	0.0	0.0	0.0	0.0	0.0	0.0	0.0	0.0	0.0	0.0	0.0	0.0	0.0	0.0	0.0	0.0	0.0	0.0	0.0	0.0	0.0	0.0	0.0	0.018595348827253857	0.0	0.0	0.0	0.0	0.0	0.0	0.0	0.0	0.0	0.0	0.0	0.0	0.0	0.0	0.0	0.0	0.0	0.0	0.0	0.0	0.0	0.0	0.0	0.0	0.0	0.0	0.0	0.0	0.0	0.0	0.0	0.0	0.0	0.0	0.0	0.0	0.0	0.0	0.0	0.0	0.0	0.06796165611886891	0.0	0.0	0.0	0.0	0.0	0.0	0.0	0.0	0.0	0.028257978115565893	0.0	0.0
ACH-002358	16	29825161	C[C>T]C	0.0010886137096288591	0.0	0.0	0.0	0.5151558369826653	0.08682804009847075	0.0	0.0	0.0	0.0	0.0	0.0	0.0	0.0	0.0	0.0	0.0	0.0	0.0	0.0	0.0	0.0	0.0	0.0	0.0	0.0	0.0	0.0	0.0	0.0	0.0	0.08111165787430193	0.0	0.0	0.0	0.0	0.0	0.0	0.0	0.0	0.0	0.0	0.0	0.0	0.0	0.0	0.0	0.0	0.0	0.0	0.0	0.0	0.0	0.0	0.0	0.0	0.0	0.0	0.0	0.0	0.0	0.0	0.0	0.0	0.0	0.0	0.0	0.0	0.0	0.0	0.0	0.0	0.0	0.1179342659496741	0.0	0.0	0.0	0.0	0.0	0.0	0.0	0.0	0.0	0.19788158538525927	0.0	0.0
ACH-002358	16	29828000	C[C>T]T	0.00046531005934623135	0.0	0.0	0.0	0.3687847808607011	0.04767090267184936	0.0	0.0	0.0	0.0	0.0	0.0	0.0	0.0	0.0	0.0	0.0	0.0	0.0	0.0	0.0	0.0	0.0	0.0	0.0	0.0	0.0	0.0	0.0	0.0	0.0	0.02315118681472743	0.0	0.0	0.0	0.0	0.0	0.0	0.0	0.0	0.0	0.0	0.0	0.0	0.0	0.0	0.0	0.0	0.0	0.0	0.0	0.0	0.0	0.0	0.0	0.0	0.0	0.0	0.0	0.0	0.0	0.0	0.0	0.0	0.0	0.0	0.0	0.0	0.0	0.0	0.0	0.0	0.0	0.06009163451595409	0.0	0.0	0.0	0.0	0.0	0.0	0.0	0.0	0.0	0.49983618507742184	0.0	0.0
ACH-002358	16	57828923	A[C>T]C	0.031072899460271496	0.0	0.0	0.0	0.5918242561408094	0.1638281286020251	0.0	0.0	0.0	0.0	0.0	0.0	0.0	0.0	0.0	0.0	0.0	0.0	0.0	0.0	0.0	0.0	0.0	0.0	0.0	0.0	0.0	0.0	0.0	0.0	0.0	0.12517359635431707	0.0	0.0	0.0	0.0	0.0	0.0	0.0	0.0	0.0	0.0	0.0	0.0	0.0	0.0	0.0	0.0	0.0	0.0	0.0	0.0	0.0	0.0	0.0	0.0	0.0	0.0	0.0	0.0	0.0	0.0	0.0	0.0	0.0	0.0	0.0	0.0	0.0	0.0	0.0	0.0	0.0	0.06355729738405465	0.0	0.0	0.0	0.0	0.0	0.0	0.0	0.0	0.0	0.02454382205852236	0.0	0.0
ACH-002358	16	70285790	G[T>A]G	0.004030548002487991	0.0	0.0	0.0	0.4528405485873193	0.004648913522467818	0.0	0.0	0.0	0.0	0.0	0.0	0.0	0.0	0.0	0.0	0.0	0.0	0.0	0.0	0.0	0.0	0.0	0.0	0.0	0.0	0.0	0.0	0.0	0.0	0.0	0.09273803705022253	0.0	0.0	0.0	0.0	0.0	0.0	0.0	0.0	0.0	0.0	0.0	0.0	0.0	0.0	0.0	0.0	0.0	0.0	0.0	0.0	0.0	0.0	0.0	0.0	0.0	0.0	0.0	0.0	0.0	0.0	0.0	0.0	0.0	0.0	0.0	0.0	0.0	0.0	0.0	0.0	0.0	0.405696853858639	0.0	0.0	0.0	0.0	0.0	0.0	0.0	0.0	0.0	0.040045098978863373	0.0	0.0
ACH-002358	16	81303862	C[T>C]T	0.00028844348979128684	0.0	0.0	0.0	0.6785621118871583	0.012514690181948921	0.0	0.0	0.0	0.0	0.0	0.0	0.0	0.0	0.0	0.0	0.0	0.0	0.0	0.0	0.0	0.0	0.0	0.0	0.0	0.0	0.0	0.0	0.0	0.0	0.0	0.05588109413384189	0.0	0.0	0.0	0.0	0.0	0.0	0.0	0.0	0.0	0.0	0.0	0.0	0.0	0.0	0.0	0.0	0.0	0.0	0.0	0.0	0.0	0.0	0.0	0.0	0.0	0.0	0.0	0.0	0.0	0.0	0.0	0.0	0.0	0.0	0.0	0.0	0.0	0.0	0.0	0.0	0.0	0.21807834677694202	0.0	0.0	0.0	0.0	0.0	0.0	0.0	0.0	0.0	0.03467531353031756	0.0	0.0
ACH-002358	17	4578612	A[T>C]A	0.002914942023390768	0.0	0.0	0.0	0.8308463063814359	0.008599721929293714	0.0	0.0	0.0	0.0	0.0	0.0	0.0	0.0	0.0	0.0	0.0	0.0	0.0	0.0	0.0	0.0	0.0	0.0	0.0	0.0	0.0	0.0	0.0	0.0	0.0	0.03890573952816367	0.0	0.0	0.0	0.0	0.0	0.0	0.0	0.0	0.0	0.0	0.0	0.0	0.0	0.0	0.0	0.0	0.0	0.0	0.0	0.0	0.0	0.0	0.0	0.0	0.0	0.0	0.0	0.0	0.0	0.0	0.0	0.0	0.0	0.0	0.0	0.0	0.0	0.0	0.0	0.0	0.0	0.08959660101100397	0.0	0.0	0.0	0.0	0.0	0.0	0.0	0.0	0.0	0.02913668912671197	0.0	0.0
ACH-002358	17	4846182	T[T>G]T	1.7658038548792419e-15	0.0	0.0	0.0	0.7189911838906005	0.011639234561850061	0.0	0.0	0.0	0.0	0.0	0.0	0.0	0.0	0.0	0.0	0.0	0.0	0.0	0.0	0.0	0.0	0.0	0.0	0.0	0.0	0.0	0.0	0.0	0.0	0.0	0.07129186513801683	0.0	0.0	0.0	0.0	0.0	0.0	0.0	0.0	0.0	0.0	0.0	0.0	0.0	0.0	0.0	0.0	0.0	0.0	0.0	0.0	0.0	0.0	0.0	0.0	0.0	0.0	0.0	0.0	0.0	0.0	0.0	0.0	0.0	0.0	0.0	0.0	0.0	0.0	0.0	0.0	0.0	0.17998575945777576	0.0	0.0	0.0	0.0	0.0	0.0	0.0	0.0	0.0	0.018091956951755007	0.0	0.0
ACH-002358	17	6900243	G[C>A]G	0.0029744626602408353	0.0	0.0	0.0	0.07973729645180622	0.0026322514069364463	0.0	0.0	0.0	0.0	0.0	0.0	0.0	0.0	0.0	0.0	0.0	0.0	0.0	0.0	0.0	0.0	0.0	0.0	0.0	0.0	0.0	0.0	0.0	0.0	0.0	0.7590774136269202	0.0	0.0	0.0	0.0	0.0	0.0	0.0	0.0	0.0	0.0	0.0	0.0	0.0	0.0	0.0	0.0	0.0	0.0	0.0	0.0	0.0	0.0	0.0	0.0	0.0	0.0	0.0	0.0	0.0	0.0	0.0	0.0	0.0	0.0	0.0	0.0	0.0	0.0	0.0	0.0	0.0	0.15268730601851124	0.0	0.0	0.0	0.0	0.0	0.0	0.0	0.0	0.0	0.002891269835585024	0.0	0.0
ACH-002358	17	15406446	G[C>G]G	0.004371104683603428	0.0	0.0	0.0	0.26738458719335334	8.501342775363656e-15	0.0	0.0	0.0	0.0	0.0	0.0	0.0	0.0	0.0	0.0	0.0	0.0	0.0	0.0	0.0	0.0	0.0	0.0	0.0	0.0	0.0	0.0	0.0	0.0	0.0	0.18795075919827	0.0	0.0	0.0	0.0	0.0	0.0	0.0	0.0	0.0	0.0	0.0	0.0	0.0	0.0	0.0	0.0	0.0	0.0	0.0	0.0	0.0	0.0	0.0	0.0	0.0	0.0	0.0	0.0	0.0	0.0	0.0	0.0	0.0	0.0	0.0	0.0	0.0	0.0	0.0	0.0	0.0	0.522284014309833	0.0	0.0	0.0	0.0	0.0	0.0	0.0	0.0	0.0	0.018009534614931825	0.0	0.0
ACH-002358	17	27047804	A[C>G]A	0.01696395681910522	0.0	0.0	0.0	0.6194563503314866	0.006250621507646796	0.0	0.0	0.0	0.0	0.0	0.0	0.0	0.0	0.0	0.0	0.0	0.0	0.0	0.0	0.0	0.0	0.0	0.0	0.0	0.0	0.0	0.0	0.0	0.0	0.0	0.0692453897997312	0.0	0.0	0.0	0.0	0.0	0.0	0.0	0.0	0.0	0.0	0.0	0.0	0.0	0.0	0.0	0.0	0.0	0.0	0.0	0.0	0.0	0.0	0.0	0.0	0.0	0.0	0.0	0.0	0.0	0.0	0.0	0.0	0.0	0.0	0.0	0.0	0.0	0.0	0.0	0.0	0.0	0.26084567961275296	0.0	0.0	0.0	0.0	0.0	0.0	0.0	0.0	0.0	0.027238001929277122	0.0	0.0
ACH-002358	17	35771459	C[C>T]G	0.15846023976160256	0.0	0.0	0.0	0.09514311068042741	0.14351998586173106	0.0	0.0	0.0	0.0	0.0	0.0	0.0	0.0	0.0	0.0	0.0	0.0	0.0	0.0	0.0	0.0	0.0	0.0	0.0	0.0	0.0	0.0	0.0	0.0	0.0	0.01166992400160553	0.0	0.0	0.0	0.0	0.0	0.0	0.0	0.0	0.0	0.0	0.0	0.0	0.0	0.0	0.0	0.0	0.0	0.0	0.0	0.0	0.0	0.0	0.0	0.0	0.0	0.0	0.0	0.0	0.0	0.0	0.0	0.0	0.0	0.0	0.0	0.0	0.0	0.0	0.0	0.0	0.0	0.5493654682977224	0.0	0.0	0.0	0.0	0.0	0.0	0.0	0.0	0.0	0.04184127139691097	0.0	0.0
ACH-002358	17	42082039	A[C>T]G	0.35459437149252204	0.0	0.0	0.0	0.04037406560248141	0.1696322937698636	0.0	0.0	0.0	0.0	0.0	0.0	0.0	0.0	0.0	0.0	0.0	0.0	0.0	0.0	0.0	0.0	0.0	0.0	0.0	0.0	0.0	0.0	0.0	0.0	0.0	0.0011350943118997672	0.0	0.0	0.0	0.0	0.0	0.0	0.0	0.0	0.0	0.0	0.0	0.0	0.0	0.0	0.0	0.0	0.0	0.0	0.0	0.0	0.0	0.0	0.0	0.0	0.0	0.0	0.0	0.0	0.0	0.0	0.0	0.0	0.0	0.0	0.0	0.0	0.0	0.0	0.0	0.0	0.0	0.42992107368177696	0.0	0.0	0.0	0.0	0.0	0.0	0.0	0.0	0.0	0.004343101141456336	0.0	0.0
ACH-002358	17	43545724	A[C>T]A	0.061418918529302445	0.0	0.0	0.0	0.5385856718422619	0.22914400275193456	0.0	0.0	0.0	0.0	0.0	0.0	0.0	0.0	0.0	0.0	0.0	0.0	0.0	0.0	0.0	0.0	0.0	0.0	0.0	0.0	0.0	0.0	0.0	0.0	0.0	0.06589829768347771	0.0	0.0	0.0	0.0	0.0	0.0	0.0	0.0	0.0	0.0	0.0	0.0	0.0	0.0	0.0	0.0	0.0	0.0	0.0	0.0	0.0	0.0	0.0	0.0	0.0	0.0	0.0	0.0	0.0	0.0	0.0	0.0	0.0	0.0	0.0	0.0	0.0	0.0	0.0	0.0	0.0	0.08418523684953455	0.0	0.0	0.0	0.0	0.0	0.0	0.0	0.0	0.0	0.020767872343488904	0.0	0.0
ACH-002358	17	62080239	C[C>G]G	0.0010571034793297736	0.0	0.0	0.0	0.05028632113968661	0.0003681740904417142	0.0	0.0	0.0	0.0	0.0	0.0	0.0	0.0	0.0	0.0	0.0	0.0	0.0	0.0	0.0	0.0	0.0	0.0	0.0	0.0	0.0	0.0	0.0	0.0	0.0	0.006451153618974155	0.0	0.0	0.0	0.0	0.0	0.0	0.0	0.0	0.0	0.0	0.0	0.0	0.0	0.0	0.0	0.0	0.0	0.0	0.0	0.0	0.0	0.0	0.0	0.0	0.0	0.0	0.0	0.0	0.0	0.0	0.0	0.0	0.0	0.0	0.0	0.0	0.0	0.0	0.0	0.0	0.0	0.9388279130880949	0.0	0.0	0.0	0.0	0.0	0.0	0.0	0.0	0.0	0.003009334583472898	0.0	0.0
ACH-002358	18	12277158	T[C>T]A	0.004797976996888469	0.0	0.0	0.0	0.5900738088143743	0.07547529180988781	0.0	0.0	0.0	0.0	0.0	0.0	0.0	0.0	0.0	0.0	0.0	0.0	0.0	0.0	0.0	0.0	0.0	0.0	0.0	0.0	0.0	0.0	0.0	0.0	0.0	0.023581781603947877	0.0	0.0	0.0	0.0	0.0	0.0	0.0	0.0	0.0	0.0	0.0	0.0	0.0	0.0	0.0	0.0	0.0	0.0	0.0	0.0	0.0	0.0	0.0	0.0	0.0	0.0	0.0	0.0	0.0	0.0	0.0	0.0	0.0	0.0	0.0	0.0	0.0	0.0	0.0	0.0	0.0	0.00013703828129067491	0.0	0.0	0.0	0.0	0.0	0.0	0.0	0.0	0.0	0.30593410249361075	0.0	0.0
ACH-002358	18	32834072	A[T>C]G	0.00038022994274303896	0.0	0.0	0.0	0.9214635555201723	0.02213063863615946	0.0	0.0	0.0	0.0	0.0	0.0	0.0	0.0	0.0	0.0	0.0	0.0	0.0	0.0	0.0	0.0	0.0	0.0	0.0	0.0	0.0	0.0	0.0	0.0	0.0	0.014351010158355965	0.0	0.0	0.0	0.0	0.0	0.0	0.0	0.0	0.0	0.0	0.0	0.0	0.0	0.0	0.0	0.0	0.0	0.0	0.0	0.0	0.0	0.0	0.0	0.0	0.0	0.0	0.0	0.0	0.0	0.0	0.0	0.0	0.0	0.0	0.0	0.0	0.0	0.0	0.0	0.0	0.0	0.012692252717194485	0.0	0.0	0.0	0.0	0.0	0.0	0.0	0.0	0.0	0.028982313025374577	0.0	0.0
ACH-002358	18	47107944	G[C>T]T	0.00013212790753571916	0.0	0.0	0.0	0.43045570440161596	0.3725647094104595	0.0	0.0	0.0	0.0	0.0	0.0	0.0	0.0	0.0	0.0	0.0	0.0	0.0	0.0	0.0	0.0	0.0	0.0	0.0	0.0	0.0	0.0	0.0	0.0	0.0	0.15880586617117148	0.0	0.0	0.0	0.0	0.0	0.0	0.0	0.0	0.0	0.0	0.0	0.0	0.0	0.0	0.0	0.0	0.0	0.0	0.0	0.0	0.0	0.0	0.0	0.0	0.0	0.0	0.0	0.0	0.0	0.0	0.0	0.0	0.0	0.0	0.0	0.0	0.0	0.0	0.0	0.0	0.0	0.018097419359507944	0.0	0.0	0.0	0.0	0.0	0.0	0.0	0.0	0.0	0.019944172749709315	0.0	0.0
ACH-002358	18	48581264	G[C>G]A	0.0001973895934503569	0.0	0.0	0.0	0.6478935634745177	0.0005808107859227489	0.0	0.0	0.0	0.0	0.0	0.0	0.0	0.0	0.0	0.0	0.0	0.0	0.0	0.0	0.0	0.0	0.0	0.0	0.0	0.0	0.0	0.0	0.0	0.0	0.0	0.12728630229595567	0.0	0.0	0.0	0.0	0.0	0.0	0.0	0.0	0.0	0.0	0.0	0.0	0.0	0.0	0.0	0.0	0.0	0.0	0.0	0.0	0.0	0.0	0.0	0.0	0.0	0.0	0.0	0.0	0.0	0.0	0.0	0.0	0.0	0.0	0.0	0.0	0.0	0.0	0.0	0.0	0.0	0.19591780694334854	0.0	0.0	0.0	0.0	0.0	0.0	0.0	0.0	0.0	0.028124126906804943	0.0	0.0
ACH-002358	18	61022460	T[C>A]T	3.631744350343691e-05	0.0	0.0	0.0	0.5275867326119345	0.006714661830279228	0.0	0.0	0.0	0.0	0.0	0.0	0.0	0.0	0.0	0.0	0.0	0.0	0.0	0.0	0.0	0.0	0.0	0.0	0.0	0.0	0.0	0.0	0.0	0.0	0.0	0.32016949759650815	0.0	0.0	0.0	0.0	0.0	0.0	0.0	0.0	0.0	0.0	0.0	0.0	0.0	0.0	0.0	0.0	0.0	0.0	0.0	0.0	0.0	0.0	0.0	0.0	0.0	0.0	0.0	0.0	0.0	0.0	0.0	0.0	0.0	0.0	0.0	0.0	0.0	0.0	0.0	0.0	0.0	0.09284369138574548	0.0	0.0	0.0	0.0	0.0	0.0	0.0	0.0	0.0	0.05264909913202922	0.0	0.0
ACH-002358	18	74639935	C[C>T]G	0.15846023976160256	0.0	0.0	0.0	0.09514311068042741	0.14351998586173106	0.0	0.0	0.0	0.0	0.0	0.0	0.0	0.0	0.0	0.0	0.0	0.0	0.0	0.0	0.0	0.0	0.0	0.0	0.0	0.0	0.0	0.0	0.0	0.0	0.0	0.01166992400160553	0.0	0.0	0.0	0.0	0.0	0.0	0.0	0.0	0.0	0.0	0.0	0.0	0.0	0.0	0.0	0.0	0.0	0.0	0.0	0.0	0.0	0.0	0.0	0.0	0.0	0.0	0.0	0.0	0.0	0.0	0.0	0.0	0.0	0.0	0.0	0.0	0.0	0.0	0.0	0.0	0.0	0.5493654682977224	0.0	0.0	0.0	0.0	0.0	0.0	0.0	0.0	0.0	0.04184127139691097	0.0	0.0
ACH-002358	19	590366	G[C>A]C	0.0009307907773072273	0.0	0.0	0.0	0.14125021447043823	0.003647638898391508	0.0	0.0	0.0	0.0	0.0	0.0	0.0	0.0	0.0	0.0	0.0	0.0	0.0	0.0	0.0	0.0	0.0	0.0	0.0	0.0	0.0	0.0	0.0	0.0	0.0	0.7989004311890534	0.0	0.0	0.0	0.0	0.0	0.0	0.0	0.0	0.0	0.0	0.0	0.0	0.0	0.0	0.0	0.0	0.0	0.0	0.0	0.0	0.0	0.0	0.0	0.0	0.0	0.0	0.0	0.0	0.0	0.0	0.0	0.0	0.0	0.0	0.0	0.0	0.0	0.0	0.0	0.0	0.0	0.04657847092921167	0.0	0.0	0.0	0.0	0.0	0.0	0.0	0.0	0.0	0.008692453735597896	0.0	0.0
ACH-002358	19	590367	G[C>T]G	0.3180790340011077	0.0	0.0	0.0	0.12068650105020011	0.3779086806324685	0.0	0.0	0.0	0.0	0.0	0.0	0.0	0.0	0.0	0.0	0.0	0.0	0.0	0.0	0.0	0.0	0.0	0.0	0.0	0.0	0.0	0.0	0.0	0.0	0.0	0.08424464683494828	0.0	0.0	0.0	0.0	0.0	0.0	0.0	0.0	0.0	0.0	0.0	0.0	0.0	0.0	0.0	0.0	0.0	0.0	0.0	0.0	0.0	0.0	0.0	0.0	0.0	0.0	0.0	0.0	0.0	0.0	0.0	0.0	0.0	0.0	0.0	0.0	0.0	0.0	0.0	0.0	0.0	0.09394213104074971	0.0	0.0	0.0	0.0	0.0	0.0	0.0	0.0	0.0	0.005139006440525784	0.0	0.0
ACH-002358	19	1255509	G[C>T]G	0.3180790340011077	0.0	0.0	0.0	0.12068650105020011	0.3779086806324685	0.0	0.0	0.0	0.0	0.0	0.0	0.0	0.0	0.0	0.0	0.0	0.0	0.0	0.0	0.0	0.0	0.0	0.0	0.0	0.0	0.0	0.0	0.0	0.0	0.0	0.08424464683494828	0.0	0.0	0.0	0.0	0.0	0.0	0.0	0.0	0.0	0.0	0.0	0.0	0.0	0.0	0.0	0.0	0.0	0.0	0.0	0.0	0.0	0.0	0.0	0.0	0.0	0.0	0.0	0.0	0.0	0.0	0.0	0.0	0.0	0.0	0.0	0.0	0.0	0.0	0.0	0.0	0.0	0.09394213104074971	0.0	0.0	0.0	0.0	0.0	0.0	0.0	0.0	0.0	0.005139006440525784	0.0	0.0
ACH-002358	19	8841772	C[C>T]A	0.0029878697450457826	0.0	0.0	0.0	0.19489850323971533	0.029563711016509613	0.0	0.0	0.0	0.0	0.0	0.0	0.0	0.0	0.0	0.0	0.0	0.0	0.0	0.0	0.0	0.0	0.0	0.0	0.0	0.0	0.0	0.0	0.0	0.0	0.0	0.018270232259127696	0.0	0.0	0.0	0.0	0.0	0.0	0.0	0.0	0.0	0.0	0.0	0.0	0.0	0.0	0.0	0.0	0.0	0.0	0.0	0.0	0.0	0.0	0.0	0.0	0.0	0.0	0.0	0.0	0.0	0.0	0.0	0.0	0.0	0.0	0.0	0.0	0.0	0.0	0.0	0.0	0.0	0.0455333218438446	0.0	0.0	0.0	0.0	0.0	0.0	0.0	0.0	0.0	0.708746361895757	0.0	0.0
ACH-002358	19	9049133	C[C>T]A	0.0029878697450457826	0.0	0.0	0.0	0.19489850323971533	0.029563711016509613	0.0	0.0	0.0	0.0	0.0	0.0	0.0	0.0	0.0	0.0	0.0	0.0	0.0	0.0	0.0	0.0	0.0	0.0	0.0	0.0	0.0	0.0	0.0	0.0	0.0	0.018270232259127696	0.0	0.0	0.0	0.0	0.0	0.0	0.0	0.0	0.0	0.0	0.0	0.0	0.0	0.0	0.0	0.0	0.0	0.0	0.0	0.0	0.0	0.0	0.0	0.0	0.0	0.0	0.0	0.0	0.0	0.0	0.0	0.0	0.0	0.0	0.0	0.0	0.0	0.0	0.0	0.0	0.0	0.0455333218438446	0.0	0.0	0.0	0.0	0.0	0.0	0.0	0.0	0.0	0.708746361895757	0.0	0.0
ACH-002358	19	12296712	A[T>C]T	0.019244048129281117	0.0	0.0	0.0	0.8634920395819125	0.0024489292271179363	0.0	0.0	0.0	0.0	0.0	0.0	0.0	0.0	0.0	0.0	0.0	0.0	0.0	0.0	0.0	0.0	0.0	0.0	0.0	0.0	0.0	0.0	0.0	0.0	0.0	0.018595348827253857	0.0	0.0	0.0	0.0	0.0	0.0	0.0	0.0	0.0	0.0	0.0	0.0	0.0	0.0	0.0	0.0	0.0	0.0	0.0	0.0	0.0	0.0	0.0	0.0	0.0	0.0	0.0	0.0	0.0	0.0	0.0	0.0	0.0	0.0	0.0	0.0	0.0	0.0	0.0	0.0	0.0	0.06796165611886891	0.0	0.0	0.0	0.0	0.0	0.0	0.0	0.0	0.0	0.028257978115565893	0.0	0.0
ACH-002358	19	14554339	G[C>A]G	0.0029744626602408353	0.0	0.0	0.0	0.07973729645180622	0.0026322514069364463	0.0	0.0	0.0	0.0	0.0	0.0	0.0	0.0	0.0	0.0	0.0	0.0	0.0	0.0	0.0	0.0	0.0	0.0	0.0	0.0	0.0	0.0	0.0	0.0	0.0	0.7590774136269202	0.0	0.0	0.0	0.0	0.0	0.0	0.0	0.0	0.0	0.0	0.0	0.0	0.0	0.0	0.0	0.0	0.0	0.0	0.0	0.0	0.0	0.0	0.0	0.0	0.0	0.0	0.0	0.0	0.0	0.0	0.0	0.0	0.0	0.0	0.0	0.0	0.0	0.0	0.0	0.0	0.0	0.15268730601851124	0.0	0.0	0.0	0.0	0.0	0.0	0.0	0.0	0.0	0.002891269835585024	0.0	0.0
ACH-002358	19	15558946	T[C>T]G	0.20806022807990054	0.0	0.0	0.0	0.20224070566480665	0.14311595063620094	0.0	0.0	0.0	0.0	0.0	0.0	0.0	0.0	0.0	0.0	0.0	0.0	0.0	0.0	0.0	0.0	0.0	0.0	0.0	0.0	0.0	0.0	0.0	0.0	0.0	0.01156587943251439	0.0	0.0	0.0	0.0	0.0	0.0	0.0	0.0	0.0	0.0	0.0	0.0	0.0	0.0	0.0	0.0	0.0	0.0	0.0	0.0	0.0	0.0	0.0	0.0	0.0	0.0	0.0	0.0	0.0	0.0	0.0	0.0	0.0	0.0	0.0	0.0	0.0	0.0	0.0	0.0	0.0	0.40955263584258306	0.0	0.0	0.0	0.0	0.0	0.0	0.0	0.0	0.0	0.02546460034399431	0.0	0.0
ACH-002358	19	19408067	G[C>A]C	0.0009307907773072273	0.0	0.0	0.0	0.14125021447043823	0.003647638898391508	0.0	0.0	0.0	0.0	0.0	0.0	0.0	0.0	0.0	0.0	0.0	0.0	0.0	0.0	0.0	0.0	0.0	0.0	0.0	0.0	0.0	0.0	0.0	0.0	0.0	0.7989004311890534	0.0	0.0	0.0	0.0	0.0	0.0	0.0	0.0	0.0	0.0	0.0	0.0	0.0	0.0	0.0	0.0	0.0	0.0	0.0	0.0	0.0	0.0	0.0	0.0	0.0	0.0	0.0	0.0	0.0	0.0	0.0	0.0	0.0	0.0	0.0	0.0	0.0	0.0	0.0	0.0	0.0	0.04657847092921167	0.0	0.0	0.0	0.0	0.0	0.0	0.0	0.0	0.0	0.008692453735597896	0.0	0.0
ACH-002358	19	35176078	A[C>T]T	0.03795929556941573	0.0	0.0	0.0	0.5862061254344174	0.12280626690387274	0.0	0.0	0.0	0.0	0.0	0.0	0.0	0.0	0.0	0.0	0.0	0.0	0.0	0.0	0.0	0.0	0.0	0.0	0.0	0.0	0.0	0.0	0.0	0.0	0.0	0.08241451954408702	0.0	0.0	0.0	0.0	0.0	0.0	0.0	0.0	0.0	0.0	0.0	0.0	0.0	0.0	0.0	0.0	0.0	0.0	0.0	0.0	0.0	0.0	0.0	0.0	0.0	0.0	0.0	0.0	0.0	0.0	0.0	0.0	0.0	0.0	0.0	0.0	0.0	0.0	0.0	0.0	0.0	0.1541719564852956	0.0	0.0	0.0	0.0	0.0	0.0	0.0	0.0	0.0	0.01644183606291145	0.0	0.0
ACH-002358	19	42752724	G[C>T]G	0.3180790340011077	0.0	0.0	0.0	0.12068650105020011	0.3779086806324685	0.0	0.0	0.0	0.0	0.0	0.0	0.0	0.0	0.0	0.0	0.0	0.0	0.0	0.0	0.0	0.0	0.0	0.0	0.0	0.0	0.0	0.0	0.0	0.0	0.0	0.08424464683494828	0.0	0.0	0.0	0.0	0.0	0.0	0.0	0.0	0.0	0.0	0.0	0.0	0.0	0.0	0.0	0.0	0.0	0.0	0.0	0.0	0.0	0.0	0.0	0.0	0.0	0.0	0.0	0.0	0.0	0.0	0.0	0.0	0.0	0.0	0.0	0.0	0.0	0.0	0.0	0.0	0.0	0.09394213104074971	0.0	0.0	0.0	0.0	0.0	0.0	0.0	0.0	0.0	0.005139006440525784	0.0	0.0
ACH-002358	19	55046958	C[C>T]C	0.0010886137096288591	0.0	0.0	0.0	0.5151558369826653	0.08682804009847075	0.0	0.0	0.0	0.0	0.0	0.0	0.0	0.0	0.0	0.0	0.0	0.0	0.0	0.0	0.0	0.0	0.0	0.0	0.0	0.0	0.0	0.0	0.0	0.0	0.0	0.08111165787430193	0.0	0.0	0.0	0.0	0.0	0.0	0.0	0.0	0.0	0.0	0.0	0.0	0.0	0.0	0.0	0.0	0.0	0.0	0.0	0.0	0.0	0.0	0.0	0.0	0.0	0.0	0.0	0.0	0.0	0.0	0.0	0.0	0.0	0.0	0.0	0.0	0.0	0.0	0.0	0.0	0.0	0.1179342659496741	0.0	0.0	0.0	0.0	0.0	0.0	0.0	0.0	0.0	0.19788158538525927	0.0	0.0
ACH-002358	19	55341712	C[T>G]T	0.0022791455527625577	0.0	0.0	0.0	0.6542967946701608	0.025212072305192137	0.0	0.0	0.0	0.0	0.0	0.0	0.0	0.0	0.0	0.0	0.0	0.0	0.0	0.0	0.0	0.0	0.0	0.0	0.0	0.0	0.0	0.0	0.0	0.0	0.0	0.14270127505408592	0.0	0.0	0.0	0.0	0.0	0.0	0.0	0.0	0.0	0.0	0.0	0.0	0.0	0.0	0.0	0.0	0.0	0.0	0.0	0.0	0.0	0.0	0.0	0.0	0.0	0.0	0.0	0.0	0.0	0.0	0.0	0.0	0.0	0.0	0.0	0.0	0.0	0.0	0.0	0.0	0.0	0.14935696931958475	0.0	0.0	0.0	0.0	0.0	0.0	0.0	0.0	0.0	0.026153743098213913	0.0	0.0
ACH-002358	19	55497572	T[C>T]G	0.20806022807990054	0.0	0.0	0.0	0.20224070566480665	0.14311595063620094	0.0	0.0	0.0	0.0	0.0	0.0	0.0	0.0	0.0	0.0	0.0	0.0	0.0	0.0	0.0	0.0	0.0	0.0	0.0	0.0	0.0	0.0	0.0	0.0	0.0	0.01156587943251439	0.0	0.0	0.0	0.0	0.0	0.0	0.0	0.0	0.0	0.0	0.0	0.0	0.0	0.0	0.0	0.0	0.0	0.0	0.0	0.0	0.0	0.0	0.0	0.0	0.0	0.0	0.0	0.0	0.0	0.0	0.0	0.0	0.0	0.0	0.0	0.0	0.0	0.0	0.0	0.0	0.0	0.40955263584258306	0.0	0.0	0.0	0.0	0.0	0.0	0.0	0.0	0.0	0.02546460034399431	0.0	0.0
ACH-002358	20	1963750	G[C>G]T	3.09438068213536e-15	0.0	0.0	0.0	0.6271772812422133	0.006482451267610314	0.0	0.0	0.0	0.0	0.0	0.0	0.0	0.0	0.0	0.0	0.0	0.0	0.0	0.0	0.0	0.0	0.0	0.0	0.0	0.0	0.0	0.0	0.0	0.0	0.0	0.10663326656325002	0.0	0.0	0.0	0.0	0.0	0.0	0.0	0.0	0.0	0.0	0.0	0.0	0.0	0.0	0.0	0.0	0.0	0.0	0.0	0.0	0.0	0.0	0.0	0.0	0.0	0.0	0.0	0.0	0.0	0.0	0.0	0.0	0.0	0.0	0.0	0.0	0.0	0.0	0.0	0.0	0.0	0.22702263840076706	0.0	0.0	0.0	0.0	0.0	0.0	0.0	0.0	0.0	0.03268436252615621	0.0	0.0
ACH-002358	20	3781136	A[C>T]T	0.03795929556941573	0.0	0.0	0.0	0.5862061254344174	0.12280626690387274	0.0	0.0	0.0	0.0	0.0	0.0	0.0	0.0	0.0	0.0	0.0	0.0	0.0	0.0	0.0	0.0	0.0	0.0	0.0	0.0	0.0	0.0	0.0	0.0	0.0	0.08241451954408702	0.0	0.0	0.0	0.0	0.0	0.0	0.0	0.0	0.0	0.0	0.0	0.0	0.0	0.0	0.0	0.0	0.0	0.0	0.0	0.0	0.0	0.0	0.0	0.0	0.0	0.0	0.0	0.0	0.0	0.0	0.0	0.0	0.0	0.0	0.0	0.0	0.0	0.0	0.0	0.0	0.0	0.1541719564852956	0.0	0.0	0.0	0.0	0.0	0.0	0.0	0.0	0.0	0.01644183606291145	0.0	0.0
ACH-002358	20	18142571	T[C>T]G	0.20806022807990054	0.0	0.0	0.0	0.20224070566480665	0.14311595063620094	0.0	0.0	0.0	0.0	0.0	0.0	0.0	0.0	0.0	0.0	0.0	0.0	0.0	0.0	0.0	0.0	0.0	0.0	0.0	0.0	0.0	0.0	0.0	0.0	0.0	0.01156587943251439	0.0	0.0	0.0	0.0	0.0	0.0	0.0	0.0	0.0	0.0	0.0	0.0	0.0	0.0	0.0	0.0	0.0	0.0	0.0	0.0	0.0	0.0	0.0	0.0	0.0	0.0	0.0	0.0	0.0	0.0	0.0	0.0	0.0	0.0	0.0	0.0	0.0	0.0	0.0	0.0	0.0	0.40955263584258306	0.0	0.0	0.0	0.0	0.0	0.0	0.0	0.0	0.0	0.02546460034399431	0.0	0.0
ACH-002358	20	32295697	C[T>G]G	0.0021641720699341754	0.0	0.0	0.0	0.6969737625388819	0.022732190626072273	0.0	0.0	0.0	0.0	0.0	0.0	0.0	0.0	0.0	0.0	0.0	0.0	0.0	0.0	0.0	0.0	0.0	0.0	0.0	0.0	0.0	0.0	0.0	0.0	0.0	0.1168381107859552	0.0	0.0	0.0	0.0	0.0	0.0	0.0	0.0	0.0	0.0	0.0	0.0	0.0	0.0	0.0	0.0	0.0	0.0	0.0	0.0	0.0	0.0	0.0	0.0	0.0	0.0	0.0	0.0	0.0	0.0	0.0	0.0	0.0	0.0	0.0	0.0	0.0	0.0	0.0	0.0	0.0	0.12042123905600147	0.0	0.0	0.0	0.0	0.0	0.0	0.0	0.0	0.0	0.04087052492315488	0.0	0.0
ACH-002358	20	62196980	A[C>T]G	0.35459437149252204	0.0	0.0	0.0	0.04037406560248141	0.1696322937698636	0.0	0.0	0.0	0.0	0.0	0.0	0.0	0.0	0.0	0.0	0.0	0.0	0.0	0.0	0.0	0.0	0.0	0.0	0.0	0.0	0.0	0.0	0.0	0.0	0.0	0.0011350943118997672	0.0	0.0	0.0	0.0	0.0	0.0	0.0	0.0	0.0	0.0	0.0	0.0	0.0	0.0	0.0	0.0	0.0	0.0	0.0	0.0	0.0	0.0	0.0	0.0	0.0	0.0	0.0	0.0	0.0	0.0	0.0	0.0	0.0	0.0	0.0	0.0	0.0	0.0	0.0	0.0	0.0	0.42992107368177696	0.0	0.0	0.0	0.0	0.0	0.0	0.0	0.0	0.0	0.004343101141456336	0.0	0.0
ACH-002358	22	26298670	A[C>T]C	0.031072899460271496	0.0	0.0	0.0	0.5918242561408094	0.1638281286020251	0.0	0.0	0.0	0.0	0.0	0.0	0.0	0.0	0.0	0.0	0.0	0.0	0.0	0.0	0.0	0.0	0.0	0.0	0.0	0.0	0.0	0.0	0.0	0.0	0.0	0.12517359635431707	0.0	0.0	0.0	0.0	0.0	0.0	0.0	0.0	0.0	0.0	0.0	0.0	0.0	0.0	0.0	0.0	0.0	0.0	0.0	0.0	0.0	0.0	0.0	0.0	0.0	0.0	0.0	0.0	0.0	0.0	0.0	0.0	0.0	0.0	0.0	0.0	0.0	0.0	0.0	0.0	0.0	0.06355729738405465	0.0	0.0	0.0	0.0	0.0	0.0	0.0	0.0	0.0	0.02454382205852236	0.0	0.0
ACH-002358	22	30766687	C[T>C]G	0.00219033185145895	0.0	0.0	0.0	0.8510317044881466	0.04709852324477335	0.0	0.0	0.0	0.0	0.0	0.0	0.0	0.0	0.0	0.0	0.0	0.0	0.0	0.0	0.0	0.0	0.0	0.0	0.0	0.0	0.0	0.0	0.0	0.0	0.0	0.058364650506917054	0.0	0.0	0.0	0.0	0.0	0.0	0.0	0.0	0.0	0.0	0.0	0.0	0.0	0.0	0.0	0.0	0.0	0.0	0.0	0.0	0.0	0.0	0.0	0.0	0.0	0.0	0.0	0.0	0.0	0.0	0.0	0.0	0.0	0.0	0.0	0.0	0.0	0.0	0.0	0.0	0.0	0.018494949477118928	0.0	0.0	0.0	0.0	0.0	0.0	0.0	0.0	0.0	0.022819840431585206	0.0	0.0
ACH-002358	22	31531748	C[C>T]A	0.0029878697450457826	0.0	0.0	0.0	0.19489850323971533	0.029563711016509613	0.0	0.0	0.0	0.0	0.0	0.0	0.0	0.0	0.0	0.0	0.0	0.0	0.0	0.0	0.0	0.0	0.0	0.0	0.0	0.0	0.0	0.0	0.0	0.0	0.0	0.018270232259127696	0.0	0.0	0.0	0.0	0.0	0.0	0.0	0.0	0.0	0.0	0.0	0.0	0.0	0.0	0.0	0.0	0.0	0.0	0.0	0.0	0.0	0.0	0.0	0.0	0.0	0.0	0.0	0.0	0.0	0.0	0.0	0.0	0.0	0.0	0.0	0.0	0.0	0.0	0.0	0.0	0.0	0.0455333218438446	0.0	0.0	0.0	0.0	0.0	0.0	0.0	0.0	0.0	0.708746361895757	0.0	0.0
ACH-002358	22	36657711	C[T>A]C	0.006220422969714119	0.0	0.0	0.0	0.5524201894687403	0.012690153728063551	0.0	0.0	0.0	0.0	0.0	0.0	0.0	0.0	0.0	0.0	0.0	0.0	0.0	0.0	0.0	0.0	0.0	0.0	0.0	0.0	0.0	0.0	0.0	0.0	0.0	0.06728197038908502	0.0	0.0	0.0	0.0	0.0	0.0	0.0	0.0	0.0	0.0	0.0	0.0	0.0	0.0	0.0	0.0	0.0	0.0	0.0	0.0	0.0	0.0	0.0	0.0	0.0	0.0	0.0	0.0	0.0	0.0	0.0	0.0	0.0	0.0	0.0	0.0	0.0	0.0	0.0	0.0	0.0	0.2826025178078287	0.0	0.0	0.0	0.0	0.0	0.0	0.0	0.0	0.0	0.07878474563656844	0.0	0.0
ACH-002358	22	36657712	T[C>A]C	0.012430545947465295	0.0	0.0	0.0	0.30298010874236847	0.0035603055115048746	0.0	0.0	0.0	0.0	0.0	0.0	0.0	0.0	0.0	0.0	0.0	0.0	0.0	0.0	0.0	0.0	0.0	0.0	0.0	0.0	0.0	0.0	0.0	0.0	0.0	0.57965173974723	0.0	0.0	0.0	0.0	0.0	0.0	0.0	0.0	0.0	0.0	0.0	0.0	0.0	0.0	0.0	0.0	0.0	0.0	0.0	0.0	0.0	0.0	0.0	0.0	0.0	0.0	0.0	0.0	0.0	0.0	0.0	0.0	0.0	0.0	0.0	0.0	0.0	0.0	0.0	0.0	0.0	0.07465001538088611	0.0	0.0	0.0	0.0	0.0	0.0	0.0	0.0	0.0	0.0267272846705452	0.0	0.0
ACH-002358	MT	3505	G[T>C]A	0.008546420549161382	0.0	0.0	0.0	0.771772581791131	0.030438038441770846	0.0	0.0	0.0	0.0	0.0	0.0	0.0	0.0	0.0	0.0	0.0	0.0	0.0	0.0	0.0	0.0	0.0	0.0	0.0	0.0	0.0	0.0	0.0	0.0	0.0	0.06845842774666297	0.0	0.0	0.0	0.0	0.0	0.0	0.0	0.0	0.0	0.0	0.0	0.0	0.0	0.0	0.0	0.0	0.0	0.0	0.0	0.0	0.0	0.0	0.0	0.0	0.0	0.0	0.0	0.0	0.0	0.0	0.0	0.0	0.0	0.0	0.0	0.0	0.0	0.0	0.0	0.0	0.0	0.08906187022464179	0.0	0.0	0.0	0.0	0.0	0.0	0.0	0.0	0.0	0.031722661246631985	0.0	0.0
ACH-002358	MT	7864	C[C>T]T	0.00046531005934623135	0.0	0.0	0.0	0.3687847808607011	0.04767090267184936	0.0	0.0	0.0	0.0	0.0	0.0	0.0	0.0	0.0	0.0	0.0	0.0	0.0	0.0	0.0	0.0	0.0	0.0	0.0	0.0	0.0	0.0	0.0	0.0	0.0	0.02315118681472743	0.0	0.0	0.0	0.0	0.0	0.0	0.0	0.0	0.0	0.0	0.0	0.0	0.0	0.0	0.0	0.0	0.0	0.0	0.0	0.0	0.0	0.0	0.0	0.0	0.0	0.0	0.0	0.0	0.0	0.0	0.0	0.0	0.0	0.0	0.0	0.0	0.0	0.0	0.0	0.0	0.0	0.06009163451595409	0.0	0.0	0.0	0.0	0.0	0.0	0.0	0.0	0.0	0.49983618507742184	0.0	0.0
ACH-002358	MT	8251	G[C>T]C	0.00022101727353746105	0.0	0.0	0.0	0.3460064376719744	0.38473940437864423	0.0	0.0	0.0	0.0	0.0	0.0	0.0	0.0	0.0	0.0	0.0	0.0	0.0	0.0	0.0	0.0	0.0	0.0	0.0	0.0	0.0	0.0	0.0	0.0	0.0	0.23662839389409573	0.0	0.0	0.0	0.0	0.0	0.0	0.0	0.0	0.0	0.0	0.0	0.0	0.0	0.0	0.0	0.0	0.0	0.0	0.0	0.0	0.0	0.0	0.0	0.0	0.0	0.0	0.0	0.0	0.0	0.0	0.0	0.0	0.0	0.0	0.0	0.0	0.0	0.0	0.0	0.0	0.0	0.02267406855825224	0.0	0.0	0.0	0.0	0.0	0.0	0.0	0.0	0.0	0.009730678223495928	0.0	0.0
ACH-002358	MT	8994	C[C>T]A	0.0029878697450457826	0.0	0.0	0.0	0.19489850323971533	0.029563711016509613	0.0	0.0	0.0	0.0	0.0	0.0	0.0	0.0	0.0	0.0	0.0	0.0	0.0	0.0	0.0	0.0	0.0	0.0	0.0	0.0	0.0	0.0	0.0	0.0	0.0	0.018270232259127696	0.0	0.0	0.0	0.0	0.0	0.0	0.0	0.0	0.0	0.0	0.0	0.0	0.0	0.0	0.0	0.0	0.0	0.0	0.0	0.0	0.0	0.0	0.0	0.0	0.0	0.0	0.0	0.0	0.0	0.0	0.0	0.0	0.0	0.0	0.0	0.0	0.0	0.0	0.0	0.0	0.0	0.0455333218438446	0.0	0.0	0.0	0.0	0.0	0.0	0.0	0.0	0.0	0.708746361895757	0.0	0.0
ACH-002358	MT	9196	T[C>T]G	0.20806022807990054	0.0	0.0	0.0	0.20224070566480665	0.14311595063620094	0.0	0.0	0.0	0.0	0.0	0.0	0.0	0.0	0.0	0.0	0.0	0.0	0.0	0.0	0.0	0.0	0.0	0.0	0.0	0.0	0.0	0.0	0.0	0.0	0.0	0.01156587943251439	0.0	0.0	0.0	0.0	0.0	0.0	0.0	0.0	0.0	0.0	0.0	0.0	0.0	0.0	0.0	0.0	0.0	0.0	0.0	0.0	0.0	0.0	0.0	0.0	0.0	0.0	0.0	0.0	0.0	0.0	0.0	0.0	0.0	0.0	0.0	0.0	0.0	0.0	0.0	0.0	0.0	0.40955263584258306	0.0	0.0	0.0	0.0	0.0	0.0	0.0	0.0	0.0	0.02546460034399431	0.0	0.0
ACH-002358	MT	11674	C[C>T]C	0.0010886137096288591	0.0	0.0	0.0	0.5151558369826653	0.08682804009847075	0.0	0.0	0.0	0.0	0.0	0.0	0.0	0.0	0.0	0.0	0.0	0.0	0.0	0.0	0.0	0.0	0.0	0.0	0.0	0.0	0.0	0.0	0.0	0.0	0.0	0.08111165787430193	0.0	0.0	0.0	0.0	0.0	0.0	0.0	0.0	0.0	0.0	0.0	0.0	0.0	0.0	0.0	0.0	0.0	0.0	0.0	0.0	0.0	0.0	0.0	0.0	0.0	0.0	0.0	0.0	0.0	0.0	0.0	0.0	0.0	0.0	0.0	0.0	0.0	0.0	0.0	0.0	0.0	0.1179342659496741	0.0	0.0	0.0	0.0	0.0	0.0	0.0	0.0	0.0	0.19788158538525927	0.0	0.0
ACH-002358	MT	11947	C[T>C]G	0.00219033185145895	0.0	0.0	0.0	0.8510317044881466	0.04709852324477335	0.0	0.0	0.0	0.0	0.0	0.0	0.0	0.0	0.0	0.0	0.0	0.0	0.0	0.0	0.0	0.0	0.0	0.0	0.0	0.0	0.0	0.0	0.0	0.0	0.0	0.058364650506917054	0.0	0.0	0.0	0.0	0.0	0.0	0.0	0.0	0.0	0.0	0.0	0.0	0.0	0.0	0.0	0.0	0.0	0.0	0.0	0.0	0.0	0.0	0.0	0.0	0.0	0.0	0.0	0.0	0.0	0.0	0.0	0.0	0.0	0.0	0.0	0.0	0.0	0.0	0.0	0.0	0.0	0.018494949477118928	0.0	0.0	0.0	0.0	0.0	0.0	0.0	0.0	0.0	0.022819840431585206	0.0	0.0
ACH-002358	MT	12414	C[T>C]A	1.8622691262668995e-15	0.0	0.0	0.0	0.7470358103648524	0.02017488081211875	0.0	0.0	0.0	0.0	0.0	0.0	0.0	0.0	0.0	0.0	0.0	0.0	0.0	0.0	0.0	0.0	0.0	0.0	0.0	0.0	0.0	0.0	0.0	0.0	0.0	0.04309934543024277	0.0	0.0	0.0	0.0	0.0	0.0	0.0	0.0	0.0	0.0	0.0	0.0	0.0	0.0	0.0	0.0	0.0	0.0	0.0	0.0	0.0	0.0	0.0	0.0	0.0	0.0	0.0	0.0	0.0	0.0	0.0	0.0	0.0	0.0	0.0	0.0	0.0	0.0	0.0	0.0	0.0	0.15553999708444388	0.0	0.0	0.0	0.0	0.0	0.0	0.0	0.0	0.0	0.03414996630834011	0.0	0.0
ACH-002358	MT	15884	G[C>G]C	0.0030024132522246667	0.0	0.0	0.0	0.6254112805653221	0.018247611294071465	0.0	0.0	0.0	0.0	0.0	0.0	0.0	0.0	0.0	0.0	0.0	0.0	0.0	0.0	0.0	0.0	0.0	0.0	0.0	0.0	0.0	0.0	0.0	0.0	0.0	0.24095481280519912	0.0	0.0	0.0	0.0	0.0	0.0	0.0	0.0	0.0	0.0	0.0	0.0	0.0	0.0	0.0	0.0	0.0	0.0	0.0	0.0	0.0	0.0	0.0	0.0	0.0	0.0	0.0	0.0	0.0	0.0	0.0	0.0	0.0	0.0	0.0	0.0	0.0	0.0	0.0	0.0	0.0	0.0797590843580997	0.0	0.0	0.0	0.0	0.0	0.0	0.0	0.0	0.0	0.03262479772508298	0.0	0.0
ACH-002358	X	18631319	G[T>C]T	0.0005421429064853567	0.0	0.0	0.0	0.7006433683765279	0.010025774184373459	0.0	0.0	0.0	0.0	0.0	0.0	0.0	0.0	0.0	0.0	0.0	0.0	0.0	0.0	0.0	0.0	0.0	0.0	0.0	0.0	0.0	0.0	0.0	0.0	0.0	0.06897700512578735	0.0	0.0	0.0	0.0	0.0	0.0	0.0	0.0	0.0	0.0	0.0	0.0	0.0	0.0	0.0	0.0	0.0	0.0	0.0	0.0	0.0	0.0	0.0	0.0	0.0	0.0	0.0	0.0	0.0	0.0	0.0	0.0	0.0	0.0	0.0	0.0	0.0	0.0	0.0	0.0	0.0	0.18085616392584902	0.0	0.0	0.0	0.0	0.0	0.0	0.0	0.0	0.0	0.038955545480977065	0.0	0.0
