Sample Names	Chr	Pos	MutationType	SBS1	SBS2	SBS3	SBS4	SBS5	SBS6	SBS7a	SBS7b	SBS7c	SBS7d	SBS8	SBS9	SBS10a	SBS10b	SBS10c	SBS10d	SBS11	SBS12	SBS13	SBS14	SBS15	SBS16	SBS17a	SBS17b	SBS18	SBS19	SBS20	SBS21	SBS22a	SBS22b	SBS23	SBS24	SBS25	SBS26	SBS27	SBS28	SBS29	SBS30	SBS31	SBS32	SBS33	SBS34	SBS35	SBS36	SBS37	SBS38	SBS39	SBS40a	SBS40b	SBS40c	SBS41	SBS42	SBS43	SBS44	SBS45	SBS46	SBS47	SBS48	SBS49	SBS50	SBS51	SBS52	SBS53	SBS54	SBS55	SBS56	SBS57	SBS58	SBS59	SBS60	SBS84	SBS85	SBS86	SBS87	SBS88	SBS89	SBS90	SBS91	SBS92	SBS93	SBS94	SBS95	SBS96	SBS97	SBS98	SBS99
ACH-000284	1	17272887	G[C>T]G	0.290536130509342	0.0	0.0	0.0	0.08193222905540373	0.0	0.0	0.0	0.0	0.0	0.0	0.0	0.0	0.015497758704097642	0.0	0.0	0.0	0.0	0.0	0.0	0.5963693131541645	0.0	0.0	0.0	0.0	0.0	0.0	0.0	0.0	0.0	0.0	0.0	0.0	0.0	0.0	0.0	0.0	0.0	0.0	0.0	0.0	0.0	0.0	0.0	0.0	0.0	0.0	0.0	0.0	0.0	0.0	0.0	0.0	0.0	0.0	0.0	0.0	0.0	0.0	0.0	0.0	0.0	0.0	0.015664568576992083	0.0	0.0	0.0	0.0	0.0	0.0	0.0	0.0	0.0	0.0	0.0	0.0	0.0	0.0	0.0	0.0	0.0	0.0	0.0	0.0	0.0	0.0
ACH-000284	1	17949564	G[C>T]G	0.290536130509342	0.0	0.0	0.0	0.08193222905540373	0.0	0.0	0.0	0.0	0.0	0.0	0.0	0.0	0.015497758704097642	0.0	0.0	0.0	0.0	0.0	0.0	0.5963693131541645	0.0	0.0	0.0	0.0	0.0	0.0	0.0	0.0	0.0	0.0	0.0	0.0	0.0	0.0	0.0	0.0	0.0	0.0	0.0	0.0	0.0	0.0	0.0	0.0	0.0	0.0	0.0	0.0	0.0	0.0	0.0	0.0	0.0	0.0	0.0	0.0	0.0	0.0	0.0	0.0	0.0	0.0	0.015664568576992083	0.0	0.0	0.0	0.0	0.0	0.0	0.0	0.0	0.0	0.0	0.0	0.0	0.0	0.0	0.0	0.0	0.0	0.0	0.0	0.0	0.0	0.0
ACH-000284	1	70397244	T[C>T]G	0.17543167798959508	0.0	0.0	0.0	0.12674139672947146	0.0	0.0	0.0	0.0	0.0	0.0	0.0	0.0	0.6432080113836651	0.0	0.0	0.0	0.0	0.0	0.0	0.05461891389715145	0.0	0.0	0.0	0.0	0.0	0.0	0.0	0.0	0.0	0.0	0.0	0.0	0.0	0.0	0.0	0.0	0.0	0.0	0.0	0.0	0.0	0.0	0.0	0.0	0.0	0.0	0.0	0.0	0.0	0.0	0.0	0.0	0.0	0.0	0.0	0.0	0.0	0.0	0.0	0.0	0.0	0.0	1.1677013883318303e-13	0.0	0.0	0.0	0.0	0.0	0.0	0.0	0.0	0.0	0.0	0.0	0.0	0.0	0.0	0.0	0.0	0.0	0.0	0.0	0.0	0.0	0.0
ACH-000284	1	146687339	A[C>G]T	0.020602299166186066	0.0	0.0	0.0	0.9123015261074946	0.0	0.0	0.0	0.0	0.0	0.0	0.0	0.0	3.702753140956243e-15	0.0	0.0	0.0	0.0	0.0	0.0	0.009488263226029867	0.0	0.0	0.0	0.0	0.0	0.0	0.0	0.0	0.0	0.0	0.0	0.0	0.0	0.0	0.0	0.0	0.0	0.0	0.0	0.0	0.0	0.0	0.0	0.0	0.0	0.0	0.0	0.0	0.0	0.0	0.0	0.0	0.0	0.0	0.0	0.0	0.0	0.0	0.0	0.0	0.0	0.0	0.05760791150028569	0.0	0.0	0.0	0.0	0.0	0.0	0.0	0.0	0.0	0.0	0.0	0.0	0.0	0.0	0.0	0.0	0.0	0.0	0.0	0.0	0.0	0.0
ACH-000284	1	151110817	C[C>T]C	0.0023813195383489074	0.0	0.0	0.0	0.8375552604667144	0.0	0.0	0.0	0.0	0.0	0.0	0.0	0.0	0.0006870004957636516	0.0	0.0	0.0	0.0	0.0	0.0	0.1581498197277597	0.0	0.0	0.0	0.0	0.0	0.0	0.0	0.0	0.0	0.0	0.0	0.0	0.0	0.0	0.0	0.0	0.0	0.0	0.0	0.0	0.0	0.0	0.0	0.0	0.0	0.0	0.0	0.0	0.0	0.0	0.0	0.0	0.0	0.0	0.0	0.0	0.0	0.0	0.0	0.0	0.0	0.0	0.0012265997714133374	0.0	0.0	0.0	0.0	0.0	0.0	0.0	0.0	0.0	0.0	0.0	0.0	0.0	0.0	0.0	0.0	0.0	0.0	0.0	0.0	0.0	0.0
ACH-000284	1	152382701	A[T>C]G	0.00033521247919675215	0.0	0.0	0.0	0.6037859417840118	0.0	0.0	0.0	0.0	0.0	0.0	0.0	0.0	0.0015497554209031126	0.0	0.0	0.0	0.0	0.0	0.0	0.001226071892568495	0.0	0.0	0.0	0.0	0.0	0.0	0.0	0.0	0.0	0.0	0.0	0.0	0.0	0.0	0.0	0.0	0.0	0.0	0.0	0.0	0.0	0.0	0.0	0.0	0.0	0.0	0.0	0.0	0.0	0.0	0.0	0.0	0.0	0.0	0.0	0.0	0.0	0.0	0.0	0.0	0.0	0.0	0.3931030184233199	0.0	0.0	0.0	0.0	0.0	0.0	0.0	0.0	0.0	0.0	0.0	0.0	0.0	0.0	0.0	0.0	0.0	0.0	0.0	0.0	0.0	0.0
ACH-000284	1	153910018	G[C>G]A	0.00036360549387806255	0.0	0.0	0.0	0.8870351285751112	0.0	0.0	0.0	0.0	0.0	0.0	0.0	0.0	0.0006019746044471977	0.0	0.0	0.0	0.0	0.0	0.0	0.060892977352889996	0.0	0.0	0.0	0.0	0.0	0.0	0.0	0.0	0.0	0.0	0.0	0.0	0.0	0.0	0.0	0.0	0.0	0.0	0.0	0.0	0.0	0.0	0.0	0.0	0.0	0.0	0.0	0.0	0.0	0.0	0.0	0.0	0.0	0.0	0.0	0.0	0.0	0.0	0.0	0.0	0.0	0.0	0.051106313973673524	0.0	0.0	0.0	0.0	0.0	0.0	0.0	0.0	0.0	0.0	0.0	0.0	0.0	0.0	0.0	0.0	0.0	0.0	0.0	0.0	0.0	0.0
ACH-000284	1	155152299	G[C>T]T	0.00015524397001632893	0.0	0.0	0.0	0.3759063137993785	0.0	0.0	0.0	0.0	0.0	0.0	0.0	0.0	0.11904358772755516	0.0	0.0	0.0	0.0	0.0	0.0	0.504277757234351	0.0	0.0	0.0	0.0	0.0	0.0	0.0	0.0	0.0	0.0	0.0	0.0	0.0	0.0	0.0	0.0	0.0	0.0	0.0	0.0	0.0	0.0	0.0	0.0	0.0	0.0	0.0	0.0	0.0	0.0	0.0	0.0	0.0	0.0	0.0	0.0	0.0	0.0	0.0	0.0	0.0	0.0	0.0006170972686990423	0.0	0.0	0.0	0.0	0.0	0.0	0.0	0.0	0.0	0.0	0.0	0.0	0.0	0.0	0.0	0.0	0.0	0.0	0.0	0.0	0.0	0.0
ACH-000284	1	182812518	A[C>T]T	0.07213676813479694	0.0	0.0	0.0	0.8279800234459953	0.0	0.0	0.0	0.0	0.0	0.0	0.0	0.0	0.055108554983495726	0.0	0.0	0.0	0.0	0.0	0.0	0.02165224411118799	0.0	0.0	0.0	0.0	0.0	0.0	0.0	0.0	0.0	0.0	0.0	0.0	0.0	0.0	0.0	0.0	0.0	0.0	0.0	0.0	0.0	0.0	0.0	0.0	0.0	0.0	0.0	0.0	0.0	0.0	0.0	0.0	0.0	0.0	0.0	0.0	0.0	0.0	0.0	0.0	0.0	0.0	0.023122409324523967	0.0	0.0	0.0	0.0	0.0	0.0	0.0	0.0	0.0	0.0	0.0	0.0	0.0	0.0	0.0	0.0	0.0	0.0	0.0	0.0	0.0	0.0
ACH-000284	2	47606967	G[T>C]T	0.000775246006429848	0.0	0.0	0.0	0.7446526570320692	0.0	0.0	0.0	0.0	0.0	0.0	0.0	0.0	0.11541962575470342	0.0	0.0	0.0	0.0	0.0	0.0	0.10294769817663468	0.0	0.0	0.0	0.0	0.0	0.0	0.0	0.0	0.0	0.0	0.0	0.0	0.0	0.0	0.0	0.0	0.0	0.0	0.0	0.0	0.0	0.0	0.0	0.0	0.0	0.0	0.0	0.0	0.0	0.0	0.0	0.0	0.0	0.0	0.0	0.0	0.0	0.0	0.0	0.0	0.0	0.0	0.03620477303016281	0.0	0.0	0.0	0.0	0.0	0.0	0.0	0.0	0.0	0.0	0.0	0.0	0.0	0.0	0.0	0.0	0.0	0.0	0.0	0.0	0.0	0.0
ACH-000284	2	55867828	T[T>A]A	0.15343576986563187	0.0	0.0	0.0	0.7200997857750919	0.0	0.0	0.0	0.0	0.0	0.0	0.0	0.0	0.06448124334649184	0.0	0.0	0.0	0.0	0.0	0.0	0.04020457278007754	0.0	0.0	0.0	0.0	0.0	0.0	0.0	0.0	0.0	0.0	0.0	0.0	0.0	0.0	0.0	0.0	0.0	0.0	0.0	0.0	0.0	0.0	0.0	0.0	0.0	0.0	0.0	0.0	0.0	0.0	0.0	0.0	0.0	0.0	0.0	0.0	0.0	0.0	0.0	0.0	0.0	0.0	0.021778628232706626	0.0	0.0	0.0	0.0	0.0	0.0	0.0	0.0	0.0	0.0	0.0	0.0	0.0	0.0	0.0	0.0	0.0	0.0	0.0	0.0	0.0	0.0
ACH-000284	2	114219986	G[C>G]A	0.00036360549387806255	0.0	0.0	0.0	0.8870351285751112	0.0	0.0	0.0	0.0	0.0	0.0	0.0	0.0	0.0006019746044471977	0.0	0.0	0.0	0.0	0.0	0.0	0.060892977352889996	0.0	0.0	0.0	0.0	0.0	0.0	0.0	0.0	0.0	0.0	0.0	0.0	0.0	0.0	0.0	0.0	0.0	0.0	0.0	0.0	0.0	0.0	0.0	0.0	0.0	0.0	0.0	0.0	0.0	0.0	0.0	0.0	0.0	0.0	0.0	0.0	0.0	0.0	0.0	0.0	0.0	0.0	0.051106313973673524	0.0	0.0	0.0	0.0	0.0	0.0	0.0	0.0	0.0	0.0	0.0	0.0	0.0	0.0	0.0	0.0	0.0	0.0	0.0	0.0	0.0	0.0
ACH-000284	2	128367513	G[C>T]T	0.00015524397001632893	0.0	0.0	0.0	0.3759063137993785	0.0	0.0	0.0	0.0	0.0	0.0	0.0	0.0	0.11904358772755516	0.0	0.0	0.0	0.0	0.0	0.0	0.504277757234351	0.0	0.0	0.0	0.0	0.0	0.0	0.0	0.0	0.0	0.0	0.0	0.0	0.0	0.0	0.0	0.0	0.0	0.0	0.0	0.0	0.0	0.0	0.0	0.0	0.0	0.0	0.0	0.0	0.0	0.0	0.0	0.0	0.0	0.0	0.0	0.0	0.0	0.0	0.0	0.0	0.0	0.0	0.0006170972686990423	0.0	0.0	0.0	0.0	0.0	0.0	0.0	0.0	0.0	0.0	0.0	0.0	0.0	0.0	0.0	0.0	0.0	0.0	0.0	0.0	0.0	0.0
ACH-000284	2	177017389	C[C>A]G	0.004391282621166309	0.0	0.0	0.0	0.8149570333509434	0.0	0.0	0.0	0.0	0.0	0.0	0.0	0.0	0.0036446630933021145	0.0	0.0	0.0	0.0	0.0	0.0	0.005038594503091287	0.0	0.0	0.0	0.0	0.0	0.0	0.0	0.0	0.0	0.0	0.0	0.0	0.0	0.0	0.0	0.0	0.0	0.0	0.0	0.0	0.0	0.0	0.0	0.0	0.0	0.0	0.0	0.0	0.0	0.0	0.0	0.0	0.0	0.0	0.0	0.0	0.0	0.0	0.0	0.0	0.0	0.0	0.17196842643149687	0.0	0.0	0.0	0.0	0.0	0.0	0.0	0.0	0.0	0.0	0.0	0.0	0.0	0.0	0.0	0.0	0.0	0.0	0.0	0.0	0.0	0.0
ACH-000284	2	179490028	T[C>G]A	5.275036624839437e-15	0.0	0.0	0.0	0.9235380366095965	0.0	0.0	0.0	0.0	0.0	0.0	0.0	0.0	4.8474293096144396e-15	0.0	0.0	0.0	0.0	0.0	0.0	0.008179065290585727	0.0	0.0	0.0	0.0	0.0	0.0	0.0	0.0	0.0	0.0	0.0	0.0	0.0	0.0	0.0	0.0	0.0	0.0	0.0	0.0	0.0	0.0	0.0	0.0	0.0	0.0	0.0	0.0	0.0	0.0	0.0	0.0	0.0	0.0	0.0	0.0	0.0	0.0	0.0	0.0	0.0	0.0	0.06828289809980775	0.0	0.0	0.0	0.0	0.0	0.0	0.0	0.0	0.0	0.0	0.0	0.0	0.0	0.0	0.0	0.0	0.0	0.0	0.0	0.0	0.0	0.0
ACH-000284	2	219846978	G[C>A]C	0.006703733929974748	0.0	0.0	0.0	0.7561096539166219	0.0	0.0	0.0	0.0	0.0	0.0	0.0	0.0	0.04653847565989445	0.0	0.0	0.0	0.0	0.0	0.0	0.07954418825174074	0.0	0.0	0.0	0.0	0.0	0.0	0.0	0.0	0.0	0.0	0.0	0.0	0.0	0.0	0.0	0.0	0.0	0.0	0.0	0.0	0.0	0.0	0.0	0.0	0.0	0.0	0.0	0.0	0.0	0.0	0.0	0.0	0.0	0.0	0.0	0.0	0.0	0.0	0.0	0.0	0.0	0.0	0.11110394824176822	0.0	0.0	0.0	0.0	0.0	0.0	0.0	0.0	0.0	0.0	0.0	0.0	0.0	0.0	0.0	0.0	0.0	0.0	0.0	0.0	0.0	0.0
ACH-000284	2	227660049	T[C>T]G	0.17543167798959508	0.0	0.0	0.0	0.12674139672947146	0.0	0.0	0.0	0.0	0.0	0.0	0.0	0.0	0.6432080113836651	0.0	0.0	0.0	0.0	0.0	0.0	0.05461891389715145	0.0	0.0	0.0	0.0	0.0	0.0	0.0	0.0	0.0	0.0	0.0	0.0	0.0	0.0	0.0	0.0	0.0	0.0	0.0	0.0	0.0	0.0	0.0	0.0	0.0	0.0	0.0	0.0	0.0	0.0	0.0	0.0	0.0	0.0	0.0	0.0	0.0	0.0	0.0	0.0	0.0	0.0	1.1677013883318303e-13	0.0	0.0	0.0	0.0	0.0	0.0	0.0	0.0	0.0	0.0	0.0	0.0	0.0	0.0	0.0	0.0	0.0	0.0	0.0	0.0	0.0	0.0
ACH-000284	2	241631442	G[C>T]G	0.290536130509342	0.0	0.0	0.0	0.08193222905540373	0.0	0.0	0.0	0.0	0.0	0.0	0.0	0.0	0.015497758704097642	0.0	0.0	0.0	0.0	0.0	0.0	0.5963693131541645	0.0	0.0	0.0	0.0	0.0	0.0	0.0	0.0	0.0	0.0	0.0	0.0	0.0	0.0	0.0	0.0	0.0	0.0	0.0	0.0	0.0	0.0	0.0	0.0	0.0	0.0	0.0	0.0	0.0	0.0	0.0	0.0	0.0	0.0	0.0	0.0	0.0	0.0	0.0	0.0	0.0	0.0	0.015664568576992083	0.0	0.0	0.0	0.0	0.0	0.0	0.0	0.0	0.0	0.0	0.0	0.0	0.0	0.0	0.0	0.0	0.0	0.0	0.0	0.0	0.0	0.0
ACH-000284	3	9516141	C[C>T]C	0.0023813195383489074	0.0	0.0	0.0	0.8375552604667144	0.0	0.0	0.0	0.0	0.0	0.0	0.0	0.0	0.0006870004957636516	0.0	0.0	0.0	0.0	0.0	0.0	0.1581498197277597	0.0	0.0	0.0	0.0	0.0	0.0	0.0	0.0	0.0	0.0	0.0	0.0	0.0	0.0	0.0	0.0	0.0	0.0	0.0	0.0	0.0	0.0	0.0	0.0	0.0	0.0	0.0	0.0	0.0	0.0	0.0	0.0	0.0	0.0	0.0	0.0	0.0	0.0	0.0	0.0	0.0	0.0	0.0012265997714133374	0.0	0.0	0.0	0.0	0.0	0.0	0.0	0.0	0.0	0.0	0.0	0.0	0.0	0.0	0.0	0.0	0.0	0.0	0.0	0.0	0.0	0.0
ACH-000284	3	9746301	A[C>G]T	0.020602299166186066	0.0	0.0	0.0	0.9123015261074946	0.0	0.0	0.0	0.0	0.0	0.0	0.0	0.0	3.702753140956243e-15	0.0	0.0	0.0	0.0	0.0	0.0	0.009488263226029867	0.0	0.0	0.0	0.0	0.0	0.0	0.0	0.0	0.0	0.0	0.0	0.0	0.0	0.0	0.0	0.0	0.0	0.0	0.0	0.0	0.0	0.0	0.0	0.0	0.0	0.0	0.0	0.0	0.0	0.0	0.0	0.0	0.0	0.0	0.0	0.0	0.0	0.0	0.0	0.0	0.0	0.0	0.05760791150028569	0.0	0.0	0.0	0.0	0.0	0.0	0.0	0.0	0.0	0.0	0.0	0.0	0.0	0.0	0.0	0.0	0.0	0.0	0.0	0.0	0.0	0.0
ACH-000284	3	37035129	G[C>A]A	0.026277021073258553	0.0	0.0	0.0	0.8478624352147967	0.0	0.0	0.0	0.0	0.0	0.0	0.0	0.0	0.011219962753051321	0.0	0.0	0.0	0.0	0.0	0.0	0.061524264149870604	0.0	0.0	0.0	0.0	0.0	0.0	0.0	0.0	0.0	0.0	0.0	0.0	0.0	0.0	0.0	0.0	0.0	0.0	0.0	0.0	0.0	0.0	0.0	0.0	0.0	0.0	0.0	0.0	0.0	0.0	0.0	0.0	0.0	0.0	0.0	0.0	0.0	0.0	0.0	0.0	0.0	0.0	0.05311631680902267	0.0	0.0	0.0	0.0	0.0	0.0	0.0	0.0	0.0	0.0	0.0	0.0	0.0	0.0	0.0	0.0	0.0	0.0	0.0	0.0	0.0	0.0
ACH-000284	3	37035130	G[C>G]T	5.9519385947507946e-15	0.0	0.0	0.0	0.8966149764855155	0.0	0.0	0.0	0.0	0.0	0.0	0.0	0.0	0.0027839551183014154	0.0	0.0	0.0	0.0	0.0	0.0	0.01944909780262238	0.0	0.0	0.0	0.0	0.0	0.0	0.0	0.0	0.0	0.0	0.0	0.0	0.0	0.0	0.0	0.0	0.0	0.0	0.0	0.0	0.0	0.0	0.0	0.0	0.0	0.0	0.0	0.0	0.0	0.0	0.0	0.0	0.0	0.0	0.0	0.0	0.0	0.0	0.0	0.0	0.0	0.0	0.08115197059355482	0.0	0.0	0.0	0.0	0.0	0.0	0.0	0.0	0.0	0.0	0.0	0.0	0.0	0.0	0.0	0.0	0.0	0.0	0.0	0.0	0.0	0.0
ACH-000284	3	50391156	G[C>T]G	0.290536130509342	0.0	0.0	0.0	0.08193222905540373	0.0	0.0	0.0	0.0	0.0	0.0	0.0	0.0	0.015497758704097642	0.0	0.0	0.0	0.0	0.0	0.0	0.5963693131541645	0.0	0.0	0.0	0.0	0.0	0.0	0.0	0.0	0.0	0.0	0.0	0.0	0.0	0.0	0.0	0.0	0.0	0.0	0.0	0.0	0.0	0.0	0.0	0.0	0.0	0.0	0.0	0.0	0.0	0.0	0.0	0.0	0.0	0.0	0.0	0.0	0.0	0.0	0.0	0.0	0.0	0.0	0.015664568576992083	0.0	0.0	0.0	0.0	0.0	0.0	0.0	0.0	0.0	0.0	0.0	0.0	0.0	0.0	0.0	0.0	0.0	0.0	0.0	0.0	0.0	0.0
ACH-000284	3	52668831	G[C>T]T	0.00015524397001632893	0.0	0.0	0.0	0.3759063137993785	0.0	0.0	0.0	0.0	0.0	0.0	0.0	0.0	0.11904358772755516	0.0	0.0	0.0	0.0	0.0	0.0	0.504277757234351	0.0	0.0	0.0	0.0	0.0	0.0	0.0	0.0	0.0	0.0	0.0	0.0	0.0	0.0	0.0	0.0	0.0	0.0	0.0	0.0	0.0	0.0	0.0	0.0	0.0	0.0	0.0	0.0	0.0	0.0	0.0	0.0	0.0	0.0	0.0	0.0	0.0	0.0	0.0	0.0	0.0	0.0	0.0006170972686990423	0.0	0.0	0.0	0.0	0.0	0.0	0.0	0.0	0.0	0.0	0.0	0.0	0.0	0.0	0.0	0.0	0.0	0.0	0.0	0.0	0.0	0.0
ACH-000284	3	128181408	A[T>C]T	0.028189034530358474	0.0	0.0	0.0	0.9400978840748647	0.0	0.0	0.0	0.0	0.0	0.0	0.0	0.0	0.0006798521948232801	0.0	0.0	0.0	0.0	0.0	0.0	0.007370141363623481	0.0	0.0	0.0	0.0	0.0	0.0	0.0	0.0	0.0	0.0	0.0	0.0	0.0	0.0	0.0	0.0	0.0	0.0	0.0	0.0	0.0	0.0	0.0	0.0	0.0	0.0	0.0	0.0	0.0	0.0	0.0	0.0	0.0	0.0	0.0	0.0	0.0	0.0	0.0	0.0	0.0	0.0	0.023663087836330147	0.0	0.0	0.0	0.0	0.0	0.0	0.0	0.0	0.0	0.0	0.0	0.0	0.0	0.0	0.0	0.0	0.0	0.0	0.0	0.0	0.0	0.0
ACH-000284	3	133293024	C[C>A]C	0.03964322015857006	0.0	0.0	0.0	0.6796577197438262	0.0	0.0	0.0	0.0	0.0	0.0	0.0	0.0	0.06499764390426505	0.0	0.0	0.0	0.0	0.0	0.0	0.18067543441422132	0.0	0.0	0.0	0.0	0.0	0.0	0.0	0.0	0.0	0.0	0.0	0.0	0.0	0.0	0.0	0.0	0.0	0.0	0.0	0.0	0.0	0.0	0.0	0.0	0.0	0.0	0.0	0.0	0.0	0.0	0.0	0.0	0.0	0.0	0.0	0.0	0.0	0.0	0.0	0.0	0.0	0.0	0.035025981779117525	0.0	0.0	0.0	0.0	0.0	0.0	0.0	0.0	0.0	0.0	0.0	0.0	0.0	0.0	0.0	0.0	0.0	0.0	0.0	0.0	0.0	0.0
ACH-000284	3	147120545	A[C>T]G	0.7062255443196768	0.0	0.0	0.0	0.05976474054105435	0.0	0.0	0.0	0.0	0.0	0.0	0.0	0.0	0.0007392738889989575	0.0	0.0	0.0	0.0	0.0	0.0	0.2328620406735493	0.0	0.0	0.0	0.0	0.0	0.0	0.0	0.0	0.0	0.0	0.0	0.0	0.0	0.0	0.0	0.0	0.0	0.0	0.0	0.0	0.0	0.0	0.0	0.0	0.0	0.0	0.0	0.0	0.0	0.0	0.0	0.0	0.0	0.0	0.0	0.0	0.0	0.0	0.0	0.0	0.0	0.0	0.00040840057672062135	0.0	0.0	0.0	0.0	0.0	0.0	0.0	0.0	0.0	0.0	0.0	0.0	0.0	0.0	0.0	0.0	0.0	0.0	0.0	0.0	0.0	0.0
ACH-000284	4	42580402	C[C>G]A	0.0006755376846573528	0.0	0.0	0.0	0.9752701113606084	0.0	0.0	0.0	0.0	0.0	0.0	0.0	0.0	0.0007736448172839394	0.0	0.0	0.0	0.0	0.0	0.0	0.003785425978884292	0.0	0.0	0.0	0.0	0.0	0.0	0.0	0.0	0.0	0.0	0.0	0.0	0.0	0.0	0.0	0.0	0.0	0.0	0.0	0.0	0.0	0.0	0.0	0.0	0.0	0.0	0.0	0.0	0.0	0.0	0.0	0.0	0.0	0.0	0.0	0.0	0.0	0.0	0.0	0.0	0.0	0.0	0.019495280158565966	0.0	0.0	0.0	0.0	0.0	0.0	0.0	0.0	0.0	0.0	0.0	0.0	0.0	0.0	0.0	0.0	0.0	0.0	0.0	0.0	0.0	0.0
ACH-000284	4	89016681	A[T>C]G	0.00033521247919675215	0.0	0.0	0.0	0.6037859417840118	0.0	0.0	0.0	0.0	0.0	0.0	0.0	0.0	0.0015497554209031126	0.0	0.0	0.0	0.0	0.0	0.0	0.001226071892568495	0.0	0.0	0.0	0.0	0.0	0.0	0.0	0.0	0.0	0.0	0.0	0.0	0.0	0.0	0.0	0.0	0.0	0.0	0.0	0.0	0.0	0.0	0.0	0.0	0.0	0.0	0.0	0.0	0.0	0.0	0.0	0.0	0.0	0.0	0.0	0.0	0.0	0.0	0.0	0.0	0.0	0.0	0.3931030184233199	0.0	0.0	0.0	0.0	0.0	0.0	0.0	0.0	0.0	0.0	0.0	0.0	0.0	0.0	0.0	0.0	0.0	0.0	0.0	0.0	0.0	0.0
ACH-000284	4	177114141	C[T>A]A	0.002341132242330807	0.0	0.0	0.0	0.9634826297934287	0.0	0.0	0.0	0.0	0.0	0.0	0.0	0.0	0.0035632116489714683	0.0	0.0	0.0	0.0	0.0	0.0	0.03061302631526871	0.0	0.0	0.0	0.0	0.0	0.0	0.0	0.0	0.0	0.0	0.0	0.0	0.0	0.0	0.0	0.0	0.0	0.0	0.0	0.0	0.0	0.0	0.0	0.0	0.0	0.0	0.0	0.0	0.0	0.0	0.0	0.0	0.0	0.0	0.0	0.0	0.0	0.0	0.0	0.0	0.0	0.0	2.496090905955565e-16	0.0	0.0	0.0	0.0	0.0	0.0	0.0	0.0	0.0	0.0	0.0	0.0	0.0	0.0	0.0	0.0	0.0	0.0	0.0	0.0	0.0	0.0
ACH-000284	5	32108081	G[C>T]G	0.290536130509342	0.0	0.0	0.0	0.08193222905540373	0.0	0.0	0.0	0.0	0.0	0.0	0.0	0.0	0.015497758704097642	0.0	0.0	0.0	0.0	0.0	0.0	0.5963693131541645	0.0	0.0	0.0	0.0	0.0	0.0	0.0	0.0	0.0	0.0	0.0	0.0	0.0	0.0	0.0	0.0	0.0	0.0	0.0	0.0	0.0	0.0	0.0	0.0	0.0	0.0	0.0	0.0	0.0	0.0	0.0	0.0	0.0	0.0	0.0	0.0	0.0	0.0	0.0	0.0	0.0	0.0	0.015664568576992083	0.0	0.0	0.0	0.0	0.0	0.0	0.0	0.0	0.0	0.0	0.0	0.0	0.0	0.0	0.0	0.0	0.0	0.0	0.0	0.0	0.0	0.0
ACH-000284	5	54558540	A[C>T]G	0.7062255443196768	0.0	0.0	0.0	0.05976474054105435	0.0	0.0	0.0	0.0	0.0	0.0	0.0	0.0	0.0007392738889989575	0.0	0.0	0.0	0.0	0.0	0.0	0.2328620406735493	0.0	0.0	0.0	0.0	0.0	0.0	0.0	0.0	0.0	0.0	0.0	0.0	0.0	0.0	0.0	0.0	0.0	0.0	0.0	0.0	0.0	0.0	0.0	0.0	0.0	0.0	0.0	0.0	0.0	0.0	0.0	0.0	0.0	0.0	0.0	0.0	0.0	0.0	0.0	0.0	0.0	0.0	0.00040840057672062135	0.0	0.0	0.0	0.0	0.0	0.0	0.0	0.0	0.0	0.0	0.0	0.0	0.0	0.0	0.0	0.0	0.0	0.0	0.0	0.0	0.0	0.0
ACH-000284	5	178541161	T[C>T]G	0.17543167798959508	0.0	0.0	0.0	0.12674139672947146	0.0	0.0	0.0	0.0	0.0	0.0	0.0	0.0	0.6432080113836651	0.0	0.0	0.0	0.0	0.0	0.0	0.05461891389715145	0.0	0.0	0.0	0.0	0.0	0.0	0.0	0.0	0.0	0.0	0.0	0.0	0.0	0.0	0.0	0.0	0.0	0.0	0.0	0.0	0.0	0.0	0.0	0.0	0.0	0.0	0.0	0.0	0.0	0.0	0.0	0.0	0.0	0.0	0.0	0.0	0.0	0.0	0.0	0.0	0.0	0.0	1.1677013883318303e-13	0.0	0.0	0.0	0.0	0.0	0.0	0.0	0.0	0.0	0.0	0.0	0.0	0.0	0.0	0.0	0.0	0.0	0.0	0.0	0.0	0.0	0.0
ACH-000284	5	179757781	G[C>T]T	0.00015524397001632893	0.0	0.0	0.0	0.3759063137993785	0.0	0.0	0.0	0.0	0.0	0.0	0.0	0.0	0.11904358772755516	0.0	0.0	0.0	0.0	0.0	0.0	0.504277757234351	0.0	0.0	0.0	0.0	0.0	0.0	0.0	0.0	0.0	0.0	0.0	0.0	0.0	0.0	0.0	0.0	0.0	0.0	0.0	0.0	0.0	0.0	0.0	0.0	0.0	0.0	0.0	0.0	0.0	0.0	0.0	0.0	0.0	0.0	0.0	0.0	0.0	0.0	0.0	0.0	0.0	0.0	0.0006170972686990423	0.0	0.0	0.0	0.0	0.0	0.0	0.0	0.0	0.0	0.0	0.0	0.0	0.0	0.0	0.0	0.0	0.0	0.0	0.0	0.0	0.0	0.0
ACH-000284	6	3227772	G[T>C]G	0.007245129450898496	0.0	0.0	0.0	0.4642559853472809	0.0	0.0	0.0	0.0	0.0	0.0	0.0	0.0	0.007886677596393402	0.0	0.0	0.0	0.0	0.0	0.0	0.05952083950564047	0.0	0.0	0.0	0.0	0.0	0.0	0.0	0.0	0.0	0.0	0.0	0.0	0.0	0.0	0.0	0.0	0.0	0.0	0.0	0.0	0.0	0.0	0.0	0.0	0.0	0.0	0.0	0.0	0.0	0.0	0.0	0.0	0.0	0.0	0.0	0.0	0.0	0.0	0.0	0.0	0.0	0.0	0.46109136809978674	0.0	0.0	0.0	0.0	0.0	0.0	0.0	0.0	0.0	0.0	0.0	0.0	0.0	0.0	0.0	0.0	0.0	0.0	0.0	0.0	0.0	0.0
ACH-000284	6	13620524	A[T>A]A	0.01849729903871464	0.0	0.0	0.0	0.8528658968803844	0.0	0.0	0.0	0.0	0.0	0.0	0.0	0.0	0.03883690085546509	0.0	0.0	0.0	0.0	0.0	0.0	0.07619744039008206	0.0	0.0	0.0	0.0	0.0	0.0	0.0	0.0	0.0	0.0	0.0	0.0	0.0	0.0	0.0	0.0	0.0	0.0	0.0	0.0	0.0	0.0	0.0	0.0	0.0	0.0	0.0	0.0	0.0	0.0	0.0	0.0	0.0	0.0	0.0	0.0	0.0	0.0	0.0	0.0	0.0	0.0	0.01360246283535389	0.0	0.0	0.0	0.0	0.0	0.0	0.0	0.0	0.0	0.0	0.0	0.0	0.0	0.0	0.0	0.0	0.0	0.0	0.0	0.0	0.0	0.0
ACH-000284	6	13625928	T[T>A]C	1.028904347195744e-14	0.0	0.0	0.0	0.9548905974419063	0.0	0.0	0.0	0.0	0.0	0.0	0.0	0.0	0.028321992304079124	0.0	0.0	0.0	0.0	0.0	0.0	0.01170414719009405	0.0	0.0	0.0	0.0	0.0	0.0	0.0	0.0	0.0	0.0	0.0	0.0	0.0	0.0	0.0	0.0	0.0	0.0	0.0	0.0	0.0	0.0	0.0	0.0	0.0	0.0	0.0	0.0	0.0	0.0	0.0	0.0	0.0	0.0	0.0	0.0	0.0	0.0	0.0	0.0	0.0	0.0	0.005083263063910425	0.0	0.0	0.0	0.0	0.0	0.0	0.0	0.0	0.0	0.0	0.0	0.0	0.0	0.0	0.0	0.0	0.0	0.0	0.0	0.0	0.0	0.0
ACH-000284	6	16129613	C[T>C]T	0.00045001211327297326	0.0	0.0	0.0	0.7868356692114861	0.0	0.0	0.0	0.0	0.0	0.0	0.0	0.0	0.007947018898899831	0.0	0.0	0.0	0.0	0.0	0.0	0.029869066464741408	0.0	0.0	0.0	0.0	0.0	0.0	0.0	0.0	0.0	0.0	0.0	0.0	0.0	0.0	0.0	0.0	0.0	0.0	0.0	0.0	0.0	0.0	0.0	0.0	0.0	0.0	0.0	0.0	0.0	0.0	0.0	0.0	0.0	0.0	0.0	0.0	0.0	0.0	0.0	0.0	0.0	0.0	0.17489823331159984	0.0	0.0	0.0	0.0	0.0	0.0	0.0	0.0	0.0	0.0	0.0	0.0	0.0	0.0	0.0	0.0	0.0	0.0	0.0	0.0	0.0	0.0
ACH-000284	6	41755461	G[C>T]T	0.00015524397001632893	0.0	0.0	0.0	0.3759063137993785	0.0	0.0	0.0	0.0	0.0	0.0	0.0	0.0	0.11904358772755516	0.0	0.0	0.0	0.0	0.0	0.0	0.504277757234351	0.0	0.0	0.0	0.0	0.0	0.0	0.0	0.0	0.0	0.0	0.0	0.0	0.0	0.0	0.0	0.0	0.0	0.0	0.0	0.0	0.0	0.0	0.0	0.0	0.0	0.0	0.0	0.0	0.0	0.0	0.0	0.0	0.0	0.0	0.0	0.0	0.0	0.0	0.0	0.0	0.0	0.0	0.0006170972686990423	0.0	0.0	0.0	0.0	0.0	0.0	0.0	0.0	0.0	0.0	0.0	0.0	0.0	0.0	0.0	0.0	0.0	0.0	0.0	0.0	0.0	0.0
ACH-000284	6	74176018	T[C>T]G	0.17543167798959508	0.0	0.0	0.0	0.12674139672947146	0.0	0.0	0.0	0.0	0.0	0.0	0.0	0.0	0.6432080113836651	0.0	0.0	0.0	0.0	0.0	0.0	0.05461891389715145	0.0	0.0	0.0	0.0	0.0	0.0	0.0	0.0	0.0	0.0	0.0	0.0	0.0	0.0	0.0	0.0	0.0	0.0	0.0	0.0	0.0	0.0	0.0	0.0	0.0	0.0	0.0	0.0	0.0	0.0	0.0	0.0	0.0	0.0	0.0	0.0	0.0	0.0	0.0	0.0	0.0	0.0	1.1677013883318303e-13	0.0	0.0	0.0	0.0	0.0	0.0	0.0	0.0	0.0	0.0	0.0	0.0	0.0	0.0	0.0	0.0	0.0	0.0	0.0	0.0	0.0	0.0
ACH-000284	6	96034787	A[T>A]T	0.003704584003423004	0.0	0.0	0.0	0.6273172761336373	0.0	0.0	0.0	0.0	0.0	0.0	0.0	0.0	0.05324625652544367	0.0	0.0	0.0	0.0	0.0	0.0	0.3119821732767736	0.0	0.0	0.0	0.0	0.0	0.0	0.0	0.0	0.0	0.0	0.0	0.0	0.0	0.0	0.0	0.0	0.0	0.0	0.0	0.0	0.0	0.0	0.0	0.0	0.0	0.0	0.0	0.0	0.0	0.0	0.0	0.0	0.0	0.0	0.0	0.0	0.0	0.0	0.0	0.0	0.0	0.0	0.0037497100607224478	0.0	0.0	0.0	0.0	0.0	0.0	0.0	0.0	0.0	0.0	0.0	0.0	0.0	0.0	0.0	0.0	0.0	0.0	0.0	0.0	0.0	0.0
ACH-000284	6	116442881	G[C>G]C	0.006119969848347813	0.0	0.0	0.0	0.9474918746148843	0.0	0.0	0.0	0.0	0.0	0.0	0.0	0.0	0.004683807747517099	0.0	0.0	0.0	0.0	0.0	0.0	0.03665228172194263	0.0	0.0	0.0	0.0	0.0	0.0	0.0	0.0	0.0	0.0	0.0	0.0	0.0	0.0	0.0	0.0	0.0	0.0	0.0	0.0	0.0	0.0	0.0	0.0	0.0	0.0	0.0	0.0	0.0	0.0	0.0	0.0	0.0	0.0	0.0	0.0	0.0	0.0	0.0	0.0	0.0	0.0	0.0050520660673082085	0.0	0.0	0.0	0.0	0.0	0.0	0.0	0.0	0.0	0.0	0.0	0.0	0.0	0.0	0.0	0.0	0.0	0.0	0.0	0.0	0.0	0.0
ACH-000284	6	121624832	T[T>C]T	0.040584372727227695	0.0	0.0	0.0	0.8666599094283192	0.0	0.0	0.0	0.0	0.0	0.0	0.0	0.0	0.0002171228013642875	0.0	0.0	0.0	0.0	0.0	0.0	0.020440734186450964	0.0	0.0	0.0	0.0	0.0	0.0	0.0	0.0	0.0	0.0	0.0	0.0	0.0	0.0	0.0	0.0	0.0	0.0	0.0	0.0	0.0	0.0	0.0	0.0	0.0	0.0	0.0	0.0	0.0	0.0	0.0	0.0	0.0	0.0	0.0	0.0	0.0	0.0	0.0	0.0	0.0	0.0	0.07209786085663793	0.0	0.0	0.0	0.0	0.0	0.0	0.0	0.0	0.0	0.0	0.0	0.0	0.0	0.0	0.0	0.0	0.0	0.0	0.0	0.0	0.0	0.0
ACH-000284	6	128505641	T[T>C]G	0.003436873921345998	0.0	0.0	0.0	0.5244208070945059	0.0	0.0	0.0	0.0	0.0	0.0	0.0	0.0	0.005093326625538508	0.0	0.0	0.0	0.0	0.0	0.0	0.017617163966288842	0.0	0.0	0.0	0.0	0.0	0.0	0.0	0.0	0.0	0.0	0.0	0.0	0.0	0.0	0.0	0.0	0.0	0.0	0.0	0.0	0.0	0.0	0.0	0.0	0.0	0.0	0.0	0.0	0.0	0.0	0.0	0.0	0.0	0.0	0.0	0.0	0.0	0.0	0.0	0.0	0.0	0.0	0.44943182839232076	0.0	0.0	0.0	0.0	0.0	0.0	0.0	0.0	0.0	0.0	0.0	0.0	0.0	0.0	0.0	0.0	0.0	0.0	0.0	0.0	0.0	0.0
ACH-000284	6	138655555	T[C>T]A	0.007505046434034339	0.0	0.0	0.0	0.6860132914582789	0.0	0.0	0.0	0.0	0.0	0.0	0.0	0.0	0.01703522326202474	0.0	0.0	0.0	0.0	0.0	0.0	0.289446438845662	0.0	0.0	0.0	0.0	0.0	0.0	0.0	0.0	0.0	0.0	0.0	0.0	0.0	0.0	0.0	0.0	0.0	0.0	0.0	0.0	0.0	0.0	0.0	0.0	0.0	0.0	0.0	0.0	0.0	0.0	0.0	0.0	0.0	0.0	0.0	0.0	0.0	0.0	0.0	0.0	0.0	0.0	3.099247371748137e-17	0.0	0.0	0.0	0.0	0.0	0.0	0.0	0.0	0.0	0.0	0.0	0.0	0.0	0.0	0.0	0.0	0.0	0.0	0.0	0.0	0.0	0.0
ACH-000284	6	151265658	G[T>A]G	0.010829897216515888	0.0	0.0	0.0	0.9043499411562225	0.0	0.0	0.0	0.0	0.0	0.0	0.0	0.0	9.019914569626172e-15	0.0	0.0	0.0	0.0	0.0	0.0	0.013299092058243417	0.0	0.0	0.0	0.0	0.0	0.0	0.0	0.0	0.0	0.0	0.0	0.0	0.0	0.0	0.0	0.0	0.0	0.0	0.0	0.0	0.0	0.0	0.0	0.0	0.0	0.0	0.0	0.0	0.0	0.0	0.0	0.0	0.0	0.0	0.0	0.0	0.0	0.0	0.0	0.0	0.0	0.0	0.07152106956900907	0.0	0.0	0.0	0.0	0.0	0.0	0.0	0.0	0.0	0.0	0.0	0.0	0.0	0.0	0.0	0.0	0.0	0.0	0.0	0.0	0.0	0.0
ACH-000284	6	151672069	C[C>T]T	0.0013640916486678102	0.0	0.0	0.0	0.8035354999082108	0.0	0.0	0.0	0.0	0.0	0.0	0.0	0.0	0.0038217207754070188	0.0	0.0	0.0	0.0	0.0	0.0	0.17538947614518838	0.0	0.0	0.0	0.0	0.0	0.0	0.0	0.0	0.0	0.0	0.0	0.0	0.0	0.0	0.0	0.0	0.0	0.0	0.0	0.0	0.0	0.0	0.0	0.0	0.0	0.0	0.0	0.0	0.0	0.0	0.0	0.0	0.0	0.0	0.0	0.0	0.0	0.0	0.0	0.0	0.0	0.0	0.01588921152252595	0.0	0.0	0.0	0.0	0.0	0.0	0.0	0.0	0.0	0.0	0.0	0.0	0.0	0.0	0.0	0.0	0.0	0.0	0.0	0.0	0.0	0.0
ACH-000284	6	159166632	A[T>C]G	0.00033521247919675215	0.0	0.0	0.0	0.6037859417840118	0.0	0.0	0.0	0.0	0.0	0.0	0.0	0.0	0.0015497554209031126	0.0	0.0	0.0	0.0	0.0	0.0	0.001226071892568495	0.0	0.0	0.0	0.0	0.0	0.0	0.0	0.0	0.0	0.0	0.0	0.0	0.0	0.0	0.0	0.0	0.0	0.0	0.0	0.0	0.0	0.0	0.0	0.0	0.0	0.0	0.0	0.0	0.0	0.0	0.0	0.0	0.0	0.0	0.0	0.0	0.0	0.0	0.0	0.0	0.0	0.0	0.3931030184233199	0.0	0.0	0.0	0.0	0.0	0.0	0.0	0.0	0.0	0.0	0.0	0.0	0.0	0.0	0.0	0.0	0.0	0.0	0.0	0.0	0.0	0.0
ACH-000284	7	45960695	G[C>T]A	0.020096571851595045	0.0	0.0	0.0	0.43888095034320657	0.0	0.0	0.0	0.0	0.0	0.0	0.0	0.0	0.0015163532216951145	0.0	0.0	0.0	0.0	0.0	0.0	0.5388877753495184	0.0	0.0	0.0	0.0	0.0	0.0	0.0	0.0	0.0	0.0	0.0	0.0	0.0	0.0	0.0	0.0	0.0	0.0	0.0	0.0	0.0	0.0	0.0	0.0	0.0	0.0	0.0	0.0	0.0	0.0	0.0	0.0	0.0	0.0	0.0	0.0	0.0	0.0	0.0	0.0	0.0	0.0	0.0006183492339848907	0.0	0.0	0.0	0.0	0.0	0.0	0.0	0.0	0.0	0.0	0.0	0.0	0.0	0.0	0.0	0.0	0.0	0.0	0.0	0.0	0.0	0.0
ACH-000284	7	99317936	C[C>T]C	0.0023813195383489074	0.0	0.0	0.0	0.8375552604667144	0.0	0.0	0.0	0.0	0.0	0.0	0.0	0.0	0.0006870004957636516	0.0	0.0	0.0	0.0	0.0	0.0	0.1581498197277597	0.0	0.0	0.0	0.0	0.0	0.0	0.0	0.0	0.0	0.0	0.0	0.0	0.0	0.0	0.0	0.0	0.0	0.0	0.0	0.0	0.0	0.0	0.0	0.0	0.0	0.0	0.0	0.0	0.0	0.0	0.0	0.0	0.0	0.0	0.0	0.0	0.0	0.0	0.0	0.0	0.0	0.0	0.0012265997714133374	0.0	0.0	0.0	0.0	0.0	0.0	0.0	0.0	0.0	0.0	0.0	0.0	0.0	0.0	0.0	0.0	0.0	0.0	0.0	0.0	0.0	0.0
ACH-000284	7	100463346	A[T>C]G	0.00033521247919675215	0.0	0.0	0.0	0.6037859417840118	0.0	0.0	0.0	0.0	0.0	0.0	0.0	0.0	0.0015497554209031126	0.0	0.0	0.0	0.0	0.0	0.0	0.001226071892568495	0.0	0.0	0.0	0.0	0.0	0.0	0.0	0.0	0.0	0.0	0.0	0.0	0.0	0.0	0.0	0.0	0.0	0.0	0.0	0.0	0.0	0.0	0.0	0.0	0.0	0.0	0.0	0.0	0.0	0.0	0.0	0.0	0.0	0.0	0.0	0.0	0.0	0.0	0.0	0.0	0.0	0.0	0.3931030184233199	0.0	0.0	0.0	0.0	0.0	0.0	0.0	0.0	0.0	0.0	0.0	0.0	0.0	0.0	0.0	0.0	0.0	0.0	0.0	0.0	0.0	0.0
ACH-000284	8	1853802	A[C>T]A	0.12657338204874852	0.0	0.0	0.0	0.8249468810183813	0.0	0.0	0.0	0.0	0.0	0.0	0.0	0.0	0.002565246740007501	0.0	0.0	0.0	0.0	0.0	0.0	0.04130338030338966	0.0	0.0	0.0	0.0	0.0	0.0	0.0	0.0	0.0	0.0	0.0	0.0	0.0	0.0	0.0	0.0	0.0	0.0	0.0	0.0	0.0	0.0	0.0	0.0	0.0	0.0	0.0	0.0	0.0	0.0	0.0	0.0	0.0	0.0	0.0	0.0	0.0	0.0	0.0	0.0	0.0	0.0	0.0046111098894730754	0.0	0.0	0.0	0.0	0.0	0.0	0.0	0.0	0.0	0.0	0.0	0.0	0.0	0.0	0.0	0.0	0.0	0.0	0.0	0.0	0.0	0.0
ACH-000284	8	1871216	G[C>G]T	5.9519385947507946e-15	0.0	0.0	0.0	0.8966149764855155	0.0	0.0	0.0	0.0	0.0	0.0	0.0	0.0	0.0027839551183014154	0.0	0.0	0.0	0.0	0.0	0.0	0.01944909780262238	0.0	0.0	0.0	0.0	0.0	0.0	0.0	0.0	0.0	0.0	0.0	0.0	0.0	0.0	0.0	0.0	0.0	0.0	0.0	0.0	0.0	0.0	0.0	0.0	0.0	0.0	0.0	0.0	0.0	0.0	0.0	0.0	0.0	0.0	0.0	0.0	0.0	0.0	0.0	0.0	0.0	0.0	0.08115197059355482	0.0	0.0	0.0	0.0	0.0	0.0	0.0	0.0	0.0	0.0	0.0	0.0	0.0	0.0	0.0	0.0	0.0	0.0	0.0	0.0	0.0	0.0
ACH-000284	8	48196629	T[C>T]A	0.007505046434034339	0.0	0.0	0.0	0.6860132914582789	0.0	0.0	0.0	0.0	0.0	0.0	0.0	0.0	0.01703522326202474	0.0	0.0	0.0	0.0	0.0	0.0	0.289446438845662	0.0	0.0	0.0	0.0	0.0	0.0	0.0	0.0	0.0	0.0	0.0	0.0	0.0	0.0	0.0	0.0	0.0	0.0	0.0	0.0	0.0	0.0	0.0	0.0	0.0	0.0	0.0	0.0	0.0	0.0	0.0	0.0	0.0	0.0	0.0	0.0	0.0	0.0	0.0	0.0	0.0	0.0	3.099247371748137e-17	0.0	0.0	0.0	0.0	0.0	0.0	0.0	0.0	0.0	0.0	0.0	0.0	0.0	0.0	0.0	0.0	0.0	0.0	0.0	0.0	0.0	0.0
ACH-000284	8	48691059	T[C>T]G	0.17543167798959508	0.0	0.0	0.0	0.12674139672947146	0.0	0.0	0.0	0.0	0.0	0.0	0.0	0.0	0.6432080113836651	0.0	0.0	0.0	0.0	0.0	0.0	0.05461891389715145	0.0	0.0	0.0	0.0	0.0	0.0	0.0	0.0	0.0	0.0	0.0	0.0	0.0	0.0	0.0	0.0	0.0	0.0	0.0	0.0	0.0	0.0	0.0	0.0	0.0	0.0	0.0	0.0	0.0	0.0	0.0	0.0	0.0	0.0	0.0	0.0	0.0	0.0	0.0	0.0	0.0	0.0	1.1677013883318303e-13	0.0	0.0	0.0	0.0	0.0	0.0	0.0	0.0	0.0	0.0	0.0	0.0	0.0	0.0	0.0	0.0	0.0	0.0	0.0	0.0	0.0	0.0
ACH-000284	8	133044276	G[C>T]A	0.020096571851595045	0.0	0.0	0.0	0.43888095034320657	0.0	0.0	0.0	0.0	0.0	0.0	0.0	0.0	0.0015163532216951145	0.0	0.0	0.0	0.0	0.0	0.0	0.5388877753495184	0.0	0.0	0.0	0.0	0.0	0.0	0.0	0.0	0.0	0.0	0.0	0.0	0.0	0.0	0.0	0.0	0.0	0.0	0.0	0.0	0.0	0.0	0.0	0.0	0.0	0.0	0.0	0.0	0.0	0.0	0.0	0.0	0.0	0.0	0.0	0.0	0.0	0.0	0.0	0.0	0.0	0.0	0.0006183492339848907	0.0	0.0	0.0	0.0	0.0	0.0	0.0	0.0	0.0	0.0	0.0	0.0	0.0	0.0	0.0	0.0	0.0	0.0	0.0	0.0	0.0	0.0
ACH-000284	8	140630778	C[C>T]G	0.5691719915789432	0.0	0.0	0.0	0.2539987201108247	0.0	0.0	0.0	0.0	0.0	0.0	0.0	0.0	0.009916166998822543	0.0	0.0	0.0	0.0	0.0	0.0	0.11634052167684415	0.0	0.0	0.0	0.0	0.0	0.0	0.0	0.0	0.0	0.0	0.0	0.0	0.0	0.0	0.0	0.0	0.0	0.0	0.0	0.0	0.0	0.0	0.0	0.0	0.0	0.0	0.0	0.0	0.0	0.0	0.0	0.0	0.0	0.0	0.0	0.0	0.0	0.0	0.0	0.0	0.0	0.0	0.05057259963456557	0.0	0.0	0.0	0.0	0.0	0.0	0.0	0.0	0.0	0.0	0.0	0.0	0.0	0.0	0.0	0.0	0.0	0.0	0.0	0.0	0.0	0.0
ACH-000284	9	4561502	A[C>T]G	0.7062255443196768	0.0	0.0	0.0	0.05976474054105435	0.0	0.0	0.0	0.0	0.0	0.0	0.0	0.0	0.0007392738889989575	0.0	0.0	0.0	0.0	0.0	0.0	0.2328620406735493	0.0	0.0	0.0	0.0	0.0	0.0	0.0	0.0	0.0	0.0	0.0	0.0	0.0	0.0	0.0	0.0	0.0	0.0	0.0	0.0	0.0	0.0	0.0	0.0	0.0	0.0	0.0	0.0	0.0	0.0	0.0	0.0	0.0	0.0	0.0	0.0	0.0	0.0	0.0	0.0	0.0	0.0	0.00040840057672062135	0.0	0.0	0.0	0.0	0.0	0.0	0.0	0.0	0.0	0.0	0.0	0.0	0.0	0.0	0.0	0.0	0.0	0.0	0.0	0.0	0.0	0.0
ACH-000284	9	27950026	A[T>C]T	0.028189034530358474	0.0	0.0	0.0	0.9400978840748647	0.0	0.0	0.0	0.0	0.0	0.0	0.0	0.0	0.0006798521948232801	0.0	0.0	0.0	0.0	0.0	0.0	0.007370141363623481	0.0	0.0	0.0	0.0	0.0	0.0	0.0	0.0	0.0	0.0	0.0	0.0	0.0	0.0	0.0	0.0	0.0	0.0	0.0	0.0	0.0	0.0	0.0	0.0	0.0	0.0	0.0	0.0	0.0	0.0	0.0	0.0	0.0	0.0	0.0	0.0	0.0	0.0	0.0	0.0	0.0	0.0	0.023663087836330147	0.0	0.0	0.0	0.0	0.0	0.0	0.0	0.0	0.0	0.0	0.0	0.0	0.0	0.0	0.0	0.0	0.0	0.0	0.0	0.0	0.0	0.0
ACH-000284	10	75519425	G[C>A]A	0.026277021073258553	0.0	0.0	0.0	0.8478624352147967	0.0	0.0	0.0	0.0	0.0	0.0	0.0	0.0	0.011219962753051321	0.0	0.0	0.0	0.0	0.0	0.0	0.061524264149870604	0.0	0.0	0.0	0.0	0.0	0.0	0.0	0.0	0.0	0.0	0.0	0.0	0.0	0.0	0.0	0.0	0.0	0.0	0.0	0.0	0.0	0.0	0.0	0.0	0.0	0.0	0.0	0.0	0.0	0.0	0.0	0.0	0.0	0.0	0.0	0.0	0.0	0.0	0.0	0.0	0.0	0.0	0.05311631680902267	0.0	0.0	0.0	0.0	0.0	0.0	0.0	0.0	0.0	0.0	0.0	0.0	0.0	0.0	0.0	0.0	0.0	0.0	0.0	0.0	0.0	0.0
ACH-000284	10	99155981	C[T>C]G	0.0015974630816094771	0.0	0.0	0.0	0.46131504744324214	0.0	0.0	0.0	0.0	0.0	0.0	0.0	0.0	0.00010361187745610977	0.0	0.0	0.0	0.0	0.0	0.0	0.00996402867612966	0.0	0.0	0.0	0.0	0.0	0.0	0.0	0.0	0.0	0.0	0.0	0.0	0.0	0.0	0.0	0.0	0.0	0.0	0.0	0.0	0.0	0.0	0.0	0.0	0.0	0.0	0.0	0.0	0.0	0.0	0.0	0.0	0.0	0.0	0.0	0.0	0.0	0.0	0.0	0.0	0.0	0.0	0.5270198489215625	0.0	0.0	0.0	0.0	0.0	0.0	0.0	0.0	0.0	0.0	0.0	0.0	0.0	0.0	0.0	0.0	0.0	0.0	0.0	0.0	0.0	0.0
ACH-000284	10	104416965	A[C>A]A	0.013868554317223399	0.0	0.0	0.0	0.9388255539160637	0.0	0.0	0.0	0.0	0.0	0.0	0.0	0.0	0.002629194059366671	0.0	0.0	0.0	0.0	0.0	0.0	0.023870492404675495	0.0	0.0	0.0	0.0	0.0	0.0	0.0	0.0	0.0	0.0	0.0	0.0	0.0	0.0	0.0	0.0	0.0	0.0	0.0	0.0	0.0	0.0	0.0	0.0	0.0	0.0	0.0	0.0	0.0	0.0	0.0	0.0	0.0	0.0	0.0	0.0	0.0	0.0	0.0	0.0	0.0	0.0	0.020806205302670782	0.0	0.0	0.0	0.0	0.0	0.0	0.0	0.0	0.0	0.0	0.0	0.0	0.0	0.0	0.0	0.0	0.0	0.0	0.0	0.0	0.0	0.0
ACH-000284	10	121689861	A[T>C]C	0.03876519828524377	0.0	0.0	0.0	0.8540423343625264	0.0	0.0	0.0	0.0	0.0	0.0	0.0	0.0	0.006001966129867508	0.0	0.0	0.0	0.0	0.0	0.0	0.04037536842770588	0.0	0.0	0.0	0.0	0.0	0.0	0.0	0.0	0.0	0.0	0.0	0.0	0.0	0.0	0.0	0.0	0.0	0.0	0.0	0.0	0.0	0.0	0.0	0.0	0.0	0.0	0.0	0.0	0.0	0.0	0.0	0.0	0.0	0.0	0.0	0.0	0.0	0.0	0.0	0.0	0.0	0.0	0.06081513279465641	0.0	0.0	0.0	0.0	0.0	0.0	0.0	0.0	0.0	0.0	0.0	0.0	0.0	0.0	0.0	0.0	0.0	0.0	0.0	0.0	0.0	0.0
ACH-000284	11	6651051	G[C>T]T	0.00015524397001632893	0.0	0.0	0.0	0.3759063137993785	0.0	0.0	0.0	0.0	0.0	0.0	0.0	0.0	0.11904358772755516	0.0	0.0	0.0	0.0	0.0	0.0	0.504277757234351	0.0	0.0	0.0	0.0	0.0	0.0	0.0	0.0	0.0	0.0	0.0	0.0	0.0	0.0	0.0	0.0	0.0	0.0	0.0	0.0	0.0	0.0	0.0	0.0	0.0	0.0	0.0	0.0	0.0	0.0	0.0	0.0	0.0	0.0	0.0	0.0	0.0	0.0	0.0	0.0	0.0	0.0	0.0006170972686990423	0.0	0.0	0.0	0.0	0.0	0.0	0.0	0.0	0.0	0.0	0.0	0.0	0.0	0.0	0.0	0.0	0.0	0.0	0.0	0.0	0.0	0.0
ACH-000284	11	8959697	A[C>T]A	0.12657338204874852	0.0	0.0	0.0	0.8249468810183813	0.0	0.0	0.0	0.0	0.0	0.0	0.0	0.0	0.002565246740007501	0.0	0.0	0.0	0.0	0.0	0.0	0.04130338030338966	0.0	0.0	0.0	0.0	0.0	0.0	0.0	0.0	0.0	0.0	0.0	0.0	0.0	0.0	0.0	0.0	0.0	0.0	0.0	0.0	0.0	0.0	0.0	0.0	0.0	0.0	0.0	0.0	0.0	0.0	0.0	0.0	0.0	0.0	0.0	0.0	0.0	0.0	0.0	0.0	0.0	0.0	0.0046111098894730754	0.0	0.0	0.0	0.0	0.0	0.0	0.0	0.0	0.0	0.0	0.0	0.0	0.0	0.0	0.0	0.0	0.0	0.0	0.0	0.0	0.0	0.0
ACH-000284	11	16847826	T[C>A]C	0.041285654347780976	0.0	0.0	0.0	0.7479181214066707	0.0	0.0	0.0	0.0	0.0	0.0	0.0	0.0	0.0572291132334662	0.0	0.0	0.0	0.0	0.0	0.0	0.15316047743079703	0.0	0.0	0.0	0.0	0.0	0.0	0.0	0.0	0.0	0.0	0.0	0.0	0.0	0.0	0.0	0.0	0.0	0.0	0.0	0.0	0.0	0.0	0.0	0.0	0.0	0.0	0.0	0.0	0.0	0.0	0.0	0.0	0.0	0.0	0.0	0.0	0.0	0.0	0.0	0.0	0.0	0.0	0.0004066335812851041	0.0	0.0	0.0	0.0	0.0	0.0	0.0	0.0	0.0	0.0	0.0	0.0	0.0	0.0	0.0	0.0	0.0	0.0	0.0	0.0	0.0	0.0
ACH-000284	11	17518348	C[C>T]T	0.0013640916486678102	0.0	0.0	0.0	0.8035354999082108	0.0	0.0	0.0	0.0	0.0	0.0	0.0	0.0	0.0038217207754070188	0.0	0.0	0.0	0.0	0.0	0.0	0.17538947614518838	0.0	0.0	0.0	0.0	0.0	0.0	0.0	0.0	0.0	0.0	0.0	0.0	0.0	0.0	0.0	0.0	0.0	0.0	0.0	0.0	0.0	0.0	0.0	0.0	0.0	0.0	0.0	0.0	0.0	0.0	0.0	0.0	0.0	0.0	0.0	0.0	0.0	0.0	0.0	0.0	0.0	0.0	0.01588921152252595	0.0	0.0	0.0	0.0	0.0	0.0	0.0	0.0	0.0	0.0	0.0	0.0	0.0	0.0	0.0	0.0	0.0	0.0	0.0	0.0	0.0	0.0
ACH-000284	11	85630494	T[T>C]A	0.0023868896740089603	0.0	0.0	0.0	0.8421146016629325	0.0	0.0	0.0	0.0	0.0	0.0	0.0	0.0	0.07653869783124176	0.0	0.0	0.0	0.0	0.0	0.0	0.05171428500713823	0.0	0.0	0.0	0.0	0.0	0.0	0.0	0.0	0.0	0.0	0.0	0.0	0.0	0.0	0.0	0.0	0.0	0.0	0.0	0.0	0.0	0.0	0.0	0.0	0.0	0.0	0.0	0.0	0.0	0.0	0.0	0.0	0.0	0.0	0.0	0.0	0.0	0.0	0.0	0.0	0.0	0.0	0.027245525824678613	0.0	0.0	0.0	0.0	0.0	0.0	0.0	0.0	0.0	0.0	0.0	0.0	0.0	0.0	0.0	0.0	0.0	0.0	0.0	0.0	0.0	0.0
ACH-000284	11	108188127	A[T>C]A	0.0041149909912763915	0.0	0.0	0.0	0.8717473397379726	0.0	0.0	0.0	0.0	0.0	0.0	0.0	0.0	0.032576837344423126	0.0	0.0	0.0	0.0	0.0	0.0	0.023723794003559263	0.0	0.0	0.0	0.0	0.0	0.0	0.0	0.0	0.0	0.0	0.0	0.0	0.0	0.0	0.0	0.0	0.0	0.0	0.0	0.0	0.0	0.0	0.0	0.0	0.0	0.0	0.0	0.0	0.0	0.0	0.0	0.0	0.0	0.0	0.0	0.0	0.0	0.0	0.0	0.0	0.0	0.0	0.06783703792276863	0.0	0.0	0.0	0.0	0.0	0.0	0.0	0.0	0.0	0.0	0.0	0.0	0.0	0.0	0.0	0.0	0.0	0.0	0.0	0.0	0.0	0.0
ACH-000284	12	27845780	C[T>C]G	0.0015974630816094771	0.0	0.0	0.0	0.46131504744324214	0.0	0.0	0.0	0.0	0.0	0.0	0.0	0.0	0.00010361187745610977	0.0	0.0	0.0	0.0	0.0	0.0	0.00996402867612966	0.0	0.0	0.0	0.0	0.0	0.0	0.0	0.0	0.0	0.0	0.0	0.0	0.0	0.0	0.0	0.0	0.0	0.0	0.0	0.0	0.0	0.0	0.0	0.0	0.0	0.0	0.0	0.0	0.0	0.0	0.0	0.0	0.0	0.0	0.0	0.0	0.0	0.0	0.0	0.0	0.0	0.0	0.5270198489215625	0.0	0.0	0.0	0.0	0.0	0.0	0.0	0.0	0.0	0.0	0.0	0.0	0.0	0.0	0.0	0.0	0.0	0.0	0.0	0.0	0.0	0.0
ACH-000284	12	46357912	A[T>C]A	0.0041149909912763915	0.0	0.0	0.0	0.8717473397379726	0.0	0.0	0.0	0.0	0.0	0.0	0.0	0.0	0.032576837344423126	0.0	0.0	0.0	0.0	0.0	0.0	0.023723794003559263	0.0	0.0	0.0	0.0	0.0	0.0	0.0	0.0	0.0	0.0	0.0	0.0	0.0	0.0	0.0	0.0	0.0	0.0	0.0	0.0	0.0	0.0	0.0	0.0	0.0	0.0	0.0	0.0	0.0	0.0	0.0	0.0	0.0	0.0	0.0	0.0	0.0	0.0	0.0	0.0	0.0	0.0	0.06783703792276863	0.0	0.0	0.0	0.0	0.0	0.0	0.0	0.0	0.0	0.0	0.0	0.0	0.0	0.0	0.0	0.0	0.0	0.0	0.0	0.0	0.0	0.0
ACH-000284	12	47471615	C[C>T]A	0.016860084129791224	0.0	0.0	0.0	0.8174054901545231	0.0	0.0	0.0	0.0	0.0	0.0	0.0	0.0	0.001174794081787505	0.0	0.0	0.0	0.0	0.0	0.0	0.1470772297004443	0.0	0.0	0.0	0.0	0.0	0.0	0.0	0.0	0.0	0.0	0.0	0.0	0.0	0.0	0.0	0.0	0.0	0.0	0.0	0.0	0.0	0.0	0.0	0.0	0.0	0.0	0.0	0.0	0.0	0.0	0.0	0.0	0.0	0.0	0.0	0.0	0.0	0.0	0.0	0.0	0.0	0.0	0.017482401933453993	0.0	0.0	0.0	0.0	0.0	0.0	0.0	0.0	0.0	0.0	0.0	0.0	0.0	0.0	0.0	0.0	0.0	0.0	0.0	0.0	0.0	0.0
ACH-000284	12	52797613	A[C>T]A	0.12657338204874852	0.0	0.0	0.0	0.8249468810183813	0.0	0.0	0.0	0.0	0.0	0.0	0.0	0.0	0.002565246740007501	0.0	0.0	0.0	0.0	0.0	0.0	0.04130338030338966	0.0	0.0	0.0	0.0	0.0	0.0	0.0	0.0	0.0	0.0	0.0	0.0	0.0	0.0	0.0	0.0	0.0	0.0	0.0	0.0	0.0	0.0	0.0	0.0	0.0	0.0	0.0	0.0	0.0	0.0	0.0	0.0	0.0	0.0	0.0	0.0	0.0	0.0	0.0	0.0	0.0	0.0	0.0046111098894730754	0.0	0.0	0.0	0.0	0.0	0.0	0.0	0.0	0.0	0.0	0.0	0.0	0.0	0.0	0.0	0.0	0.0	0.0	0.0	0.0	0.0	0.0
ACH-000284	12	53241719	C[C>T]G	0.5691719915789432	0.0	0.0	0.0	0.2539987201108247	0.0	0.0	0.0	0.0	0.0	0.0	0.0	0.0	0.009916166998822543	0.0	0.0	0.0	0.0	0.0	0.0	0.11634052167684415	0.0	0.0	0.0	0.0	0.0	0.0	0.0	0.0	0.0	0.0	0.0	0.0	0.0	0.0	0.0	0.0	0.0	0.0	0.0	0.0	0.0	0.0	0.0	0.0	0.0	0.0	0.0	0.0	0.0	0.0	0.0	0.0	0.0	0.0	0.0	0.0	0.0	0.0	0.0	0.0	0.0	0.0	0.05057259963456557	0.0	0.0	0.0	0.0	0.0	0.0	0.0	0.0	0.0	0.0	0.0	0.0	0.0	0.0	0.0	0.0	0.0	0.0	0.0	0.0	0.0	0.0
ACH-000284	12	53680402	G[C>A]C	0.006703733929974748	0.0	0.0	0.0	0.7561096539166219	0.0	0.0	0.0	0.0	0.0	0.0	0.0	0.0	0.04653847565989445	0.0	0.0	0.0	0.0	0.0	0.0	0.07954418825174074	0.0	0.0	0.0	0.0	0.0	0.0	0.0	0.0	0.0	0.0	0.0	0.0	0.0	0.0	0.0	0.0	0.0	0.0	0.0	0.0	0.0	0.0	0.0	0.0	0.0	0.0	0.0	0.0	0.0	0.0	0.0	0.0	0.0	0.0	0.0	0.0	0.0	0.0	0.0	0.0	0.0	0.0	0.11110394824176822	0.0	0.0	0.0	0.0	0.0	0.0	0.0	0.0	0.0	0.0	0.0	0.0	0.0	0.0	0.0	0.0	0.0	0.0	0.0	0.0	0.0	0.0
ACH-000284	12	55715008	T[T>G]T	1.3818455961718866e-15	0.0	0.0	0.0	0.4181880257187533	0.0	0.0	0.0	0.0	0.0	0.0	0.0	0.0	0.5199365473090098	0.0	0.0	0.0	0.0	0.0	0.0	0.05997227237913652	0.0	0.0	0.0	0.0	0.0	0.0	0.0	0.0	0.0	0.0	0.0	0.0	0.0	0.0	0.0	0.0	0.0	0.0	0.0	0.0	0.0	0.0	0.0	0.0	0.0	0.0	0.0	0.0	0.0	0.0	0.0	0.0	0.0	0.0	0.0	0.0	0.0	0.0	0.0	0.0	0.0	0.0	0.0019031545930990094	0.0	0.0	0.0	0.0	0.0	0.0	0.0	0.0	0.0	0.0	0.0	0.0	0.0	0.0	0.0	0.0	0.0	0.0	0.0	0.0	0.0	0.0
ACH-000284	12	100717366	G[C>T]G	0.290536130509342	0.0	0.0	0.0	0.08193222905540373	0.0	0.0	0.0	0.0	0.0	0.0	0.0	0.0	0.015497758704097642	0.0	0.0	0.0	0.0	0.0	0.0	0.5963693131541645	0.0	0.0	0.0	0.0	0.0	0.0	0.0	0.0	0.0	0.0	0.0	0.0	0.0	0.0	0.0	0.0	0.0	0.0	0.0	0.0	0.0	0.0	0.0	0.0	0.0	0.0	0.0	0.0	0.0	0.0	0.0	0.0	0.0	0.0	0.0	0.0	0.0	0.0	0.0	0.0	0.0	0.0	0.015664568576992083	0.0	0.0	0.0	0.0	0.0	0.0	0.0	0.0	0.0	0.0	0.0	0.0	0.0	0.0	0.0	0.0	0.0	0.0	0.0	0.0	0.0	0.0
ACH-000284	12	101016136	C[T>C]A	2.9367804291525767e-15	0.0	0.0	0.0	0.875591273734712	0.0	0.0	0.0	0.0	0.0	0.0	0.0	0.0	0.0160462116775454	0.0	0.0	0.0	0.0	0.0	0.0	0.015958682653944133	0.0	0.0	0.0	0.0	0.0	0.0	0.0	0.0	0.0	0.0	0.0	0.0	0.0	0.0	0.0	0.0	0.0	0.0	0.0	0.0	0.0	0.0	0.0	0.0	0.0	0.0	0.0	0.0	0.0	0.0	0.0	0.0	0.0	0.0	0.0	0.0	0.0	0.0	0.0	0.0	0.0	0.0	0.0924038319337956	0.0	0.0	0.0	0.0	0.0	0.0	0.0	0.0	0.0	0.0	0.0	0.0	0.0	0.0	0.0	0.0	0.0	0.0	0.0	0.0	0.0	0.0
ACH-000284	13	32968951	G[C>T]G	0.290536130509342	0.0	0.0	0.0	0.08193222905540373	0.0	0.0	0.0	0.0	0.0	0.0	0.0	0.0	0.015497758704097642	0.0	0.0	0.0	0.0	0.0	0.0	0.5963693131541645	0.0	0.0	0.0	0.0	0.0	0.0	0.0	0.0	0.0	0.0	0.0	0.0	0.0	0.0	0.0	0.0	0.0	0.0	0.0	0.0	0.0	0.0	0.0	0.0	0.0	0.0	0.0	0.0	0.0	0.0	0.0	0.0	0.0	0.0	0.0	0.0	0.0	0.0	0.0	0.0	0.0	0.0	0.015664568576992083	0.0	0.0	0.0	0.0	0.0	0.0	0.0	0.0	0.0	0.0	0.0	0.0	0.0	0.0	0.0	0.0	0.0	0.0	0.0	0.0	0.0	0.0
ACH-000284	13	114531568	A[C>T]C	0.05636833550993227	0.0	0.0	0.0	0.797952724029415	0.0	0.0	0.0	0.0	0.0	0.0	0.0	0.0	0.04321476224622435	0.0	0.0	0.0	0.0	0.0	0.0	0.09956072042954496	0.0	0.0	0.0	0.0	0.0	0.0	0.0	0.0	0.0	0.0	0.0	0.0	0.0	0.0	0.0	0.0	0.0	0.0	0.0	0.0	0.0	0.0	0.0	0.0	0.0	0.0	0.0	0.0	0.0	0.0	0.0	0.0	0.0	0.0	0.0	0.0	0.0	0.0	0.0	0.0	0.0	0.0	0.00290345778488353	0.0	0.0	0.0	0.0	0.0	0.0	0.0	0.0	0.0	0.0	0.0	0.0	0.0	0.0	0.0	0.0	0.0	0.0	0.0	0.0	0.0	0.0
ACH-000284	15	28447626	T[C>T]T	9.863423793940114e-16	0.0	0.0	0.0	0.4643284375700261	0.0	0.0	0.0	0.0	0.0	0.0	0.0	0.0	0.5225942258607995	0.0	0.0	0.0	0.0	0.0	0.0	0.012434866009974118	0.0	0.0	0.0	0.0	0.0	0.0	0.0	0.0	0.0	0.0	0.0	0.0	0.0	0.0	0.0	0.0	0.0	0.0	0.0	0.0	0.0	0.0	0.0	0.0	0.0	0.0	0.0	0.0	0.0	0.0	0.0	0.0	0.0	0.0	0.0	0.0	0.0	0.0	0.0	0.0	0.0	0.0	0.0006424705591991254	0.0	0.0	0.0	0.0	0.0	0.0	0.0	0.0	0.0	0.0	0.0	0.0	0.0	0.0	0.0	0.0	0.0	0.0	0.0	0.0	0.0	0.0
ACH-000284	15	34102723	T[C>T]C	0.0002123708833807777	0.0	0.0	0.0	0.6546318530918525	0.0	0.0	0.0	0.0	0.0	0.0	0.0	0.0	0.25489404244422403	0.0	0.0	0.0	0.0	0.0	0.0	0.08794537470504718	0.0	0.0	0.0	0.0	0.0	0.0	0.0	0.0	0.0	0.0	0.0	0.0	0.0	0.0	0.0	0.0	0.0	0.0	0.0	0.0	0.0	0.0	0.0	0.0	0.0	0.0	0.0	0.0	0.0	0.0	0.0	0.0	0.0	0.0	0.0	0.0	0.0	0.0	0.0	0.0	0.0	0.0	0.0023163588754956913	0.0	0.0	0.0	0.0	0.0	0.0	0.0	0.0	0.0	0.0	0.0	0.0	0.0	0.0	0.0	0.0	0.0	0.0	0.0	0.0	0.0	0.0
ACH-000284	15	41797171	C[C>A]G	0.004391282621166309	0.0	0.0	0.0	0.8149570333509434	0.0	0.0	0.0	0.0	0.0	0.0	0.0	0.0	0.0036446630933021145	0.0	0.0	0.0	0.0	0.0	0.0	0.005038594503091287	0.0	0.0	0.0	0.0	0.0	0.0	0.0	0.0	0.0	0.0	0.0	0.0	0.0	0.0	0.0	0.0	0.0	0.0	0.0	0.0	0.0	0.0	0.0	0.0	0.0	0.0	0.0	0.0	0.0	0.0	0.0	0.0	0.0	0.0	0.0	0.0	0.0	0.0	0.0	0.0	0.0	0.0	0.17196842643149687	0.0	0.0	0.0	0.0	0.0	0.0	0.0	0.0	0.0	0.0	0.0	0.0	0.0	0.0	0.0	0.0	0.0	0.0	0.0	0.0	0.0	0.0
ACH-000284	15	59323759	A[T>G]T	0.0036931831669120728	0.0	0.0	0.0	0.7960412016267664	0.0	0.0	0.0	0.0	0.0	0.0	0.0	0.0	6.756101215891229e-15	0.0	0.0	0.0	0.0	0.0	0.0	0.19336635768357868	0.0	0.0	0.0	0.0	0.0	0.0	0.0	0.0	0.0	0.0	0.0	0.0	0.0	0.0	0.0	0.0	0.0	0.0	0.0	0.0	0.0	0.0	0.0	0.0	0.0	0.0	0.0	0.0	0.0	0.0	0.0	0.0	0.0	0.0	0.0	0.0	0.0	0.0	0.0	0.0	0.0	0.0	0.006899257522736059	0.0	0.0	0.0	0.0	0.0	0.0	0.0	0.0	0.0	0.0	0.0	0.0	0.0	0.0	0.0	0.0	0.0	0.0	0.0	0.0	0.0	0.0
ACH-000284	15	77406728	C[C>T]G	0.5691719915789432	0.0	0.0	0.0	0.2539987201108247	0.0	0.0	0.0	0.0	0.0	0.0	0.0	0.0	0.009916166998822543	0.0	0.0	0.0	0.0	0.0	0.0	0.11634052167684415	0.0	0.0	0.0	0.0	0.0	0.0	0.0	0.0	0.0	0.0	0.0	0.0	0.0	0.0	0.0	0.0	0.0	0.0	0.0	0.0	0.0	0.0	0.0	0.0	0.0	0.0	0.0	0.0	0.0	0.0	0.0	0.0	0.0	0.0	0.0	0.0	0.0	0.0	0.0	0.0	0.0	0.0	0.05057259963456557	0.0	0.0	0.0	0.0	0.0	0.0	0.0	0.0	0.0	0.0	0.0	0.0	0.0	0.0	0.0	0.0	0.0	0.0	0.0	0.0	0.0	0.0
ACH-000284	15	102264342	C[C>T]A	0.016860084129791224	0.0	0.0	0.0	0.8174054901545231	0.0	0.0	0.0	0.0	0.0	0.0	0.0	0.0	0.001174794081787505	0.0	0.0	0.0	0.0	0.0	0.0	0.1470772297004443	0.0	0.0	0.0	0.0	0.0	0.0	0.0	0.0	0.0	0.0	0.0	0.0	0.0	0.0	0.0	0.0	0.0	0.0	0.0	0.0	0.0	0.0	0.0	0.0	0.0	0.0	0.0	0.0	0.0	0.0	0.0	0.0	0.0	0.0	0.0	0.0	0.0	0.0	0.0	0.0	0.0	0.0	0.017482401933453993	0.0	0.0	0.0	0.0	0.0	0.0	0.0	0.0	0.0	0.0	0.0	0.0	0.0	0.0	0.0	0.0	0.0	0.0	0.0	0.0	0.0	0.0
ACH-000284	16	4829726	G[T>A]C	0.006064667516328069	0.0	0.0	0.0	0.6837793585647589	0.0	0.0	0.0	0.0	0.0	0.0	0.0	0.0	0.005336737040968746	0.0	0.0	0.0	0.0	0.0	0.0	0.04473258472085781	0.0	0.0	0.0	0.0	0.0	0.0	0.0	0.0	0.0	0.0	0.0	0.0	0.0	0.0	0.0	0.0	0.0	0.0	0.0	0.0	0.0	0.0	0.0	0.0	0.0	0.0	0.0	0.0	0.0	0.0	0.0	0.0	0.0	0.0	0.0	0.0	0.0	0.0	0.0	0.0	0.0	0.0	0.26008665215708654	0.0	0.0	0.0	0.0	0.0	0.0	0.0	0.0	0.0	0.0	0.0	0.0	0.0	0.0	0.0	0.0	0.0	0.0	0.0	0.0	0.0	0.0
ACH-000284	16	29811008	G[C>A]T	3.17544926560719e-15	0.0	0.0	0.0	0.4854760690278642	0.0	0.0	0.0	0.0	0.0	0.0	0.0	0.0	0.036803590622333654	0.0	0.0	0.0	0.0	0.0	0.0	0.41873638448082817	0.0	0.0	0.0	0.0	0.0	0.0	0.0	0.0	0.0	0.0	0.0	0.0	0.0	0.0	0.0	0.0	0.0	0.0	0.0	0.0	0.0	0.0	0.0	0.0	0.0	0.0	0.0	0.0	0.0	0.0	0.0	0.0	0.0	0.0	0.0	0.0	0.0	0.0	0.0	0.0	0.0	0.0	0.05898395586897074	0.0	0.0	0.0	0.0	0.0	0.0	0.0	0.0	0.0	0.0	0.0	0.0	0.0	0.0	0.0	0.0	0.0	0.0	0.0	0.0	0.0	0.0
ACH-000284	16	30750658	G[C>T]G	0.290536130509342	0.0	0.0	0.0	0.08193222905540373	0.0	0.0	0.0	0.0	0.0	0.0	0.0	0.0	0.015497758704097642	0.0	0.0	0.0	0.0	0.0	0.0	0.5963693131541645	0.0	0.0	0.0	0.0	0.0	0.0	0.0	0.0	0.0	0.0	0.0	0.0	0.0	0.0	0.0	0.0	0.0	0.0	0.0	0.0	0.0	0.0	0.0	0.0	0.0	0.0	0.0	0.0	0.0	0.0	0.0	0.0	0.0	0.0	0.0	0.0	0.0	0.0	0.0	0.0	0.0	0.0	0.015664568576992083	0.0	0.0	0.0	0.0	0.0	0.0	0.0	0.0	0.0	0.0	0.0	0.0	0.0	0.0	0.0	0.0	0.0	0.0	0.0	0.0	0.0	0.0
ACH-000284	16	30976113	A[T>C]G	0.00033521247919675215	0.0	0.0	0.0	0.6037859417840118	0.0	0.0	0.0	0.0	0.0	0.0	0.0	0.0	0.0015497554209031126	0.0	0.0	0.0	0.0	0.0	0.0	0.001226071892568495	0.0	0.0	0.0	0.0	0.0	0.0	0.0	0.0	0.0	0.0	0.0	0.0	0.0	0.0	0.0	0.0	0.0	0.0	0.0	0.0	0.0	0.0	0.0	0.0	0.0	0.0	0.0	0.0	0.0	0.0	0.0	0.0	0.0	0.0	0.0	0.0	0.0	0.0	0.0	0.0	0.0	0.0	0.3931030184233199	0.0	0.0	0.0	0.0	0.0	0.0	0.0	0.0	0.0	0.0	0.0	0.0	0.0	0.0	0.0	0.0	0.0	0.0	0.0	0.0	0.0	0.0
ACH-000284	16	30976116	C[C>A]T	2.4803202204800822e-15	0.0	0.0	0.0	0.3608533357683755	0.0	0.0	0.0	0.0	0.0	0.0	0.0	0.0	0.08552236180393219	0.0	0.0	0.0	0.0	0.0	0.0	0.5157672750051122	0.0	0.0	0.0	0.0	0.0	0.0	0.0	0.0	0.0	0.0	0.0	0.0	0.0	0.0	0.0	0.0	0.0	0.0	0.0	0.0	0.0	0.0	0.0	0.0	0.0	0.0	0.0	0.0	0.0	0.0	0.0	0.0	0.0	0.0	0.0	0.0	0.0	0.0	0.0	0.0	0.0	0.0	0.03785702742257769	0.0	0.0	0.0	0.0	0.0	0.0	0.0	0.0	0.0	0.0	0.0	0.0	0.0	0.0	0.0	0.0	0.0	0.0	0.0	0.0	0.0	0.0
ACH-000284	16	48149459	T[C>T]C	0.0002123708833807777	0.0	0.0	0.0	0.6546318530918525	0.0	0.0	0.0	0.0	0.0	0.0	0.0	0.0	0.25489404244422403	0.0	0.0	0.0	0.0	0.0	0.0	0.08794537470504718	0.0	0.0	0.0	0.0	0.0	0.0	0.0	0.0	0.0	0.0	0.0	0.0	0.0	0.0	0.0	0.0	0.0	0.0	0.0	0.0	0.0	0.0	0.0	0.0	0.0	0.0	0.0	0.0	0.0	0.0	0.0	0.0	0.0	0.0	0.0	0.0	0.0	0.0	0.0	0.0	0.0	0.0	0.0023163588754956913	0.0	0.0	0.0	0.0	0.0	0.0	0.0	0.0	0.0	0.0	0.0	0.0	0.0	0.0	0.0	0.0	0.0	0.0	0.0	0.0	0.0	0.0
ACH-000284	16	53726156	T[C>G]T	0.024167712900357675	0.0	0.0	0.0	0.9678922139216948	0.0	0.0	0.0	0.0	0.0	0.0	0.0	0.0	0.0006205281240991812	0.0	0.0	0.0	0.0	0.0	0.0	0.004354631174751983	0.0	0.0	0.0	0.0	0.0	0.0	0.0	0.0	0.0	0.0	0.0	0.0	0.0	0.0	0.0	0.0	0.0	0.0	0.0	0.0	0.0	0.0	0.0	0.0	0.0	0.0	0.0	0.0	0.0	0.0	0.0	0.0	0.0	0.0	0.0	0.0	0.0	0.0	0.0	0.0	0.0	0.0	0.002964913879096381	0.0	0.0	0.0	0.0	0.0	0.0	0.0	0.0	0.0	0.0	0.0	0.0	0.0	0.0	0.0	0.0	0.0	0.0	0.0	0.0	0.0	0.0
ACH-000284	17	5462598	G[C>T]A	0.020096571851595045	0.0	0.0	0.0	0.43888095034320657	0.0	0.0	0.0	0.0	0.0	0.0	0.0	0.0	0.0015163532216951145	0.0	0.0	0.0	0.0	0.0	0.0	0.5388877753495184	0.0	0.0	0.0	0.0	0.0	0.0	0.0	0.0	0.0	0.0	0.0	0.0	0.0	0.0	0.0	0.0	0.0	0.0	0.0	0.0	0.0	0.0	0.0	0.0	0.0	0.0	0.0	0.0	0.0	0.0	0.0	0.0	0.0	0.0	0.0	0.0	0.0	0.0	0.0	0.0	0.0	0.0	0.0006183492339848907	0.0	0.0	0.0	0.0	0.0	0.0	0.0	0.0	0.0	0.0	0.0	0.0	0.0	0.0	0.0	0.0	0.0	0.0	0.0	0.0	0.0	0.0
ACH-000284	17	35470045	A[T>A]C	0.055062302767771756	0.0	0.0	0.0	0.8552414948489464	0.0	0.0	0.0	0.0	0.0	0.0	0.0	0.0	0.00767951412611182	0.0	0.0	0.0	0.0	0.0	0.0	0.03354573201992551	0.0	0.0	0.0	0.0	0.0	0.0	0.0	0.0	0.0	0.0	0.0	0.0	0.0	0.0	0.0	0.0	0.0	0.0	0.0	0.0	0.0	0.0	0.0	0.0	0.0	0.0	0.0	0.0	0.0	0.0	0.0	0.0	0.0	0.0	0.0	0.0	0.0	0.0	0.0	0.0	0.0	0.0	0.04847095623724447	0.0	0.0	0.0	0.0	0.0	0.0	0.0	0.0	0.0	0.0	0.0	0.0	0.0	0.0	0.0	0.0	0.0	0.0	0.0	0.0	0.0	0.0
ACH-000284	17	43922516	C[C>T]G	0.5691719915789432	0.0	0.0	0.0	0.2539987201108247	0.0	0.0	0.0	0.0	0.0	0.0	0.0	0.0	0.009916166998822543	0.0	0.0	0.0	0.0	0.0	0.0	0.11634052167684415	0.0	0.0	0.0	0.0	0.0	0.0	0.0	0.0	0.0	0.0	0.0	0.0	0.0	0.0	0.0	0.0	0.0	0.0	0.0	0.0	0.0	0.0	0.0	0.0	0.0	0.0	0.0	0.0	0.0	0.0	0.0	0.0	0.0	0.0	0.0	0.0	0.0	0.0	0.0	0.0	0.0	0.0	0.05057259963456557	0.0	0.0	0.0	0.0	0.0	0.0	0.0	0.0	0.0	0.0	0.0	0.0	0.0	0.0	0.0	0.0	0.0	0.0	0.0	0.0	0.0	0.0
ACH-000284	17	56405156	T[C>T]G	0.17543167798959508	0.0	0.0	0.0	0.12674139672947146	0.0	0.0	0.0	0.0	0.0	0.0	0.0	0.0	0.6432080113836651	0.0	0.0	0.0	0.0	0.0	0.0	0.05461891389715145	0.0	0.0	0.0	0.0	0.0	0.0	0.0	0.0	0.0	0.0	0.0	0.0	0.0	0.0	0.0	0.0	0.0	0.0	0.0	0.0	0.0	0.0	0.0	0.0	0.0	0.0	0.0	0.0	0.0	0.0	0.0	0.0	0.0	0.0	0.0	0.0	0.0	0.0	0.0	0.0	0.0	0.0	1.1677013883318303e-13	0.0	0.0	0.0	0.0	0.0	0.0	0.0	0.0	0.0	0.0	0.0	0.0	0.0	0.0	0.0	0.0	0.0	0.0	0.0	0.0	0.0	0.0
ACH-000284	17	62018402	A[T>C]G	0.00033521247919675215	0.0	0.0	0.0	0.6037859417840118	0.0	0.0	0.0	0.0	0.0	0.0	0.0	0.0	0.0015497554209031126	0.0	0.0	0.0	0.0	0.0	0.0	0.001226071892568495	0.0	0.0	0.0	0.0	0.0	0.0	0.0	0.0	0.0	0.0	0.0	0.0	0.0	0.0	0.0	0.0	0.0	0.0	0.0	0.0	0.0	0.0	0.0	0.0	0.0	0.0	0.0	0.0	0.0	0.0	0.0	0.0	0.0	0.0	0.0	0.0	0.0	0.0	0.0	0.0	0.0	0.0	0.3931030184233199	0.0	0.0	0.0	0.0	0.0	0.0	0.0	0.0	0.0	0.0	0.0	0.0	0.0	0.0	0.0	0.0	0.0	0.0	0.0	0.0	0.0	0.0
ACH-000284	18	5292177	C[C>T]A	0.016860084129791224	0.0	0.0	0.0	0.8174054901545231	0.0	0.0	0.0	0.0	0.0	0.0	0.0	0.0	0.001174794081787505	0.0	0.0	0.0	0.0	0.0	0.0	0.1470772297004443	0.0	0.0	0.0	0.0	0.0	0.0	0.0	0.0	0.0	0.0	0.0	0.0	0.0	0.0	0.0	0.0	0.0	0.0	0.0	0.0	0.0	0.0	0.0	0.0	0.0	0.0	0.0	0.0	0.0	0.0	0.0	0.0	0.0	0.0	0.0	0.0	0.0	0.0	0.0	0.0	0.0	0.0	0.017482401933453993	0.0	0.0	0.0	0.0	0.0	0.0	0.0	0.0	0.0	0.0	0.0	0.0	0.0	0.0	0.0	0.0	0.0	0.0	0.0	0.0	0.0	0.0
ACH-000284	18	9256532	C[T>G]A	0.0021901673266007033	0.0	0.0	0.0	0.798788573129668	0.0	0.0	0.0	0.0	0.0	0.0	0.0	0.0	0.012927274001379323	0.0	0.0	0.0	0.0	0.0	0.0	0.020534534278406114	0.0	0.0	0.0	0.0	0.0	0.0	0.0	0.0	0.0	0.0	0.0	0.0	0.0	0.0	0.0	0.0	0.0	0.0	0.0	0.0	0.0	0.0	0.0	0.0	0.0	0.0	0.0	0.0	0.0	0.0	0.0	0.0	0.0	0.0	0.0	0.0	0.0	0.0	0.0	0.0	0.0	0.0	0.16555945126394578	0.0	0.0	0.0	0.0	0.0	0.0	0.0	0.0	0.0	0.0	0.0	0.0	0.0	0.0	0.0	0.0	0.0	0.0	0.0	0.0	0.0	0.0
ACH-000284	18	55270075	T[C>T]G	0.17543167798959508	0.0	0.0	0.0	0.12674139672947146	0.0	0.0	0.0	0.0	0.0	0.0	0.0	0.0	0.6432080113836651	0.0	0.0	0.0	0.0	0.0	0.0	0.05461891389715145	0.0	0.0	0.0	0.0	0.0	0.0	0.0	0.0	0.0	0.0	0.0	0.0	0.0	0.0	0.0	0.0	0.0	0.0	0.0	0.0	0.0	0.0	0.0	0.0	0.0	0.0	0.0	0.0	0.0	0.0	0.0	0.0	0.0	0.0	0.0	0.0	0.0	0.0	0.0	0.0	0.0	0.0	1.1677013883318303e-13	0.0	0.0	0.0	0.0	0.0	0.0	0.0	0.0	0.0	0.0	0.0	0.0	0.0	0.0	0.0	0.0	0.0	0.0	0.0	0.0	0.0	0.0
ACH-000284	19	881649	A[C>G]A	0.03459898114318338	0.0	0.0	0.0	0.9390264619832044	0.0	0.0	0.0	0.0	0.0	0.0	0.0	0.0	0.005236068961832508	0.0	0.0	0.0	0.0	0.0	0.0	0.0033956266708375696	0.0	0.0	0.0	0.0	0.0	0.0	0.0	0.0	0.0	0.0	0.0	0.0	0.0	0.0	0.0	0.0	0.0	0.0	0.0	0.0	0.0	0.0	0.0	0.0	0.0	0.0	0.0	0.0	0.0	0.0	0.0	0.0	0.0	0.0	0.0	0.0	0.0	0.0	0.0	0.0	0.0	0.0	0.01774286124094213	0.0	0.0	0.0	0.0	0.0	0.0	0.0	0.0	0.0	0.0	0.0	0.0	0.0	0.0	0.0	0.0	0.0	0.0	0.0	0.0	0.0	0.0
ACH-000284	19	4446566	T[C>T]G	0.17543167798959508	0.0	0.0	0.0	0.12674139672947146	0.0	0.0	0.0	0.0	0.0	0.0	0.0	0.0	0.6432080113836651	0.0	0.0	0.0	0.0	0.0	0.0	0.05461891389715145	0.0	0.0	0.0	0.0	0.0	0.0	0.0	0.0	0.0	0.0	0.0	0.0	0.0	0.0	0.0	0.0	0.0	0.0	0.0	0.0	0.0	0.0	0.0	0.0	0.0	0.0	0.0	0.0	0.0	0.0	0.0	0.0	0.0	0.0	0.0	0.0	0.0	0.0	0.0	0.0	0.0	0.0	1.1677013883318303e-13	0.0	0.0	0.0	0.0	0.0	0.0	0.0	0.0	0.0	0.0	0.0	0.0	0.0	0.0	0.0	0.0	0.0	0.0	0.0	0.0	0.0	0.0
ACH-000284	19	14552150	A[C>T]G	0.7062255443196768	0.0	0.0	0.0	0.05976474054105435	0.0	0.0	0.0	0.0	0.0	0.0	0.0	0.0	0.0007392738889989575	0.0	0.0	0.0	0.0	0.0	0.0	0.2328620406735493	0.0	0.0	0.0	0.0	0.0	0.0	0.0	0.0	0.0	0.0	0.0	0.0	0.0	0.0	0.0	0.0	0.0	0.0	0.0	0.0	0.0	0.0	0.0	0.0	0.0	0.0	0.0	0.0	0.0	0.0	0.0	0.0	0.0	0.0	0.0	0.0	0.0	0.0	0.0	0.0	0.0	0.0	0.00040840057672062135	0.0	0.0	0.0	0.0	0.0	0.0	0.0	0.0	0.0	0.0	0.0	0.0	0.0	0.0	0.0	0.0	0.0	0.0	0.0	0.0	0.0	0.0
ACH-000284	19	18707816	C[C>T]C	0.0023813195383489074	0.0	0.0	0.0	0.8375552604667144	0.0	0.0	0.0	0.0	0.0	0.0	0.0	0.0	0.0006870004957636516	0.0	0.0	0.0	0.0	0.0	0.0	0.1581498197277597	0.0	0.0	0.0	0.0	0.0	0.0	0.0	0.0	0.0	0.0	0.0	0.0	0.0	0.0	0.0	0.0	0.0	0.0	0.0	0.0	0.0	0.0	0.0	0.0	0.0	0.0	0.0	0.0	0.0	0.0	0.0	0.0	0.0	0.0	0.0	0.0	0.0	0.0	0.0	0.0	0.0	0.0	0.0012265997714133374	0.0	0.0	0.0	0.0	0.0	0.0	0.0	0.0	0.0	0.0	0.0	0.0	0.0	0.0	0.0	0.0	0.0	0.0	0.0	0.0	0.0	0.0
ACH-000284	19	46270086	C[C>T]A	0.016860084129791224	0.0	0.0	0.0	0.8174054901545231	0.0	0.0	0.0	0.0	0.0	0.0	0.0	0.0	0.001174794081787505	0.0	0.0	0.0	0.0	0.0	0.0	0.1470772297004443	0.0	0.0	0.0	0.0	0.0	0.0	0.0	0.0	0.0	0.0	0.0	0.0	0.0	0.0	0.0	0.0	0.0	0.0	0.0	0.0	0.0	0.0	0.0	0.0	0.0	0.0	0.0	0.0	0.0	0.0	0.0	0.0	0.0	0.0	0.0	0.0	0.0	0.0	0.0	0.0	0.0	0.0	0.017482401933453993	0.0	0.0	0.0	0.0	0.0	0.0	0.0	0.0	0.0	0.0	0.0	0.0	0.0	0.0	0.0	0.0	0.0	0.0	0.0	0.0	0.0	0.0
ACH-000284	19	55445856	A[C>T]G	0.7062255443196768	0.0	0.0	0.0	0.05976474054105435	0.0	0.0	0.0	0.0	0.0	0.0	0.0	0.0	0.0007392738889989575	0.0	0.0	0.0	0.0	0.0	0.0	0.2328620406735493	0.0	0.0	0.0	0.0	0.0	0.0	0.0	0.0	0.0	0.0	0.0	0.0	0.0	0.0	0.0	0.0	0.0	0.0	0.0	0.0	0.0	0.0	0.0	0.0	0.0	0.0	0.0	0.0	0.0	0.0	0.0	0.0	0.0	0.0	0.0	0.0	0.0	0.0	0.0	0.0	0.0	0.0	0.00040840057672062135	0.0	0.0	0.0	0.0	0.0	0.0	0.0	0.0	0.0	0.0	0.0	0.0	0.0	0.0	0.0	0.0	0.0	0.0	0.0	0.0	0.0	0.0
ACH-000284	19	58806373	G[T>A]T	0.013616929998505977	0.0	0.0	0.0	0.8494172607261924	0.0	0.0	0.0	0.0	0.0	0.0	0.0	0.0	0.0052606048390131345	0.0	0.0	0.0	0.0	0.0	0.0	0.07161934669043499	0.0	0.0	0.0	0.0	0.0	0.0	0.0	0.0	0.0	0.0	0.0	0.0	0.0	0.0	0.0	0.0	0.0	0.0	0.0	0.0	0.0	0.0	0.0	0.0	0.0	0.0	0.0	0.0	0.0	0.0	0.0	0.0	0.0	0.0	0.0	0.0	0.0	0.0	0.0	0.0	0.0	0.0	0.06008585774585354	0.0	0.0	0.0	0.0	0.0	0.0	0.0	0.0	0.0	0.0	0.0	0.0	0.0	0.0	0.0	0.0	0.0	0.0	0.0	0.0	0.0	0.0
ACH-000284	20	391067	G[T>A]G	0.010829897216515888	0.0	0.0	0.0	0.9043499411562225	0.0	0.0	0.0	0.0	0.0	0.0	0.0	0.0	9.019914569626172e-15	0.0	0.0	0.0	0.0	0.0	0.0	0.013299092058243417	0.0	0.0	0.0	0.0	0.0	0.0	0.0	0.0	0.0	0.0	0.0	0.0	0.0	0.0	0.0	0.0	0.0	0.0	0.0	0.0	0.0	0.0	0.0	0.0	0.0	0.0	0.0	0.0	0.0	0.0	0.0	0.0	0.0	0.0	0.0	0.0	0.0	0.0	0.0	0.0	0.0	0.0	0.07152106956900907	0.0	0.0	0.0	0.0	0.0	0.0	0.0	0.0	0.0	0.0	0.0	0.0	0.0	0.0	0.0	0.0	0.0	0.0	0.0	0.0	0.0	0.0
ACH-000284	20	18296620	G[C>T]G	0.290536130509342	0.0	0.0	0.0	0.08193222905540373	0.0	0.0	0.0	0.0	0.0	0.0	0.0	0.0	0.015497758704097642	0.0	0.0	0.0	0.0	0.0	0.0	0.5963693131541645	0.0	0.0	0.0	0.0	0.0	0.0	0.0	0.0	0.0	0.0	0.0	0.0	0.0	0.0	0.0	0.0	0.0	0.0	0.0	0.0	0.0	0.0	0.0	0.0	0.0	0.0	0.0	0.0	0.0	0.0	0.0	0.0	0.0	0.0	0.0	0.0	0.0	0.0	0.0	0.0	0.0	0.0	0.015664568576992083	0.0	0.0	0.0	0.0	0.0	0.0	0.0	0.0	0.0	0.0	0.0	0.0	0.0	0.0	0.0	0.0	0.0	0.0	0.0	0.0	0.0	0.0
ACH-000284	20	47582415	G[C>T]G	0.290536130509342	0.0	0.0	0.0	0.08193222905540373	0.0	0.0	0.0	0.0	0.0	0.0	0.0	0.0	0.015497758704097642	0.0	0.0	0.0	0.0	0.0	0.0	0.5963693131541645	0.0	0.0	0.0	0.0	0.0	0.0	0.0	0.0	0.0	0.0	0.0	0.0	0.0	0.0	0.0	0.0	0.0	0.0	0.0	0.0	0.0	0.0	0.0	0.0	0.0	0.0	0.0	0.0	0.0	0.0	0.0	0.0	0.0	0.0	0.0	0.0	0.0	0.0	0.0	0.0	0.0	0.0	0.015664568576992083	0.0	0.0	0.0	0.0	0.0	0.0	0.0	0.0	0.0	0.0	0.0	0.0	0.0	0.0	0.0	0.0	0.0	0.0	0.0	0.0	0.0	0.0
ACH-000284	21	19770554	A[C>G]T	0.020602299166186066	0.0	0.0	0.0	0.9123015261074946	0.0	0.0	0.0	0.0	0.0	0.0	0.0	0.0	3.702753140956243e-15	0.0	0.0	0.0	0.0	0.0	0.0	0.009488263226029867	0.0	0.0	0.0	0.0	0.0	0.0	0.0	0.0	0.0	0.0	0.0	0.0	0.0	0.0	0.0	0.0	0.0	0.0	0.0	0.0	0.0	0.0	0.0	0.0	0.0	0.0	0.0	0.0	0.0	0.0	0.0	0.0	0.0	0.0	0.0	0.0	0.0	0.0	0.0	0.0	0.0	0.0	0.05760791150028569	0.0	0.0	0.0	0.0	0.0	0.0	0.0	0.0	0.0	0.0	0.0	0.0	0.0	0.0	0.0	0.0	0.0	0.0	0.0	0.0	0.0	0.0
ACH-000284	21	30378805	A[T>C]A	0.0041149909912763915	0.0	0.0	0.0	0.8717473397379726	0.0	0.0	0.0	0.0	0.0	0.0	0.0	0.0	0.032576837344423126	0.0	0.0	0.0	0.0	0.0	0.0	0.023723794003559263	0.0	0.0	0.0	0.0	0.0	0.0	0.0	0.0	0.0	0.0	0.0	0.0	0.0	0.0	0.0	0.0	0.0	0.0	0.0	0.0	0.0	0.0	0.0	0.0	0.0	0.0	0.0	0.0	0.0	0.0	0.0	0.0	0.0	0.0	0.0	0.0	0.0	0.0	0.0	0.0	0.0	0.0	0.06783703792276863	0.0	0.0	0.0	0.0	0.0	0.0	0.0	0.0	0.0	0.0	0.0	0.0	0.0	0.0	0.0	0.0	0.0	0.0	0.0	0.0	0.0	0.0
ACH-000284	22	24622608	T[C>T]G	0.17543167798959508	0.0	0.0	0.0	0.12674139672947146	0.0	0.0	0.0	0.0	0.0	0.0	0.0	0.0	0.6432080113836651	0.0	0.0	0.0	0.0	0.0	0.0	0.05461891389715145	0.0	0.0	0.0	0.0	0.0	0.0	0.0	0.0	0.0	0.0	0.0	0.0	0.0	0.0	0.0	0.0	0.0	0.0	0.0	0.0	0.0	0.0	0.0	0.0	0.0	0.0	0.0	0.0	0.0	0.0	0.0	0.0	0.0	0.0	0.0	0.0	0.0	0.0	0.0	0.0	0.0	0.0	1.1677013883318303e-13	0.0	0.0	0.0	0.0	0.0	0.0	0.0	0.0	0.0	0.0	0.0	0.0	0.0	0.0	0.0	0.0	0.0	0.0	0.0	0.0	0.0	0.0
ACH-000284	22	33733704	C[C>A]A	0.002957531461877645	0.0	0.0	0.0	0.35202230167756565	0.0	0.0	0.0	0.0	0.0	0.0	0.0	0.0	0.004557933763406164	0.0	0.0	0.0	0.0	0.0	0.0	0.6400936274871618	0.0	0.0	0.0	0.0	0.0	0.0	0.0	0.0	0.0	0.0	0.0	0.0	0.0	0.0	0.0	0.0	0.0	0.0	0.0	0.0	0.0	0.0	0.0	0.0	0.0	0.0	0.0	0.0	0.0	0.0	0.0	0.0	0.0	0.0	0.0	0.0	0.0	0.0	0.0	0.0	0.0	0.0	0.00036860560998870694	0.0	0.0	0.0	0.0	0.0	0.0	0.0	0.0	0.0	0.0	0.0	0.0	0.0	0.0	0.0	0.0	0.0	0.0	0.0	0.0	0.0	0.0
ACH-000284	22	37627978	G[C>T]G	0.290536130509342	0.0	0.0	0.0	0.08193222905540373	0.0	0.0	0.0	0.0	0.0	0.0	0.0	0.0	0.015497758704097642	0.0	0.0	0.0	0.0	0.0	0.0	0.5963693131541645	0.0	0.0	0.0	0.0	0.0	0.0	0.0	0.0	0.0	0.0	0.0	0.0	0.0	0.0	0.0	0.0	0.0	0.0	0.0	0.0	0.0	0.0	0.0	0.0	0.0	0.0	0.0	0.0	0.0	0.0	0.0	0.0	0.0	0.0	0.0	0.0	0.0	0.0	0.0	0.0	0.0	0.0	0.015664568576992083	0.0	0.0	0.0	0.0	0.0	0.0	0.0	0.0	0.0	0.0	0.0	0.0	0.0	0.0	0.0	0.0	0.0	0.0	0.0	0.0	0.0	0.0
ACH-000284	22	45309728	C[C>T]G	0.5691719915789432	0.0	0.0	0.0	0.2539987201108247	0.0	0.0	0.0	0.0	0.0	0.0	0.0	0.0	0.009916166998822543	0.0	0.0	0.0	0.0	0.0	0.0	0.11634052167684415	0.0	0.0	0.0	0.0	0.0	0.0	0.0	0.0	0.0	0.0	0.0	0.0	0.0	0.0	0.0	0.0	0.0	0.0	0.0	0.0	0.0	0.0	0.0	0.0	0.0	0.0	0.0	0.0	0.0	0.0	0.0	0.0	0.0	0.0	0.0	0.0	0.0	0.0	0.0	0.0	0.0	0.0	0.05057259963456557	0.0	0.0	0.0	0.0	0.0	0.0	0.0	0.0	0.0	0.0	0.0	0.0	0.0	0.0	0.0	0.0	0.0	0.0	0.0	0.0	0.0	0.0
ACH-000284	X	17157053	C[C>A]G	0.004391282621166309	0.0	0.0	0.0	0.8149570333509434	0.0	0.0	0.0	0.0	0.0	0.0	0.0	0.0	0.0036446630933021145	0.0	0.0	0.0	0.0	0.0	0.0	0.005038594503091287	0.0	0.0	0.0	0.0	0.0	0.0	0.0	0.0	0.0	0.0	0.0	0.0	0.0	0.0	0.0	0.0	0.0	0.0	0.0	0.0	0.0	0.0	0.0	0.0	0.0	0.0	0.0	0.0	0.0	0.0	0.0	0.0	0.0	0.0	0.0	0.0	0.0	0.0	0.0	0.0	0.0	0.0	0.17196842643149687	0.0	0.0	0.0	0.0	0.0	0.0	0.0	0.0	0.0	0.0	0.0	0.0	0.0	0.0	0.0	0.0	0.0	0.0	0.0	0.0	0.0	0.0
ACH-000284	X	154090033	T[C>G]G	0.007329119769141181	0.0	0.0	0.0	0.9027585191837443	0.0	0.0	0.0	0.0	0.0	0.0	0.0	0.0	2.1641293576803482e-14	0.0	0.0	0.0	0.0	0.0	0.0	0.009962793709681604	0.0	0.0	0.0	0.0	0.0	0.0	0.0	0.0	0.0	0.0	0.0	0.0	0.0	0.0	0.0	0.0	0.0	0.0	0.0	0.0	0.0	0.0	0.0	0.0	0.0	0.0	0.0	0.0	0.0	0.0	0.0	0.0	0.0	0.0	0.0	0.0	0.0	0.0	0.0	0.0	0.0	0.0	0.07994956733741126	0.0	0.0	0.0	0.0	0.0	0.0	0.0	0.0	0.0	0.0	0.0	0.0	0.0	0.0	0.0	0.0	0.0	0.0	0.0	0.0	0.0	0.0
