Sample Names	Chr	Pos	MutationType	SBS1	SBS2	SBS3	SBS4	SBS5	SBS6	SBS7a	SBS7b	SBS7c	SBS7d	SBS8	SBS9	SBS10a	SBS10b	SBS10c	SBS10d	SBS11	SBS12	SBS13	SBS14	SBS15	SBS16	SBS17a	SBS17b	SBS18	SBS19	SBS20	SBS21	SBS22a	SBS22b	SBS23	SBS24	SBS25	SBS26	SBS27	SBS28	SBS29	SBS30	SBS31	SBS32	SBS33	SBS34	SBS35	SBS36	SBS37	SBS38	SBS39	SBS40a	SBS40b	SBS40c	SBS41	SBS42	SBS43	SBS44	SBS45	SBS46	SBS47	SBS48	SBS49	SBS50	SBS51	SBS52	SBS53	SBS54	SBS55	SBS56	SBS57	SBS58	SBS59	SBS60	SBS84	SBS85	SBS86	SBS87	SBS88	SBS89	SBS90	SBS91	SBS92	SBS93	SBS94	SBS95	SBS96	SBS97	SBS98	SBS99
ACH-001282	1	18023535	G[C>T]G	0.21438060893993485	0.0	0.0	0.0	0.0801043315742929	0.5909949963289324	0.0	0.0	0.0	0.0	0.0	0.0	0.0	0.02322831062930795	0.0	0.0	0.0	0.0	0.0	0.0	0.0	0.0	0.0	0.0	0.0	0.0	0.0	0.0	0.0	0.0	0.0	0.0	0.0	0.0	0.0	0.0	0.0	0.0	0.0	0.0	0.0	0.0	0.0	0.0	0.0	0.0	0.0	0.0	0.0	0.0	0.0	0.0	0.0	0.0	0.0	0.0	0.0	0.0	0.0	0.0	0.0	0.0	0.0	0.028173993806027916	0.0	0.0	0.0	0.0	0.0	0.0	0.0	0.0	0.0	0.06311775872150399	0.0	0.0	0.0	0.0	0.0	0.0	0.0	0.0	0.0	0.0	0.0	0.0
ACH-001282	1	33263398	A[T>C]T	0.01956970687643856	0.0	0.0	0.0	0.8647549815466995	0.00577843989562843	0.0	0.0	0.0	0.0	0.0	0.0	0.0	0.0009586983972530244	0.0	0.0	0.0	0.0	0.0	0.0	0.0	0.0	0.0	0.0	0.0	0.0	0.0	0.0	0.0	0.0	0.0	0.0	0.0	0.0	0.0	0.0	0.0	0.0	0.0	0.0	0.0	0.0	0.0	0.0	0.0	0.0	0.0	0.0	0.0	0.0	0.0	0.0	0.0	0.0	0.0	0.0	0.0	0.0	0.0	0.0	0.0	0.0	0.0	0.04004240549134799	0.0	0.0	0.0	0.0	0.0	0.0	0.0	0.0	0.0	0.06889576779263248	0.0	0.0	0.0	0.0	0.0	0.0	0.0	0.0	0.0	0.0	0.0	0.0
ACH-001282	1	87033277	G[T>C]A	0.006617545653515492	0.0	0.0	0.0	0.588503269805143	0.05468595835171928	0.0	0.0	0.0	0.0	0.0	0.0	0.0	0.17367737338720196	0.0	0.0	0.0	0.0	0.0	0.0	0.0	0.0	0.0	0.0	0.0	0.0	0.0	0.0	0.0	0.0	0.0	0.0	0.0	0.0	0.0	0.0	0.0	0.0	0.0	0.0	0.0	0.0	0.0	0.0	0.0	0.0	0.0	0.0	0.0	0.0	0.0	0.0	0.0	0.0	0.0	0.0	0.0	0.0	0.0	0.0	0.0	0.0	0.0	0.10777020607595908	0.0	0.0	0.0	0.0	0.0	0.0	0.0	0.0	0.0	0.06874564672646122	0.0	0.0	0.0	0.0	0.0	0.0	0.0	0.0	0.0	0.0	0.0	0.0
ACH-001282	1	150483478	C[C>T]G	0.13511924314780774	0.0	0.0	0.0	0.07989527385711566	0.2839590782822645	0.0	0.0	0.0	0.0	0.0	0.0	0.0	0.004781684236930454	0.0	0.0	0.0	0.0	0.0	0.0	0.0	0.0	0.0	0.0	0.0	0.0	0.0	0.0	0.0	0.0	0.0	0.0	0.0	0.0	0.0	0.0	0.0	0.0	0.0	0.0	0.0	0.0	0.0	0.0	0.0	0.0	0.0	0.0	0.0	0.0	0.0	0.0	0.0	0.0	0.0	0.0	0.0	0.0	0.0	0.0	0.0	0.0	0.0	0.029263993136288805	0.0	0.0	0.0	0.0	0.0	0.0	0.0	0.0	0.0	0.46698072733959284	0.0	0.0	0.0	0.0	0.0	0.0	0.0	0.0	0.0	0.0	0.0	0.0
ACH-001282	1	150722514	G[C>T]G	0.21438060893993485	0.0	0.0	0.0	0.0801043315742929	0.5909949963289324	0.0	0.0	0.0	0.0	0.0	0.0	0.0	0.02322831062930795	0.0	0.0	0.0	0.0	0.0	0.0	0.0	0.0	0.0	0.0	0.0	0.0	0.0	0.0	0.0	0.0	0.0	0.0	0.0	0.0	0.0	0.0	0.0	0.0	0.0	0.0	0.0	0.0	0.0	0.0	0.0	0.0	0.0	0.0	0.0	0.0	0.0	0.0	0.0	0.0	0.0	0.0	0.0	0.0	0.0	0.0	0.0	0.0	0.0	0.028173993806027916	0.0	0.0	0.0	0.0	0.0	0.0	0.0	0.0	0.0	0.06311775872150399	0.0	0.0	0.0	0.0	0.0	0.0	0.0	0.0	0.0	0.0	0.0	0.0
ACH-001282	1	151139823	A[C>T]G	0.2911795563217271	0.0	0.0	0.0	0.03264963831466693	0.32320945473608254	0.0	0.0	0.0	0.0	0.0	0.0	0.0	0.0006191362088337352	0.0	0.0	0.0	0.0	0.0	0.0	0.0	0.0	0.0	0.0	0.0	0.0	0.0	0.0	0.0	0.0	0.0	0.0	0.0	0.0	0.0	0.0	0.0	0.0	0.0	0.0	0.0	0.0	0.0	0.0	0.0	0.0	0.0	0.0	0.0	0.0	0.0	0.0	0.0	0.0	0.0	0.0	0.0	0.0	0.0	0.0	0.0	0.0	0.0	0.00041043881871500503	0.0	0.0	0.0	0.0	0.0	0.0	0.0	0.0	0.0	0.3519317755999745	0.0	0.0	0.0	0.0	0.0	0.0	0.0	0.0	0.0	0.0	0.0	0.0
ACH-001282	1	153749628	A[T>G]C	0.00899029909483216	0.0	0.0	0.0	0.747822516400944	0.02991358674946888	0.0	0.0	0.0	0.0	0.0	0.0	0.0	0.004339649510907658	0.0	0.0	0.0	0.0	0.0	0.0	0.0	0.0	0.0	0.0	0.0	0.0	0.0	0.0	0.0	0.0	0.0	0.0	0.0	0.0	0.0	0.0	0.0	0.0	0.0	0.0	0.0	0.0	0.0	0.0	0.0	0.0	0.0	0.0	0.0	0.0	0.0	0.0	0.0	0.0	0.0	0.0	0.0	0.0	0.0	0.0	0.0	0.0	0.0	0.102931080156187	0.0	0.0	0.0	0.0	0.0	0.0	0.0	0.0	0.0	0.10600286808766025	0.0	0.0	0.0	0.0	0.0	0.0	0.0	0.0	0.0	0.0	0.0	0.0
ACH-001282	1	156876584	G[C>A]A	0.014980649502630727	0.0	0.0	0.0	0.6404655672806359	0.01366898238440239	0.0	0.0	0.0	0.0	0.0	0.0	0.0	0.01299299607497726	0.0	0.0	0.0	0.0	0.0	0.0	0.0	0.0	0.0	0.0	0.0	0.0	0.0	0.0	0.0	0.0	0.0	0.0	0.0	0.0	0.0	0.0	0.0	0.0	0.0	0.0	0.0	0.0	0.0	0.0	0.0	0.0	0.0	0.0	0.0	0.0	0.0	0.0	0.0	0.0	0.0	0.0	0.0	0.0	0.0	0.0	0.0	0.0	0.0	0.07381201998687849	0.0	0.0	0.0	0.0	0.0	0.0	0.0	0.0	0.0	0.2440797847704752	0.0	0.0	0.0	0.0	0.0	0.0	0.0	0.0	0.0	0.0	0.0	0.0
ACH-001282	1	205549968	A[C>T]C	0.02800165725742059	0.0	0.0	0.0	0.5252203740093874	0.34256020172991875	0.0	0.0	0.0	0.0	0.0	0.0	0.0	0.04360577715397989	0.0	0.0	0.0	0.0	0.0	0.0	0.0	0.0	0.0	0.0	0.0	0.0	0.0	0.0	0.0	0.0	0.0	0.0	0.0	0.0	0.0	0.0	0.0	0.0	0.0	0.0	0.0	0.0	0.0	0.0	0.0	0.0	0.0	0.0	0.0	0.0	0.0	0.0	0.0	0.0	0.0	0.0	0.0	0.0	0.0	0.0	0.0	0.0	0.0	0.00351567454905105	0.0	0.0	0.0	0.0	0.0	0.0	0.0	0.0	0.0	0.057096315300242256	0.0	0.0	0.0	0.0	0.0	0.0	0.0	0.0	0.0	0.0	0.0	0.0
ACH-001282	1	214820198	T[T>C]C	0.030886268523248803	0.0	0.0	0.0	0.5858774003490496	0.03352949211138803	0.0	0.0	0.0	0.0	0.0	0.0	0.0	0.0013834860737067752	0.0	0.0	0.0	0.0	0.0	0.0	0.0	0.0	0.0	0.0	0.0	0.0	0.0	0.0	0.0	0.0	0.0	0.0	0.0	0.0	0.0	0.0	0.0	0.0	0.0	0.0	0.0	0.0	0.0	0.0	0.0	0.0	0.0	0.0	0.0	0.0	0.0	0.0	0.0	0.0	0.0	0.0	0.0	0.0	0.0	0.0	0.0	0.0	0.0	0.11192717976073514	0.0	0.0	0.0	0.0	0.0	0.0	0.0	0.0	0.0	0.23639617318187173	0.0	0.0	0.0	0.0	0.0	0.0	0.0	0.0	0.0	0.0	0.0	0.0
ACH-001282	1	248201731	T[C>A]C	0.028990431316526972	0.0	0.0	0.0	0.6958657137646542	0.01926629562338817	0.0	0.0	0.0	0.0	0.0	0.0	0.0	0.08162738794820311	0.0	0.0	0.0	0.0	0.0	0.0	0.0	0.0	0.0	0.0	0.0	0.0	0.0	0.0	0.0	0.0	0.0	0.0	0.0	0.0	0.0	0.0	0.0	0.0	0.0	0.0	0.0	0.0	0.0	0.0	0.0	0.0	0.0	0.0	0.0	0.0	0.0	0.0	0.0	0.0	0.0	0.0	0.0	0.0	0.0	0.0	0.0	0.0	0.0	0.0006959905939534894	0.0	0.0	0.0	0.0	0.0	0.0	0.0	0.0	0.0	0.17355418075327403	0.0	0.0	0.0	0.0	0.0	0.0	0.0	0.0	0.0	0.0	0.0	0.0
ACH-001282	2	17998032	C[T>C]G	0.0008024182848075946	0.0	0.0	0.0	0.30703188964900224	0.040035445697414115	0.0	0.0	0.0	0.0	0.0	0.0	0.0	0.00010571653202086367	0.0	0.0	0.0	0.0	0.0	0.0	0.0	0.0	0.0	0.0	0.0	0.0	0.0	0.0	0.0	0.0	0.0	0.0	0.0	0.0	0.0	0.0	0.0	0.0	0.0	0.0	0.0	0.0	0.0	0.0	0.0	0.0	0.0	0.0	0.0	0.0	0.0	0.0	0.0	0.0	0.0	0.0	0.0	0.0	0.0	0.0	0.0	0.0	0.0	0.6452701613219737	0.0	0.0	0.0	0.0	0.0	0.0	0.0	0.0	0.0	0.006754368514781389	0.0	0.0	0.0	0.0	0.0	0.0	0.0	0.0	0.0	0.0	0.0	0.0
ACH-001282	2	27695184	G[C>G]T	3.2073558621197167e-15	0.0	0.0	0.0	0.6401924873765625	0.01559046783186568	0.0	0.0	0.0	0.0	0.0	0.0	0.0	0.0030472937027001433	0.0	0.0	0.0	0.0	0.0	0.0	0.0	0.0	0.0	0.0	0.0	0.0	0.0	0.0	0.0	0.0	0.0	0.0	0.0	0.0	0.0	0.0	0.0	0.0	0.0	0.0	0.0	0.0	0.0	0.0	0.0	0.0	0.0	0.0	0.0	0.0	0.0	0.0	0.0	0.0	0.0	0.0	0.0	0.0	0.0	0.0	0.0	0.0	0.0	0.10659391194596375	0.0	0.0	0.0	0.0	0.0	0.0	0.0	0.0	0.0	0.23457583914290456	0.0	0.0	0.0	0.0	0.0	0.0	0.0	0.0	0.0	0.0	0.0	0.0
ACH-001282	2	55277214	C[C>G]G	0.0010685559281314813	0.0	0.0	0.0	0.05005834283817357	0.0008635340323650609	0.0	0.0	0.0	0.0	0.0	0.0	0.0	1.2633752154016313e-15	0.0	0.0	0.0	0.0	0.0	0.0	0.0	0.0	0.0	0.0	0.0	0.0	0.0	0.0	0.0	0.0	0.0	0.0	0.0	0.0	0.0	0.0	0.0	0.0	0.0	0.0	0.0	0.0	0.0	0.0	0.0	0.0	0.0	0.0	0.0	0.0	0.0	0.0	0.0	0.0	0.0	0.0	0.0	0.0	0.0	0.0	0.0	0.0	0.0	0.0019762011045038447	0.0	0.0	0.0	0.0	0.0	0.0	0.0	0.0	0.0	0.9460333660968249	0.0	0.0	0.0	0.0	0.0	0.0	0.0	0.0	0.0	0.0	0.0	0.0
ACH-001282	2	105912881	C[C>T]G	0.13511924314780774	0.0	0.0	0.0	0.07989527385711566	0.2839590782822645	0.0	0.0	0.0	0.0	0.0	0.0	0.0	0.004781684236930454	0.0	0.0	0.0	0.0	0.0	0.0	0.0	0.0	0.0	0.0	0.0	0.0	0.0	0.0	0.0	0.0	0.0	0.0	0.0	0.0	0.0	0.0	0.0	0.0	0.0	0.0	0.0	0.0	0.0	0.0	0.0	0.0	0.0	0.0	0.0	0.0	0.0	0.0	0.0	0.0	0.0	0.0	0.0	0.0	0.0	0.0	0.0	0.0	0.0	0.029263993136288805	0.0	0.0	0.0	0.0	0.0	0.0	0.0	0.0	0.0	0.46698072733959284	0.0	0.0	0.0	0.0	0.0	0.0	0.0	0.0	0.0	0.0	0.0	0.0
ACH-001282	2	160665051	A[T>C]G	0.00018437383089381669	0.0	0.0	0.0	0.44002563328229116	0.024899658558904452	0.0	0.0	0.0	0.0	0.0	0.0	0.0	0.0017314328137138224	0.0	0.0	0.0	0.0	0.0	0.0	0.0	0.0	0.0	0.0	0.0	0.0	0.0	0.0	0.0	0.0	0.0	0.0	0.0	0.0	0.0	0.0	0.0	0.0	0.0	0.0	0.0	0.0	0.0	0.0	0.0	0.0	0.0	0.0	0.0	0.0	0.0	0.0	0.0	0.0	0.0	0.0	0.0	0.0	0.0	0.0	0.0	0.0	0.0	0.5270236498645321	0.0	0.0	0.0	0.0	0.0	0.0	0.0	0.0	0.0	0.00613525164966474	0.0	0.0	0.0	0.0	0.0	0.0	0.0	0.0	0.0	0.0	0.0	0.0
ACH-001282	2	196786862	C[C>A]A	0.003555604479544919	0.0	0.0	0.0	0.5607510918357315	0.07002700383071218	0.0	0.0	0.0	0.0	0.0	0.0	0.0	0.011130520128332018	0.0	0.0	0.0	0.0	0.0	0.0	0.0	0.0	0.0	0.0	0.0	0.0	0.0	0.0	0.0	0.0	0.0	0.0	0.0	0.0	0.0	0.0	0.0	0.0	0.0	0.0	0.0	0.0	0.0	0.0	0.0	0.0	0.0	0.0	0.0	0.0	0.0	0.0	0.0	0.0	0.0	0.0	0.0	0.0	0.0	0.0	0.0	0.0	0.0	0.0010801663317711887	0.0	0.0	0.0	0.0	0.0	0.0	0.0	0.0	0.0	0.35345561339390813	0.0	0.0	0.0	0.0	0.0	0.0	0.0	0.0	0.0	0.0	0.0	0.0
ACH-001282	2	201354873	G[C>G]A	0.00021854856168696384	0.0	0.0	0.0	0.7064382623016989	0.001492123782737639	0.0	0.0	0.0	0.0	0.0	0.0	0.0	0.0007349521495729494	0.0	0.0	0.0	0.0	0.0	0.0	0.0	0.0	0.0	0.0	0.0	0.0	0.0	0.0	0.0	0.0	0.0	0.0	0.0	0.0	0.0	0.0	0.0	0.0	0.0	0.0	0.0	0.0	0.0	0.0	0.0	0.0	0.0	0.0	0.0	0.0	0.0	0.0	0.0	0.0	0.0	0.0	0.0	0.0	0.0	0.0	0.0	0.0	0.0	0.07487497652070017	0.0	0.0	0.0	0.0	0.0	0.0	0.0	0.0	0.0	0.2162411366836034	0.0	0.0	0.0	0.0	0.0	0.0	0.0	0.0	0.0	0.0	0.0	0.0
ACH-001282	2	225721635	A[C>T]A	0.05053362847888896	0.0	0.0	0.0	0.43639519657452797	0.43745490747323995	0.0	0.0	0.0	0.0	0.0	0.0	0.0	0.0020803222839906378	0.0	0.0	0.0	0.0	0.0	0.0	0.0	0.0	0.0	0.0	0.0	0.0	0.0	0.0	0.0	0.0	0.0	0.0	0.0	0.0	0.0	0.0	0.0	0.0	0.0	0.0	0.0	0.0	0.0	0.0	0.0	0.0	0.0	0.0	0.0	0.0	0.0	0.0	0.0	0.0	0.0	0.0	0.0	0.0	0.0	0.0	0.0	0.0	0.0	0.0044873319236210674	0.0	0.0	0.0	0.0	0.0	0.0	0.0	0.0	0.0	0.06904861326573145	0.0	0.0	0.0	0.0	0.0	0.0	0.0	0.0	0.0	0.0	0.0	0.0
ACH-001282	3	8669403	G[C>T]G	0.21438060893993485	0.0	0.0	0.0	0.0801043315742929	0.5909949963289324	0.0	0.0	0.0	0.0	0.0	0.0	0.0	0.02322831062930795	0.0	0.0	0.0	0.0	0.0	0.0	0.0	0.0	0.0	0.0	0.0	0.0	0.0	0.0	0.0	0.0	0.0	0.0	0.0	0.0	0.0	0.0	0.0	0.0	0.0	0.0	0.0	0.0	0.0	0.0	0.0	0.0	0.0	0.0	0.0	0.0	0.0	0.0	0.0	0.0	0.0	0.0	0.0	0.0	0.0	0.0	0.0	0.0	0.0	0.028173993806027916	0.0	0.0	0.0	0.0	0.0	0.0	0.0	0.0	0.0	0.06311775872150399	0.0	0.0	0.0	0.0	0.0	0.0	0.0	0.0	0.0	0.0	0.0	0.0
ACH-001282	3	12200300	T[T>C]G	0.001794913143315489	0.0	0.0	0.0	0.3628905256903517	0.03102876763376714	0.0	0.0	0.0	0.0	0.0	0.0	0.0	0.005403121615009245	0.0	0.0	0.0	0.0	0.0	0.0	0.0	0.0	0.0	0.0	0.0	0.0	0.0	0.0	0.0	0.0	0.0	0.0	0.0	0.0	0.0	0.0	0.0	0.0	0.0	0.0	0.0	0.0	0.0	0.0	0.0	0.0	0.0	0.0	0.0	0.0	0.0	0.0	0.0	0.0	0.0	0.0	0.0	0.0	0.0	0.0	0.0	0.0	0.0	0.572121524101847	0.0	0.0	0.0	0.0	0.0	0.0	0.0	0.0	0.0	0.02676114781570937	0.0	0.0	0.0	0.0	0.0	0.0	0.0	0.0	0.0	0.0	0.0	0.0
ACH-001282	3	47043985	G[C>T]G	0.21438060893993485	0.0	0.0	0.0	0.0801043315742929	0.5909949963289324	0.0	0.0	0.0	0.0	0.0	0.0	0.0	0.02322831062930795	0.0	0.0	0.0	0.0	0.0	0.0	0.0	0.0	0.0	0.0	0.0	0.0	0.0	0.0	0.0	0.0	0.0	0.0	0.0	0.0	0.0	0.0	0.0	0.0	0.0	0.0	0.0	0.0	0.0	0.0	0.0	0.0	0.0	0.0	0.0	0.0	0.0	0.0	0.0	0.0	0.0	0.0	0.0	0.0	0.0	0.0	0.0	0.0	0.0	0.028173993806027916	0.0	0.0	0.0	0.0	0.0	0.0	0.0	0.0	0.0	0.06311775872150399	0.0	0.0	0.0	0.0	0.0	0.0	0.0	0.0	0.0	0.0	0.0	0.0
ACH-001282	3	48677152	A[C>T]G	0.2911795563217271	0.0	0.0	0.0	0.03264963831466693	0.32320945473608254	0.0	0.0	0.0	0.0	0.0	0.0	0.0	0.0006191362088337352	0.0	0.0	0.0	0.0	0.0	0.0	0.0	0.0	0.0	0.0	0.0	0.0	0.0	0.0	0.0	0.0	0.0	0.0	0.0	0.0	0.0	0.0	0.0	0.0	0.0	0.0	0.0	0.0	0.0	0.0	0.0	0.0	0.0	0.0	0.0	0.0	0.0	0.0	0.0	0.0	0.0	0.0	0.0	0.0	0.0	0.0	0.0	0.0	0.0	0.00041043881871500503	0.0	0.0	0.0	0.0	0.0	0.0	0.0	0.0	0.0	0.3519317755999745	0.0	0.0	0.0	0.0	0.0	0.0	0.0	0.0	0.0	0.0	0.0	0.0
ACH-001282	3	49372940	C[T>C]A	1.6913748901584003e-15	0.0	0.0	0.0	0.6681680491499501	0.04251624420288715	0.0	0.0	0.0	0.0	0.0	0.0	0.0	0.018771729906903574	0.0	0.0	0.0	0.0	0.0	0.0	0.0	0.0	0.0	0.0	0.0	0.0	0.0	0.0	0.0	0.0	0.0	0.0	0.0	0.0	0.0	0.0	0.0	0.0	0.0	0.0	0.0	0.0	0.0	0.0	0.0	0.0	0.0	0.0	0.0	0.0	0.0	0.0	0.0	0.0	0.0	0.0	0.0	0.0	0.0	0.0	0.0	0.0	0.0	0.1297188253737006	0.0	0.0	0.0	0.0	0.0	0.0	0.0	0.0	0.0	0.14082515136655696	0.0	0.0	0.0	0.0	0.0	0.0	0.0	0.0	0.0	0.0	0.0	0.0
ACH-001282	3	49765601	C[C>T]G	0.13511924314780774	0.0	0.0	0.0	0.07989527385711566	0.2839590782822645	0.0	0.0	0.0	0.0	0.0	0.0	0.0	0.004781684236930454	0.0	0.0	0.0	0.0	0.0	0.0	0.0	0.0	0.0	0.0	0.0	0.0	0.0	0.0	0.0	0.0	0.0	0.0	0.0	0.0	0.0	0.0	0.0	0.0	0.0	0.0	0.0	0.0	0.0	0.0	0.0	0.0	0.0	0.0	0.0	0.0	0.0	0.0	0.0	0.0	0.0	0.0	0.0	0.0	0.0	0.0	0.0	0.0	0.0	0.029263993136288805	0.0	0.0	0.0	0.0	0.0	0.0	0.0	0.0	0.0	0.46698072733959284	0.0	0.0	0.0	0.0	0.0	0.0	0.0	0.0	0.0	0.0	0.0	0.0
ACH-001282	3	52598104	T[C>G]T	0.011899290952664726	0.0	0.0	0.0	0.6314346427019972	0.003296404996701694	0.0	0.0	0.0	0.0	0.0	0.0	0.0	0.0006205980100155883	0.0	0.0	0.0	0.0	0.0	0.0	0.0	0.0	0.0	0.0	0.0	0.0	0.0	0.0	0.0	0.0	0.0	0.0	0.0	0.0	0.0	0.0	0.0	0.0	0.0	0.0	0.0	0.0	0.0	0.0	0.0	0.0	0.0	0.0	0.0	0.0	0.0	0.0	0.0	0.0	0.0	0.0	0.0	0.0	0.0	0.0	0.0	0.0	0.0	0.0035582973569282723	0.0	0.0	0.0	0.0	0.0	0.0	0.0	0.0	0.0	0.3491907659816927	0.0	0.0	0.0	0.0	0.0	0.0	0.0	0.0	0.0	0.0	0.0	0.0
ACH-001282	3	121351301	C[T>G]C	0.0031258061766440406	0.0	0.0	0.0	0.4501407044343529	0.039028001912930634	0.0	0.0	0.0	0.0	0.0	0.0	0.0	0.031786405239642955	0.0	0.0	0.0	0.0	0.0	0.0	0.0	0.0	0.0	0.0	0.0	0.0	0.0	0.0	0.0	0.0	0.0	0.0	0.0	0.0	0.0	0.0	0.0	0.0	0.0	0.0	0.0	0.0	0.0	0.0	0.0	0.0	0.0	0.0	0.0	0.0	0.0	0.0	0.0	0.0	0.0	0.0	0.0	0.0	0.0	0.0	0.0	0.0	0.0	0.4179971329627172	0.0	0.0	0.0	0.0	0.0	0.0	0.0	0.0	0.0	0.05792194927371217	0.0	0.0	0.0	0.0	0.0	0.0	0.0	0.0	0.0	0.0	0.0	0.0
ACH-001282	3	121973054	G[C>A]T	3.25342019673471e-15	0.0	0.0	0.0	0.6590504865800818	0.06059713591608738	0.0	0.0	0.0	0.0	0.0	0.0	0.0	0.07659290639688493	0.0	0.0	0.0	0.0	0.0	0.0	0.0	0.0	0.0	0.0	0.0	0.0	0.0	0.0	0.0	0.0	0.0	0.0	0.0	0.0	0.0	0.0	0.0	0.0	0.0	0.0	0.0	0.0	0.0	0.0	0.0	0.0	0.0	0.0	0.0	0.0	0.0	0.0	0.0	0.0	0.0	0.0	0.0	0.0	0.0	0.0	0.0	0.0	0.0	0.1473036473147338	0.0	0.0	0.0	0.0	0.0	0.0	0.0	0.0	0.0	0.05645582379220883	0.0	0.0	0.0	0.0	0.0	0.0	0.0	0.0	0.0	0.0	0.0	0.0
ACH-001282	3	130284200	C[C>T]G	0.13511924314780774	0.0	0.0	0.0	0.07989527385711566	0.2839590782822645	0.0	0.0	0.0	0.0	0.0	0.0	0.0	0.004781684236930454	0.0	0.0	0.0	0.0	0.0	0.0	0.0	0.0	0.0	0.0	0.0	0.0	0.0	0.0	0.0	0.0	0.0	0.0	0.0	0.0	0.0	0.0	0.0	0.0	0.0	0.0	0.0	0.0	0.0	0.0	0.0	0.0	0.0	0.0	0.0	0.0	0.0	0.0	0.0	0.0	0.0	0.0	0.0	0.0	0.0	0.0	0.0	0.0	0.0	0.029263993136288805	0.0	0.0	0.0	0.0	0.0	0.0	0.0	0.0	0.0	0.46698072733959284	0.0	0.0	0.0	0.0	0.0	0.0	0.0	0.0	0.0	0.0	0.0	0.0
ACH-001282	3	151134176	C[T>C]T	0.00024065631451140995	0.0	0.0	0.0	0.5575360770719812	0.024227193186791507	0.0	0.0	0.0	0.0	0.0	0.0	0.0	0.008632581386766702	0.0	0.0	0.0	0.0	0.0	0.0	0.0	0.0	0.0	0.0	0.0	0.0	0.0	0.0	0.0	0.0	0.0	0.0	0.0	0.0	0.0	0.0	0.0	0.0	0.0	0.0	0.0	0.0	0.0	0.0	0.0	0.0	0.0	0.0	0.0	0.0	0.0	0.0	0.0	0.0	0.0	0.0	0.0	0.0	0.0	0.0	0.0	0.0	0.0	0.22798333604161136	0.0	0.0	0.0	0.0	0.0	0.0	0.0	0.0	0.0	0.18138015599833787	0.0	0.0	0.0	0.0	0.0	0.0	0.0	0.0	0.0	0.0	0.0	0.0
ACH-001282	3	169496611	A[C>G]C	0.02210253118027061	0.0	0.0	0.0	0.6838782809354647	0.017677218498601748	0.0	0.0	0.0	0.0	0.0	0.0	0.0	0.004550975830160589	0.0	0.0	0.0	0.0	0.0	0.0	0.0	0.0	0.0	0.0	0.0	0.0	0.0	0.0	0.0	0.0	0.0	0.0	0.0	0.0	0.0	0.0	0.0	0.0	0.0	0.0	0.0	0.0	0.0	0.0	0.0	0.0	0.0	0.0	0.0	0.0	0.0	0.0	0.0	0.0	0.0	0.0	0.0	0.0	0.0	0.0	0.0	0.0	0.0	0.013478751574069617	0.0	0.0	0.0	0.0	0.0	0.0	0.0	0.0	0.0	0.2583122419814328	0.0	0.0	0.0	0.0	0.0	0.0	0.0	0.0	0.0	0.0	0.0	0.0
ACH-001282	4	6621702	G[C>T]T	8.729189451445945e-05	0.0	0.0	0.0	0.28006231695606143	0.5711202463006954	0.0	0.0	0.0	0.0	0.0	0.0	0.0	0.13596544997726603	0.0	0.0	0.0	0.0	0.0	0.0	0.0	0.0	0.0	0.0	0.0	0.0	0.0	0.0	0.0	0.0	0.0	0.0	0.0	0.0	0.0	0.0	0.0	0.0	0.0	0.0	0.0	0.0	0.0	0.0	0.0	0.0	0.0	0.0	0.0	0.0	0.0	0.0	0.0	0.0	0.0	0.0	0.0	0.0	0.0	0.0	0.0	0.0	0.0	0.0008457800315336343	0.0	0.0	0.0	0.0	0.0	0.0	0.0	0.0	0.0	0.011918914839928981	0.0	0.0	0.0	0.0	0.0	0.0	0.0	0.0	0.0	0.0	0.0	0.0
ACH-001282	4	40818178	A[T>G]G	0.004081712885129324	0.0	0.0	0.0	0.8008467154375608	0.0055020792422274326	0.0	0.0	0.0	0.0	0.0	0.0	0.0	0.014932311099125257	0.0	0.0	0.0	0.0	0.0	0.0	0.0	0.0	0.0	0.0	0.0	0.0	0.0	0.0	0.0	0.0	0.0	0.0	0.0	0.0	0.0	0.0	0.0	0.0	0.0	0.0	0.0	0.0	0.0	0.0	0.0	0.0	0.0	0.0	0.0	0.0	0.0	0.0	0.0	0.0	0.0	0.0	0.0	0.0	0.0	0.0	0.0	0.0	0.0	0.02627185435078921	0.0	0.0	0.0	0.0	0.0	0.0	0.0	0.0	0.0	0.1483653269851679	0.0	0.0	0.0	0.0	0.0	0.0	0.0	0.0	0.0	0.0	0.0	0.0
ACH-001282	4	72399977	A[C>T]C	0.02800165725742059	0.0	0.0	0.0	0.5252203740093874	0.34256020172991875	0.0	0.0	0.0	0.0	0.0	0.0	0.0	0.04360577715397989	0.0	0.0	0.0	0.0	0.0	0.0	0.0	0.0	0.0	0.0	0.0	0.0	0.0	0.0	0.0	0.0	0.0	0.0	0.0	0.0	0.0	0.0	0.0	0.0	0.0	0.0	0.0	0.0	0.0	0.0	0.0	0.0	0.0	0.0	0.0	0.0	0.0	0.0	0.0	0.0	0.0	0.0	0.0	0.0	0.0	0.0	0.0	0.0	0.0	0.00351567454905105	0.0	0.0	0.0	0.0	0.0	0.0	0.0	0.0	0.0	0.057096315300242256	0.0	0.0	0.0	0.0	0.0	0.0	0.0	0.0	0.0	0.0	0.0	0.0
ACH-001282	4	103528871	C[T>C]C	0.023314216781992667	0.0	0.0	0.0	0.6422972345599577	0.03243044170776397	0.0	0.0	0.0	0.0	0.0	0.0	0.0	0.002167802187731604	0.0	0.0	0.0	0.0	0.0	0.0	0.0	0.0	0.0	0.0	0.0	0.0	0.0	0.0	0.0	0.0	0.0	0.0	0.0	0.0	0.0	0.0	0.0	0.0	0.0	0.0	0.0	0.0	0.0	0.0	0.0	0.0	0.0	0.0	0.0	0.0	0.0	0.0	0.0	0.0	0.0	0.0	0.0	0.0	0.0	0.0	0.0	0.0	0.0	0.2378021552257019	0.0	0.0	0.0	0.0	0.0	0.0	0.0	0.0	0.0	0.06198814953685201	0.0	0.0	0.0	0.0	0.0	0.0	0.0	0.0	0.0	0.0	0.0	0.0
ACH-001282	4	110619471	A[T>A]C	0.03851384552911346	0.0	0.0	0.0	0.7926238868749768	0.03183750963198616	0.0	0.0	0.0	0.0	0.0	0.0	0.0	0.010910876398812917	0.0	0.0	0.0	0.0	0.0	0.0	0.0	0.0	0.0	0.0	0.0	0.0	0.0	0.0	0.0	0.0	0.0	0.0	0.0	0.0	0.0	0.0	0.0	0.0	0.0	0.0	0.0	0.0	0.0	0.0	0.0	0.0	0.0	0.0	0.0	0.0	0.0	0.0	0.0	0.0	0.0	0.0	0.0	0.0	0.0	0.0	0.0	0.0	0.0	0.08263969887969087	0.0	0.0	0.0	0.0	0.0	0.0	0.0	0.0	0.0	0.043474182685419915	0.0	0.0	0.0	0.0	0.0	0.0	0.0	0.0	0.0	0.0	0.0	0.0
ACH-001282	4	110758600	A[C>T]A	0.05053362847888896	0.0	0.0	0.0	0.43639519657452797	0.43745490747323995	0.0	0.0	0.0	0.0	0.0	0.0	0.0	0.0020803222839906378	0.0	0.0	0.0	0.0	0.0	0.0	0.0	0.0	0.0	0.0	0.0	0.0	0.0	0.0	0.0	0.0	0.0	0.0	0.0	0.0	0.0	0.0	0.0	0.0	0.0	0.0	0.0	0.0	0.0	0.0	0.0	0.0	0.0	0.0	0.0	0.0	0.0	0.0	0.0	0.0	0.0	0.0	0.0	0.0	0.0	0.0	0.0	0.0	0.0	0.0044873319236210674	0.0	0.0	0.0	0.0	0.0	0.0	0.0	0.0	0.0	0.06904861326573145	0.0	0.0	0.0	0.0	0.0	0.0	0.0	0.0	0.0	0.0	0.0	0.0
ACH-001282	4	160253125	C[T>C]T	0.00024065631451140995	0.0	0.0	0.0	0.5575360770719812	0.024227193186791507	0.0	0.0	0.0	0.0	0.0	0.0	0.0	0.008632581386766702	0.0	0.0	0.0	0.0	0.0	0.0	0.0	0.0	0.0	0.0	0.0	0.0	0.0	0.0	0.0	0.0	0.0	0.0	0.0	0.0	0.0	0.0	0.0	0.0	0.0	0.0	0.0	0.0	0.0	0.0	0.0	0.0	0.0	0.0	0.0	0.0	0.0	0.0	0.0	0.0	0.0	0.0	0.0	0.0	0.0	0.0	0.0	0.0	0.0	0.22798333604161136	0.0	0.0	0.0	0.0	0.0	0.0	0.0	0.0	0.0	0.18138015599833787	0.0	0.0	0.0	0.0	0.0	0.0	0.0	0.0	0.0	0.0	0.0	0.0
ACH-001282	5	36166670	G[C>A]A	0.014980649502630727	0.0	0.0	0.0	0.6404655672806359	0.01366898238440239	0.0	0.0	0.0	0.0	0.0	0.0	0.0	0.01299299607497726	0.0	0.0	0.0	0.0	0.0	0.0	0.0	0.0	0.0	0.0	0.0	0.0	0.0	0.0	0.0	0.0	0.0	0.0	0.0	0.0	0.0	0.0	0.0	0.0	0.0	0.0	0.0	0.0	0.0	0.0	0.0	0.0	0.0	0.0	0.0	0.0	0.0	0.0	0.0	0.0	0.0	0.0	0.0	0.0	0.0	0.0	0.0	0.0	0.0	0.07381201998687849	0.0	0.0	0.0	0.0	0.0	0.0	0.0	0.0	0.0	0.2440797847704752	0.0	0.0	0.0	0.0	0.0	0.0	0.0	0.0	0.0	0.0	0.0	0.0
ACH-001282	5	41048513	G[C>T]T	8.729189451445945e-05	0.0	0.0	0.0	0.28006231695606143	0.5711202463006954	0.0	0.0	0.0	0.0	0.0	0.0	0.0	0.13596544997726603	0.0	0.0	0.0	0.0	0.0	0.0	0.0	0.0	0.0	0.0	0.0	0.0	0.0	0.0	0.0	0.0	0.0	0.0	0.0	0.0	0.0	0.0	0.0	0.0	0.0	0.0	0.0	0.0	0.0	0.0	0.0	0.0	0.0	0.0	0.0	0.0	0.0	0.0	0.0	0.0	0.0	0.0	0.0	0.0	0.0	0.0	0.0	0.0	0.0	0.0008457800315336343	0.0	0.0	0.0	0.0	0.0	0.0	0.0	0.0	0.0	0.011918914839928981	0.0	0.0	0.0	0.0	0.0	0.0	0.0	0.0	0.0	0.0	0.0	0.0
ACH-001282	5	113698792	A[C>A]C	0.02360436166533168	0.0	0.0	0.0	0.6472190401240715	0.01831568400348059	0.0	0.0	0.0	0.0	0.0	0.0	0.0	0.12692675782097584	0.0	0.0	0.0	0.0	0.0	0.0	0.0	0.0	0.0	0.0	0.0	0.0	0.0	0.0	0.0	0.0	0.0	0.0	0.0	0.0	0.0	0.0	0.0	0.0	0.0	0.0	0.0	0.0	0.0	0.0	0.0	0.0	0.0	0.0	0.0	0.0	0.0	0.0	0.0	0.0	0.0	0.0	0.0	0.0	0.0	0.0	0.0	0.0	0.0	0.012361085636988062	0.0	0.0	0.0	0.0	0.0	0.0	0.0	0.0	0.0	0.17157307074915235	0.0	0.0	0.0	0.0	0.0	0.0	0.0	0.0	0.0	0.0	0.0	0.0
ACH-001282	5	127510344	C[C>G]A	0.0003322283781640176	0.0	0.0	0.0	0.6355181206240424	0.0019122086683019208	0.0	0.0	0.0	0.0	0.0	0.0	0.0	0.0007728445415278105	0.0	0.0	0.0	0.0	0.0	0.0	0.0	0.0	0.0	0.0	0.0	0.0	0.0	0.0	0.0	0.0	0.0	0.0	0.0	0.0	0.0	0.0	0.0	0.0	0.0	0.0	0.0	0.0	0.0	0.0	0.0	0.0	0.0	0.0	0.0	0.0	0.0	0.0	0.0	0.0	0.0	0.0	0.0	0.0	0.0	0.0	0.0	0.0	0.0	0.023370136558011817	0.0	0.0	0.0	0.0	0.0	0.0	0.0	0.0	0.0	0.338094461229952	0.0	0.0	0.0	0.0	0.0	0.0	0.0	0.0	0.0	0.0	0.0	0.0
ACH-001282	5	132160320	C[C>G]C	0.001041944563773622	0.0	0.0	0.0	0.81506021584858	0.0017033351560127377	0.0	0.0	0.0	0.0	0.0	0.0	0.0	5.647258133733986e-15	0.0	0.0	0.0	0.0	0.0	0.0	0.0	0.0	0.0	0.0	0.0	0.0	0.0	0.0	0.0	0.0	0.0	0.0	0.0	0.0	0.0	0.0	0.0	0.0	0.0	0.0	0.0	0.0	0.0	0.0	0.0	0.0	0.0	0.0	0.0	0.0	0.0	0.0	0.0	0.0	0.0	0.0	0.0	0.0	0.0	0.0	0.0	0.0	0.0	0.017972444799187873	0.0	0.0	0.0	0.0	0.0	0.0	0.0	0.0	0.0	0.16422205963244008	0.0	0.0	0.0	0.0	0.0	0.0	0.0	0.0	0.0	0.0	0.0	0.0
ACH-001282	5	167946123	A[T>C]A	0.002663492074170128	0.0	0.0	0.0	0.7476339751086015	0.018232758338965288	0.0	0.0	0.0	0.0	0.0	0.0	0.0	0.042830665033672326	0.0	0.0	0.0	0.0	0.0	0.0	0.0	0.0	0.0	0.0	0.0	0.0	0.0	0.0	0.0	0.0	0.0	0.0	0.0	0.0	0.0	0.0	0.0	0.0	0.0	0.0	0.0	0.0	0.0	0.0	0.0	0.0	0.0	0.0	0.0	0.0	0.0	0.0	0.0	0.0	0.0	0.0	0.0	0.0	0.0	0.0	0.0	0.0	0.0	0.10702716475860825	0.0	0.0	0.0	0.0	0.0	0.0	0.0	0.0	0.0	0.0816119446859824	0.0	0.0	0.0	0.0	0.0	0.0	0.0	0.0	0.0	0.0	0.0	0.0
ACH-001282	5	175774635	T[C>A]A	0.0009441839945699519	0.0	0.0	0.0	0.7470545266418295	0.017250128580048988	0.0	0.0	0.0	0.0	0.0	0.0	0.0	0.011999441388893365	0.0	0.0	0.0	0.0	0.0	0.0	0.0	0.0	0.0	0.0	0.0	0.0	0.0	0.0	0.0	0.0	0.0	0.0	0.0	0.0	0.0	0.0	0.0	0.0	0.0	0.0	0.0	0.0	0.0	0.0	0.0	0.0	0.0	0.0	0.0	0.0	0.0	0.0	0.0	0.0	0.0	0.0	0.0	0.0	0.0	0.0	0.0	0.0	0.0	0.014401912540821316	0.0	0.0	0.0	0.0	0.0	0.0	0.0	0.0	0.0	0.208349806853837	0.0	0.0	0.0	0.0	0.0	0.0	0.0	0.0	0.0	0.0	0.0	0.0
ACH-001282	5	176638492	T[C>T]G	0.07714253859373026	0.0	0.0	0.0	0.07384486080785536	0.12312305291596602	0.0	0.0	0.0	0.0	0.0	0.0	0.0	0.5745141537591107	0.0	0.0	0.0	0.0	0.0	0.0	0.0	0.0	0.0	0.0	0.0	0.0	0.0	0.0	0.0	0.0	0.0	0.0	0.0	0.0	0.0	0.0	0.0	0.0	0.0	0.0	0.0	0.0	0.0	0.0	0.0	0.0	0.0	0.0	0.0	0.0	0.0	0.0	0.0	0.0	0.0	0.0	0.0	0.0	0.0	0.0	0.0	0.0	0.0	1.2515907073687994e-13	0.0	0.0	0.0	0.0	0.0	0.0	0.0	0.0	0.0	0.15137539392321248	0.0	0.0	0.0	0.0	0.0	0.0	0.0	0.0	0.0	0.0	0.0	0.0
ACH-001282	6	13487096	G[C>T]A	0.009720492242192142	0.0	0.0	0.0	0.281273544987821	0.6918562879930871	0.0	0.0	0.0	0.0	0.0	0.0	0.0	0.00148980708219356	0.0	0.0	0.0	0.0	0.0	0.0	0.0	0.0	0.0	0.0	0.0	0.0	0.0	0.0	0.0	0.0	0.0	0.0	0.0	0.0	0.0	0.0	0.0	0.0	0.0	0.0	0.0	0.0	0.0	0.0	0.0	0.0	0.0	0.0	0.0	0.0	0.0	0.0	0.0	0.0	0.0	0.0	0.0	0.0	0.0	0.0	0.0	0.0	0.0	0.0007290288739161948	0.0	0.0	0.0	0.0	0.0	0.0	0.0	0.0	0.0	0.01493083882079022	0.0	0.0	0.0	0.0	0.0	0.0	0.0	0.0	0.0	0.0	0.0	0.0
ACH-001282	6	27216986	C[C>T]G	0.13511924314780774	0.0	0.0	0.0	0.07989527385711566	0.2839590782822645	0.0	0.0	0.0	0.0	0.0	0.0	0.0	0.004781684236930454	0.0	0.0	0.0	0.0	0.0	0.0	0.0	0.0	0.0	0.0	0.0	0.0	0.0	0.0	0.0	0.0	0.0	0.0	0.0	0.0	0.0	0.0	0.0	0.0	0.0	0.0	0.0	0.0	0.0	0.0	0.0	0.0	0.0	0.0	0.0	0.0	0.0	0.0	0.0	0.0	0.0	0.0	0.0	0.0	0.0	0.0	0.0	0.0	0.0	0.029263993136288805	0.0	0.0	0.0	0.0	0.0	0.0	0.0	0.0	0.0	0.46698072733959284	0.0	0.0	0.0	0.0	0.0	0.0	0.0	0.0	0.0	0.0	0.0	0.0
ACH-001282	6	31930304	C[C>T]G	0.13511924314780774	0.0	0.0	0.0	0.07989527385711566	0.2839590782822645	0.0	0.0	0.0	0.0	0.0	0.0	0.0	0.004781684236930454	0.0	0.0	0.0	0.0	0.0	0.0	0.0	0.0	0.0	0.0	0.0	0.0	0.0	0.0	0.0	0.0	0.0	0.0	0.0	0.0	0.0	0.0	0.0	0.0	0.0	0.0	0.0	0.0	0.0	0.0	0.0	0.0	0.0	0.0	0.0	0.0	0.0	0.0	0.0	0.0	0.0	0.0	0.0	0.0	0.0	0.0	0.0	0.0	0.0	0.029263993136288805	0.0	0.0	0.0	0.0	0.0	0.0	0.0	0.0	0.0	0.46698072733959284	0.0	0.0	0.0	0.0	0.0	0.0	0.0	0.0	0.0	0.0	0.0	0.0
ACH-001282	6	43182871	A[C>T]A	0.05053362847888896	0.0	0.0	0.0	0.43639519657452797	0.43745490747323995	0.0	0.0	0.0	0.0	0.0	0.0	0.0	0.0020803222839906378	0.0	0.0	0.0	0.0	0.0	0.0	0.0	0.0	0.0	0.0	0.0	0.0	0.0	0.0	0.0	0.0	0.0	0.0	0.0	0.0	0.0	0.0	0.0	0.0	0.0	0.0	0.0	0.0	0.0	0.0	0.0	0.0	0.0	0.0	0.0	0.0	0.0	0.0	0.0	0.0	0.0	0.0	0.0	0.0	0.0	0.0	0.0	0.0	0.0	0.0044873319236210674	0.0	0.0	0.0	0.0	0.0	0.0	0.0	0.0	0.0	0.06904861326573145	0.0	0.0	0.0	0.0	0.0	0.0	0.0	0.0	0.0	0.0	0.0	0.0
ACH-001282	6	54173585	A[C>T]G	0.2911795563217271	0.0	0.0	0.0	0.03264963831466693	0.32320945473608254	0.0	0.0	0.0	0.0	0.0	0.0	0.0	0.0006191362088337352	0.0	0.0	0.0	0.0	0.0	0.0	0.0	0.0	0.0	0.0	0.0	0.0	0.0	0.0	0.0	0.0	0.0	0.0	0.0	0.0	0.0	0.0	0.0	0.0	0.0	0.0	0.0	0.0	0.0	0.0	0.0	0.0	0.0	0.0	0.0	0.0	0.0	0.0	0.0	0.0	0.0	0.0	0.0	0.0	0.0	0.0	0.0	0.0	0.0	0.00041043881871500503	0.0	0.0	0.0	0.0	0.0	0.0	0.0	0.0	0.0	0.3519317755999745	0.0	0.0	0.0	0.0	0.0	0.0	0.0	0.0	0.0	0.0	0.0	0.0
ACH-001282	6	64394955	C[T>C]G	0.0008024182848075946	0.0	0.0	0.0	0.30703188964900224	0.040035445697414115	0.0	0.0	0.0	0.0	0.0	0.0	0.0	0.00010571653202086367	0.0	0.0	0.0	0.0	0.0	0.0	0.0	0.0	0.0	0.0	0.0	0.0	0.0	0.0	0.0	0.0	0.0	0.0	0.0	0.0	0.0	0.0	0.0	0.0	0.0	0.0	0.0	0.0	0.0	0.0	0.0	0.0	0.0	0.0	0.0	0.0	0.0	0.0	0.0	0.0	0.0	0.0	0.0	0.0	0.0	0.0	0.0	0.0	0.0	0.6452701613219737	0.0	0.0	0.0	0.0	0.0	0.0	0.0	0.0	0.0	0.006754368514781389	0.0	0.0	0.0	0.0	0.0	0.0	0.0	0.0	0.0	0.0	0.0	0.0
ACH-001282	6	76624575	G[C>A]C	0.003788979012636724	0.0	0.0	0.0	0.5662472321880438	0.034453111233856776	0.0	0.0	0.0	0.0	0.0	0.0	0.0	0.05342948194445226	0.0	0.0	0.0	0.0	0.0	0.0	0.0	0.0	0.0	0.0	0.0	0.0	0.0	0.0	0.0	0.0	0.0	0.0	0.0	0.0	0.0	0.0	0.0	0.0	0.0	0.0	0.0	0.0	0.0	0.0	0.0	0.0	0.0	0.0	0.0	0.0	0.0	0.0	0.0	0.0	0.0	0.0	0.0	0.0	0.0	0.0	0.0	0.0	0.0	0.15306628708485837	0.0	0.0	0.0	0.0	0.0	0.0	0.0	0.0	0.0	0.189014908536152	0.0	0.0	0.0	0.0	0.0	0.0	0.0	0.0	0.0	0.0	0.0	0.0
ACH-001282	6	139167771	C[C>T]G	0.13511924314780774	0.0	0.0	0.0	0.07989527385711566	0.2839590782822645	0.0	0.0	0.0	0.0	0.0	0.0	0.0	0.004781684236930454	0.0	0.0	0.0	0.0	0.0	0.0	0.0	0.0	0.0	0.0	0.0	0.0	0.0	0.0	0.0	0.0	0.0	0.0	0.0	0.0	0.0	0.0	0.0	0.0	0.0	0.0	0.0	0.0	0.0	0.0	0.0	0.0	0.0	0.0	0.0	0.0	0.0	0.0	0.0	0.0	0.0	0.0	0.0	0.0	0.0	0.0	0.0	0.0	0.0	0.029263993136288805	0.0	0.0	0.0	0.0	0.0	0.0	0.0	0.0	0.0	0.46698072733959284	0.0	0.0	0.0	0.0	0.0	0.0	0.0	0.0	0.0	0.0	0.0	0.0
ACH-001282	6	169621605	A[C>T]G	0.2911795563217271	0.0	0.0	0.0	0.03264963831466693	0.32320945473608254	0.0	0.0	0.0	0.0	0.0	0.0	0.0	0.0006191362088337352	0.0	0.0	0.0	0.0	0.0	0.0	0.0	0.0	0.0	0.0	0.0	0.0	0.0	0.0	0.0	0.0	0.0	0.0	0.0	0.0	0.0	0.0	0.0	0.0	0.0	0.0	0.0	0.0	0.0	0.0	0.0	0.0	0.0	0.0	0.0	0.0	0.0	0.0	0.0	0.0	0.0	0.0	0.0	0.0	0.0	0.0	0.0	0.0	0.0	0.00041043881871500503	0.0	0.0	0.0	0.0	0.0	0.0	0.0	0.0	0.0	0.3519317755999745	0.0	0.0	0.0	0.0	0.0	0.0	0.0	0.0	0.0	0.0	0.0	0.0
ACH-001282	7	30951656	C[C>T]G	0.13511924314780774	0.0	0.0	0.0	0.07989527385711566	0.2839590782822645	0.0	0.0	0.0	0.0	0.0	0.0	0.0	0.004781684236930454	0.0	0.0	0.0	0.0	0.0	0.0	0.0	0.0	0.0	0.0	0.0	0.0	0.0	0.0	0.0	0.0	0.0	0.0	0.0	0.0	0.0	0.0	0.0	0.0	0.0	0.0	0.0	0.0	0.0	0.0	0.0	0.0	0.0	0.0	0.0	0.0	0.0	0.0	0.0	0.0	0.0	0.0	0.0	0.0	0.0	0.0	0.0	0.0	0.0	0.029263993136288805	0.0	0.0	0.0	0.0	0.0	0.0	0.0	0.0	0.0	0.46698072733959284	0.0	0.0	0.0	0.0	0.0	0.0	0.0	0.0	0.0	0.0	0.0	0.0
ACH-001282	7	48315720	C[T>A]C	0.00705318514215785	0.0	0.0	0.0	0.6168531092190798	0.033387102498133765	0.0	0.0	0.0	0.0	0.0	0.0	0.0	0.003566304531716313	0.0	0.0	0.0	0.0	0.0	0.0	0.0	0.0	0.0	0.0	0.0	0.0	0.0	0.0	0.0	0.0	0.0	0.0	0.0	0.0	0.0	0.0	0.0	0.0	0.0	0.0	0.0	0.0	0.0	0.0	0.0	0.0	0.0	0.0	0.0	0.0	0.0	0.0	0.0	0.0	0.0	0.0	0.0	0.0	0.0	0.0	0.0	0.0	0.0	0.019705592996648487	0.0	0.0	0.0	0.0	0.0	0.0	0.0	0.0	0.0	0.3194347056122638	0.0	0.0	0.0	0.0	0.0	0.0	0.0	0.0	0.0	0.0	0.0	0.0
ACH-001282	7	64439653	G[T>C]G	0.0038083090090662284	0.0	0.0	0.0	0.323339989868851	0.02692446950318362	0.0	0.0	0.0	0.0	0.0	0.0	0.0	0.008420608891710207	0.0	0.0	0.0	0.0	0.0	0.0	0.0	0.0	0.0	0.0	0.0	0.0	0.0	0.0	0.0	0.0	0.0	0.0	0.0	0.0	0.0	0.0	0.0	0.0	0.0	0.0	0.0	0.0	0.0	0.0	0.0	0.0	0.0	0.0	0.0	0.0	0.0	0.0	0.0	0.0	0.0	0.0	0.0	0.0	0.0	0.0	0.0	0.0	0.0	0.590768930514534	0.0	0.0	0.0	0.0	0.0	0.0	0.0	0.0	0.0	0.046737692212654836	0.0	0.0	0.0	0.0	0.0	0.0	0.0	0.0	0.0	0.0	0.0	0.0
ACH-001282	7	73657477	T[C>T]G	0.07714253859373026	0.0	0.0	0.0	0.07384486080785536	0.12312305291596602	0.0	0.0	0.0	0.0	0.0	0.0	0.0	0.5745141537591107	0.0	0.0	0.0	0.0	0.0	0.0	0.0	0.0	0.0	0.0	0.0	0.0	0.0	0.0	0.0	0.0	0.0	0.0	0.0	0.0	0.0	0.0	0.0	0.0	0.0	0.0	0.0	0.0	0.0	0.0	0.0	0.0	0.0	0.0	0.0	0.0	0.0	0.0	0.0	0.0	0.0	0.0	0.0	0.0	0.0	0.0	0.0	0.0	0.0	1.2515907073687994e-13	0.0	0.0	0.0	0.0	0.0	0.0	0.0	0.0	0.0	0.15137539392321248	0.0	0.0	0.0	0.0	0.0	0.0	0.0	0.0	0.0	0.0	0.0	0.0
ACH-001282	7	150034227	A[C>T]T	0.0332260959838426	0.0	0.0	0.0	0.5053105564199363	0.24941822279135692	0.0	0.0	0.0	0.0	0.0	0.0	0.0	0.05155906533917806	0.0	0.0	0.0	0.0	0.0	0.0	0.0	0.0	0.0	0.0	0.0	0.0	0.0	0.0	0.0	0.0	0.0	0.0	0.0	0.0	0.0	0.0	0.0	0.0	0.0	0.0	0.0	0.0	0.0	0.0	0.0	0.0	0.0	0.0	0.0	0.0	0.0	0.0	0.0	0.0	0.0	0.0	0.0	0.0	0.0	0.0	0.0	0.0	0.0	0.025959740302086816	0.0	0.0	0.0	0.0	0.0	0.0	0.0	0.0	0.0	0.13452631916359925	0.0	0.0	0.0	0.0	0.0	0.0	0.0	0.0	0.0	0.0	0.0	0.0
ACH-001282	7	151843690	C[C>T]G	0.13511924314780774	0.0	0.0	0.0	0.07989527385711566	0.2839590782822645	0.0	0.0	0.0	0.0	0.0	0.0	0.0	0.004781684236930454	0.0	0.0	0.0	0.0	0.0	0.0	0.0	0.0	0.0	0.0	0.0	0.0	0.0	0.0	0.0	0.0	0.0	0.0	0.0	0.0	0.0	0.0	0.0	0.0	0.0	0.0	0.0	0.0	0.0	0.0	0.0	0.0	0.0	0.0	0.0	0.0	0.0	0.0	0.0	0.0	0.0	0.0	0.0	0.0	0.0	0.0	0.0	0.0	0.0	0.029263993136288805	0.0	0.0	0.0	0.0	0.0	0.0	0.0	0.0	0.0	0.46698072733959284	0.0	0.0	0.0	0.0	0.0	0.0	0.0	0.0	0.0	0.0	0.0	0.0
ACH-001282	7	151891651	A[T>C]A	0.002663492074170128	0.0	0.0	0.0	0.7476339751086015	0.018232758338965288	0.0	0.0	0.0	0.0	0.0	0.0	0.0	0.042830665033672326	0.0	0.0	0.0	0.0	0.0	0.0	0.0	0.0	0.0	0.0	0.0	0.0	0.0	0.0	0.0	0.0	0.0	0.0	0.0	0.0	0.0	0.0	0.0	0.0	0.0	0.0	0.0	0.0	0.0	0.0	0.0	0.0	0.0	0.0	0.0	0.0	0.0	0.0	0.0	0.0	0.0	0.0	0.0	0.0	0.0	0.0	0.0	0.0	0.0	0.10702716475860825	0.0	0.0	0.0	0.0	0.0	0.0	0.0	0.0	0.0	0.0816119446859824	0.0	0.0	0.0	0.0	0.0	0.0	0.0	0.0	0.0	0.0	0.0	0.0
ACH-001282	8	53569424	T[T>A]T	0.02692948760518146	0.0	0.0	0.0	0.6935465759031799	0.017214342153185205	0.0	0.0	0.0	0.0	0.0	0.0	0.0	0.03410416522856289	0.0	0.0	0.0	0.0	0.0	0.0	0.0	0.0	0.0	0.0	0.0	0.0	0.0	0.0	0.0	0.0	0.0	0.0	0.0	0.0	0.0	0.0	0.0	0.0	0.0	0.0	0.0	0.0	0.0	0.0	0.0	0.0	0.0	0.0	0.0	0.0	0.0	0.0	0.0	0.0	0.0	0.0	0.0	0.0	0.0	0.0	0.0	0.0	0.0	1.3372607434855008e-16	0.0	0.0	0.0	0.0	0.0	0.0	0.0	0.0	0.0	0.2282054291098903	0.0	0.0	0.0	0.0	0.0	0.0	0.0	0.0	0.0	0.0	0.0	0.0
ACH-001282	8	56015137	T[C>T]G	0.07714253859373026	0.0	0.0	0.0	0.07384486080785536	0.12312305291596602	0.0	0.0	0.0	0.0	0.0	0.0	0.0	0.5745141537591107	0.0	0.0	0.0	0.0	0.0	0.0	0.0	0.0	0.0	0.0	0.0	0.0	0.0	0.0	0.0	0.0	0.0	0.0	0.0	0.0	0.0	0.0	0.0	0.0	0.0	0.0	0.0	0.0	0.0	0.0	0.0	0.0	0.0	0.0	0.0	0.0	0.0	0.0	0.0	0.0	0.0	0.0	0.0	0.0	0.0	0.0	0.0	0.0	0.0	1.2515907073687994e-13	0.0	0.0	0.0	0.0	0.0	0.0	0.0	0.0	0.0	0.15137539392321248	0.0	0.0	0.0	0.0	0.0	0.0	0.0	0.0	0.0	0.0	0.0	0.0
ACH-001282	8	134034310	T[C>G]G	0.0006430607065499301	0.0	0.0	0.0	0.10495125309123421	6.098189157034189e-05	0.0	0.0	0.0	0.0	0.0	0.0	0.0	3.8569743386370085e-15	0.0	0.0	0.0	0.0	0.0	0.0	0.0	0.0	0.0	0.0	0.0	0.0	0.0	0.0	0.0	0.0	0.0	0.0	0.0	0.0	0.0	0.0	0.0	0.0	0.0	0.0	0.0	0.0	0.0	0.0	0.0	0.0	0.0	0.0	0.0	0.0	0.0	0.0	0.0	0.0	0.0	0.0	0.0	0.0	0.0	0.0	0.0	0.0	0.0	0.017098613546985955	0.0	0.0	0.0	0.0	0.0	0.0	0.0	0.0	0.0	0.8772460907636557	0.0	0.0	0.0	0.0	0.0	0.0	0.0	0.0	0.0	0.0	0.0	0.0
ACH-001282	8	139144936	G[C>T]C	0.00016126493066250417	0.0	0.0	0.0	0.24862497030031194	0.6513686689233787	0.0	0.0	0.0	0.0	0.0	0.0	0.0	0.04919988738086159	0.0	0.0	0.0	0.0	0.0	0.0	0.0	0.0	0.0	0.0	0.0	0.0	0.0	0.0	0.0	0.0	0.0	0.0	0.0	0.0	0.0	0.0	0.0	0.0	0.0	0.0	0.0	0.0	0.0	0.0	0.0	0.0	0.0	0.0	0.0	0.0	0.0	0.0	0.0	0.0	0.0	0.0	0.0	0.0	0.0	0.0	0.0	0.0	0.0	0.034152807790626266	0.0	0.0	0.0	0.0	0.0	0.0	0.0	0.0	0.0	0.016492400674159094	0.0	0.0	0.0	0.0	0.0	0.0	0.0	0.0	0.0	0.0	0.0	0.0
ACH-001282	8	144940802	A[C>T]G	0.2911795563217271	0.0	0.0	0.0	0.03264963831466693	0.32320945473608254	0.0	0.0	0.0	0.0	0.0	0.0	0.0	0.0006191362088337352	0.0	0.0	0.0	0.0	0.0	0.0	0.0	0.0	0.0	0.0	0.0	0.0	0.0	0.0	0.0	0.0	0.0	0.0	0.0	0.0	0.0	0.0	0.0	0.0	0.0	0.0	0.0	0.0	0.0	0.0	0.0	0.0	0.0	0.0	0.0	0.0	0.0	0.0	0.0	0.0	0.0	0.0	0.0	0.0	0.0	0.0	0.0	0.0	0.0	0.00041043881871500503	0.0	0.0	0.0	0.0	0.0	0.0	0.0	0.0	0.0	0.3519317755999745	0.0	0.0	0.0	0.0	0.0	0.0	0.0	0.0	0.0	0.0	0.0	0.0
ACH-001282	8	144941494	C[C>T]G	0.13511924314780774	0.0	0.0	0.0	0.07989527385711566	0.2839590782822645	0.0	0.0	0.0	0.0	0.0	0.0	0.0	0.004781684236930454	0.0	0.0	0.0	0.0	0.0	0.0	0.0	0.0	0.0	0.0	0.0	0.0	0.0	0.0	0.0	0.0	0.0	0.0	0.0	0.0	0.0	0.0	0.0	0.0	0.0	0.0	0.0	0.0	0.0	0.0	0.0	0.0	0.0	0.0	0.0	0.0	0.0	0.0	0.0	0.0	0.0	0.0	0.0	0.0	0.0	0.0	0.0	0.0	0.0	0.029263993136288805	0.0	0.0	0.0	0.0	0.0	0.0	0.0	0.0	0.0	0.46698072733959284	0.0	0.0	0.0	0.0	0.0	0.0	0.0	0.0	0.0	0.0	0.0	0.0
ACH-001282	9	21026598	G[C>A]A	0.014980649502630727	0.0	0.0	0.0	0.6404655672806359	0.01366898238440239	0.0	0.0	0.0	0.0	0.0	0.0	0.0	0.01299299607497726	0.0	0.0	0.0	0.0	0.0	0.0	0.0	0.0	0.0	0.0	0.0	0.0	0.0	0.0	0.0	0.0	0.0	0.0	0.0	0.0	0.0	0.0	0.0	0.0	0.0	0.0	0.0	0.0	0.0	0.0	0.0	0.0	0.0	0.0	0.0	0.0	0.0	0.0	0.0	0.0	0.0	0.0	0.0	0.0	0.0	0.0	0.0	0.0	0.0	0.07381201998687849	0.0	0.0	0.0	0.0	0.0	0.0	0.0	0.0	0.0	0.2440797847704752	0.0	0.0	0.0	0.0	0.0	0.0	0.0	0.0	0.0	0.0	0.0	0.0
ACH-001282	9	86903009	T[C>A]T	2.2152428008960343e-05	0.0	0.0	0.0	0.3169179061873156	0.009503349232372033	0.0	0.0	0.0	0.0	0.0	0.0	0.0	0.5764071445490911	0.0	0.0	0.0	0.0	0.0	0.0	0.0	0.0	0.0	0.0	0.0	0.0	0.0	0.0	0.0	0.0	0.0	0.0	0.0	0.0	0.0	0.0	0.0	0.0	0.0	0.0	0.0	0.0	0.0	0.0	0.0	0.0	0.0	0.0	0.0	0.0	0.0	0.0	0.0	0.0	0.0	0.0	0.0	0.0	0.0	0.0	0.0	0.0	0.0	0.04069486922415846	0.0	0.0	0.0	0.0	0.0	0.0	0.0	0.0	0.0	0.05645457837905396	0.0	0.0	0.0	0.0	0.0	0.0	0.0	0.0	0.0	0.0	0.0	0.0
ACH-001282	9	95277296	A[C>A]A	0.007515365364432122	0.0	0.0	0.0	0.6740927986384572	0.012171389595800497	0.0	0.0	0.0	0.0	0.0	0.0	0.0	0.002894042654611188	0.0	0.0	0.0	0.0	0.0	0.0	0.0	0.0	0.0	0.0	0.0	0.0	0.0	0.0	0.0	0.0	0.0	0.0	0.0	0.0	0.0	0.0	0.0	0.0	0.0	0.0	0.0	0.0	0.0	0.0	0.0	0.0	0.0	0.0	0.0	0.0	0.0	0.0	0.0	0.0	0.0	0.0	0.0	0.0	0.0	0.0	0.0	0.0	0.0	0.027482511035810557	0.0	0.0	0.0	0.0	0.0	0.0	0.0	0.0	0.0	0.2758438927108886	0.0	0.0	0.0	0.0	0.0	0.0	0.0	0.0	0.0	0.0	0.0	0.0
ACH-001282	9	111979398	G[C>G]A	0.00021854856168696384	0.0	0.0	0.0	0.7064382623016989	0.001492123782737639	0.0	0.0	0.0	0.0	0.0	0.0	0.0	0.0007349521495729494	0.0	0.0	0.0	0.0	0.0	0.0	0.0	0.0	0.0	0.0	0.0	0.0	0.0	0.0	0.0	0.0	0.0	0.0	0.0	0.0	0.0	0.0	0.0	0.0	0.0	0.0	0.0	0.0	0.0	0.0	0.0	0.0	0.0	0.0	0.0	0.0	0.0	0.0	0.0	0.0	0.0	0.0	0.0	0.0	0.0	0.0	0.0	0.0	0.0	0.07487497652070017	0.0	0.0	0.0	0.0	0.0	0.0	0.0	0.0	0.0	0.2162411366836034	0.0	0.0	0.0	0.0	0.0	0.0	0.0	0.0	0.0	0.0	0.0	0.0
ACH-001282	9	123632166	A[C>T]A	0.05053362847888896	0.0	0.0	0.0	0.43639519657452797	0.43745490747323995	0.0	0.0	0.0	0.0	0.0	0.0	0.0	0.0020803222839906378	0.0	0.0	0.0	0.0	0.0	0.0	0.0	0.0	0.0	0.0	0.0	0.0	0.0	0.0	0.0	0.0	0.0	0.0	0.0	0.0	0.0	0.0	0.0	0.0	0.0	0.0	0.0	0.0	0.0	0.0	0.0	0.0	0.0	0.0	0.0	0.0	0.0	0.0	0.0	0.0	0.0	0.0	0.0	0.0	0.0	0.0	0.0	0.0	0.0	0.0044873319236210674	0.0	0.0	0.0	0.0	0.0	0.0	0.0	0.0	0.0	0.06904861326573145	0.0	0.0	0.0	0.0	0.0	0.0	0.0	0.0	0.0	0.0	0.0	0.0
ACH-001282	9	130826012	G[C>G]G	0.005135565851253749	0.0	0.0	0.0	0.30937150679160147	2.3175606153454342e-14	0.0	0.0	0.0	0.0	0.0	0.0	0.0	1.287533675191908e-14	0.0	0.0	0.0	0.0	0.0	0.0	0.0	0.0	0.0	0.0	0.0	0.0	0.0	0.0	0.0	0.0	0.0	0.0	0.0	0.0	0.0	0.0	0.0	0.0	0.0	0.0	0.0	0.0	0.0	0.0	0.0	0.0	0.0	0.0	0.0	0.0	0.0	0.0	0.0	0.0	0.0	0.0	0.0	0.0	0.0	0.0	0.0	0.0	0.0	0.0737844023391607	0.0	0.0	0.0	0.0	0.0	0.0	0.0	0.0	0.0	0.6117085250179481	0.0	0.0	0.0	0.0	0.0	0.0	0.0	0.0	0.0	0.0	0.0	0.0
ACH-001282	9	139289316	A[C>T]G	0.2911795563217271	0.0	0.0	0.0	0.03264963831466693	0.32320945473608254	0.0	0.0	0.0	0.0	0.0	0.0	0.0	0.0006191362088337352	0.0	0.0	0.0	0.0	0.0	0.0	0.0	0.0	0.0	0.0	0.0	0.0	0.0	0.0	0.0	0.0	0.0	0.0	0.0	0.0	0.0	0.0	0.0	0.0	0.0	0.0	0.0	0.0	0.0	0.0	0.0	0.0	0.0	0.0	0.0	0.0	0.0	0.0	0.0	0.0	0.0	0.0	0.0	0.0	0.0	0.0	0.0	0.0	0.0	0.00041043881871500503	0.0	0.0	0.0	0.0	0.0	0.0	0.0	0.0	0.0	0.3519317755999745	0.0	0.0	0.0	0.0	0.0	0.0	0.0	0.0	0.0	0.0	0.0	0.0
ACH-001282	9	139911750	G[C>T]G	0.21438060893993485	0.0	0.0	0.0	0.0801043315742929	0.5909949963289324	0.0	0.0	0.0	0.0	0.0	0.0	0.0	0.02322831062930795	0.0	0.0	0.0	0.0	0.0	0.0	0.0	0.0	0.0	0.0	0.0	0.0	0.0	0.0	0.0	0.0	0.0	0.0	0.0	0.0	0.0	0.0	0.0	0.0	0.0	0.0	0.0	0.0	0.0	0.0	0.0	0.0	0.0	0.0	0.0	0.0	0.0	0.0	0.0	0.0	0.0	0.0	0.0	0.0	0.0	0.0	0.0	0.0	0.0	0.028173993806027916	0.0	0.0	0.0	0.0	0.0	0.0	0.0	0.0	0.0	0.06311775872150399	0.0	0.0	0.0	0.0	0.0	0.0	0.0	0.0	0.0	0.0	0.0	0.0
ACH-001282	9	140138700	C[T>C]G	0.0008024182848075946	0.0	0.0	0.0	0.30703188964900224	0.040035445697414115	0.0	0.0	0.0	0.0	0.0	0.0	0.0	0.00010571653202086367	0.0	0.0	0.0	0.0	0.0	0.0	0.0	0.0	0.0	0.0	0.0	0.0	0.0	0.0	0.0	0.0	0.0	0.0	0.0	0.0	0.0	0.0	0.0	0.0	0.0	0.0	0.0	0.0	0.0	0.0	0.0	0.0	0.0	0.0	0.0	0.0	0.0	0.0	0.0	0.0	0.0	0.0	0.0	0.0	0.0	0.0	0.0	0.0	0.0	0.6452701613219737	0.0	0.0	0.0	0.0	0.0	0.0	0.0	0.0	0.0	0.006754368514781389	0.0	0.0	0.0	0.0	0.0	0.0	0.0	0.0	0.0	0.0	0.0	0.0
ACH-001282	10	50966565	C[C>T]G	0.13511924314780774	0.0	0.0	0.0	0.07989527385711566	0.2839590782822645	0.0	0.0	0.0	0.0	0.0	0.0	0.0	0.004781684236930454	0.0	0.0	0.0	0.0	0.0	0.0	0.0	0.0	0.0	0.0	0.0	0.0	0.0	0.0	0.0	0.0	0.0	0.0	0.0	0.0	0.0	0.0	0.0	0.0	0.0	0.0	0.0	0.0	0.0	0.0	0.0	0.0	0.0	0.0	0.0	0.0	0.0	0.0	0.0	0.0	0.0	0.0	0.0	0.0	0.0	0.0	0.0	0.0	0.0	0.029263993136288805	0.0	0.0	0.0	0.0	0.0	0.0	0.0	0.0	0.0	0.46698072733959284	0.0	0.0	0.0	0.0	0.0	0.0	0.0	0.0	0.0	0.0	0.0	0.0
ACH-001282	10	99344566	G[C>T]A	0.009720492242192142	0.0	0.0	0.0	0.281273544987821	0.6918562879930871	0.0	0.0	0.0	0.0	0.0	0.0	0.0	0.00148980708219356	0.0	0.0	0.0	0.0	0.0	0.0	0.0	0.0	0.0	0.0	0.0	0.0	0.0	0.0	0.0	0.0	0.0	0.0	0.0	0.0	0.0	0.0	0.0	0.0	0.0	0.0	0.0	0.0	0.0	0.0	0.0	0.0	0.0	0.0	0.0	0.0	0.0	0.0	0.0	0.0	0.0	0.0	0.0	0.0	0.0	0.0	0.0	0.0	0.0	0.0007290288739161948	0.0	0.0	0.0	0.0	0.0	0.0	0.0	0.0	0.0	0.01493083882079022	0.0	0.0	0.0	0.0	0.0	0.0	0.0	0.0	0.0	0.0	0.0	0.0
ACH-001282	10	134219130	C[C>T]A	0.00942884421638691	0.0	0.0	0.0	0.6056924380605633	0.21647224830463452	0.0	0.0	0.0	0.0	0.0	0.0	0.0	0.0013345162036732144	0.0	0.0	0.0	0.0	0.0	0.0	0.0	0.0	0.0	0.0	0.0	0.0	0.0	0.0	0.0	0.0	0.0	0.0	0.0	0.0	0.0	0.0	0.0	0.0	0.0	0.0	0.0	0.0	0.0	0.0	0.0	0.0	0.0	0.0	0.0	0.0	0.0	0.0	0.0	0.0	0.0	0.0	0.0	0.0	0.0	0.0	0.0	0.0	0.0	0.02383111970447493	0.0	0.0	0.0	0.0	0.0	0.0	0.0	0.0	0.0	0.1432408335102671	0.0	0.0	0.0	0.0	0.0	0.0	0.0	0.0	0.0	0.0	0.0	0.0
ACH-001282	11	1619148	G[T>C]G	0.0038083090090662284	0.0	0.0	0.0	0.323339989868851	0.02692446950318362	0.0	0.0	0.0	0.0	0.0	0.0	0.0	0.008420608891710207	0.0	0.0	0.0	0.0	0.0	0.0	0.0	0.0	0.0	0.0	0.0	0.0	0.0	0.0	0.0	0.0	0.0	0.0	0.0	0.0	0.0	0.0	0.0	0.0	0.0	0.0	0.0	0.0	0.0	0.0	0.0	0.0	0.0	0.0	0.0	0.0	0.0	0.0	0.0	0.0	0.0	0.0	0.0	0.0	0.0	0.0	0.0	0.0	0.0	0.590768930514534	0.0	0.0	0.0	0.0	0.0	0.0	0.0	0.0	0.0	0.046737692212654836	0.0	0.0	0.0	0.0	0.0	0.0	0.0	0.0	0.0	0.0	0.0	0.0
ACH-001282	11	5475605	A[C>T]A	0.05053362847888896	0.0	0.0	0.0	0.43639519657452797	0.43745490747323995	0.0	0.0	0.0	0.0	0.0	0.0	0.0	0.0020803222839906378	0.0	0.0	0.0	0.0	0.0	0.0	0.0	0.0	0.0	0.0	0.0	0.0	0.0	0.0	0.0	0.0	0.0	0.0	0.0	0.0	0.0	0.0	0.0	0.0	0.0	0.0	0.0	0.0	0.0	0.0	0.0	0.0	0.0	0.0	0.0	0.0	0.0	0.0	0.0	0.0	0.0	0.0	0.0	0.0	0.0	0.0	0.0	0.0	0.0	0.0044873319236210674	0.0	0.0	0.0	0.0	0.0	0.0	0.0	0.0	0.0	0.06904861326573145	0.0	0.0	0.0	0.0	0.0	0.0	0.0	0.0	0.0	0.0	0.0	0.0
ACH-001282	11	6432549	T[C>T]G	0.07714253859373026	0.0	0.0	0.0	0.07384486080785536	0.12312305291596602	0.0	0.0	0.0	0.0	0.0	0.0	0.0	0.5745141537591107	0.0	0.0	0.0	0.0	0.0	0.0	0.0	0.0	0.0	0.0	0.0	0.0	0.0	0.0	0.0	0.0	0.0	0.0	0.0	0.0	0.0	0.0	0.0	0.0	0.0	0.0	0.0	0.0	0.0	0.0	0.0	0.0	0.0	0.0	0.0	0.0	0.0	0.0	0.0	0.0	0.0	0.0	0.0	0.0	0.0	0.0	0.0	0.0	0.0	1.2515907073687994e-13	0.0	0.0	0.0	0.0	0.0	0.0	0.0	0.0	0.0	0.15137539392321248	0.0	0.0	0.0	0.0	0.0	0.0	0.0	0.0	0.0	0.0	0.0	0.0
ACH-001282	11	20071436	T[C>T]C	0.0001234478013620789	0.0	0.0	0.0	0.504198323824181	0.1173480237540791	0.0	0.0	0.0	0.0	0.0	0.0	0.0	0.3009618509495259	0.0	0.0	0.0	0.0	0.0	0.0	0.0	0.0	0.0	0.0	0.0	0.0	0.0	0.0	0.0	0.0	0.0	0.0	0.0	0.0	0.0	0.0	0.0	0.0	0.0	0.0	0.0	0.0	0.0	0.0	0.0	0.0	0.0	0.0	0.0	0.0	0.0	0.0	0.0	0.0	0.0	0.0	0.0	0.0	0.0	0.0	0.0	0.0	0.0	0.00328200211168965	0.0	0.0	0.0	0.0	0.0	0.0	0.0	0.0	0.0	0.07408635155916216	0.0	0.0	0.0	0.0	0.0	0.0	0.0	0.0	0.0	0.0	0.0	0.0
ACH-001282	11	56114237	A[C>T]A	0.05053362847888896	0.0	0.0	0.0	0.43639519657452797	0.43745490747323995	0.0	0.0	0.0	0.0	0.0	0.0	0.0	0.0020803222839906378	0.0	0.0	0.0	0.0	0.0	0.0	0.0	0.0	0.0	0.0	0.0	0.0	0.0	0.0	0.0	0.0	0.0	0.0	0.0	0.0	0.0	0.0	0.0	0.0	0.0	0.0	0.0	0.0	0.0	0.0	0.0	0.0	0.0	0.0	0.0	0.0	0.0	0.0	0.0	0.0	0.0	0.0	0.0	0.0	0.0	0.0	0.0	0.0	0.0	0.0044873319236210674	0.0	0.0	0.0	0.0	0.0	0.0	0.0	0.0	0.0	0.06904861326573145	0.0	0.0	0.0	0.0	0.0	0.0	0.0	0.0	0.0	0.0	0.0	0.0
ACH-001282	11	57114089	G[T>G]G	0.006777601167471408	0.0	0.0	0.0	0.68358776680201	0.01801695629000068	0.0	0.0	0.0	0.0	0.0	0.0	0.0	0.06316270892810143	0.0	0.0	0.0	0.0	0.0	0.0	0.0	0.0	0.0	0.0	0.0	0.0	0.0	0.0	0.0	0.0	0.0	0.0	0.0	0.0	0.0	0.0	0.0	0.0	0.0	0.0	0.0	0.0	0.0	0.0	0.0	0.0	0.0	0.0	0.0	0.0	0.0	0.0	0.0	0.0	0.0	0.0	0.0	0.0	0.0	0.0	0.0	0.0	0.0	2.176040275769632e-16	0.0	0.0	0.0	0.0	0.0	0.0	0.0	0.0	0.0	0.22845496681241623	0.0	0.0	0.0	0.0	0.0	0.0	0.0	0.0	0.0	0.0	0.0	0.0
ACH-001282	11	66999226	T[C>T]A	0.006125450949664127	0.0	0.0	0.0	0.7418790231437739	0.22357909070206072	0.0	0.0	0.0	0.0	0.0	0.0	0.0	0.028242028766257775	0.0	0.0	0.0	0.0	0.0	0.0	0.0	0.0	0.0	0.0	0.0	0.0	0.0	0.0	0.0	0.0	0.0	0.0	0.0	0.0	0.0	0.0	0.0	0.0	0.0	0.0	0.0	0.0	0.0	0.0	0.0	0.0	0.0	0.0	0.0	0.0	0.0	0.0	0.0	0.0	0.0	0.0	0.0	0.0	0.0	0.0	0.0	0.0	0.0	6.165744850913541e-17	0.0	0.0	0.0	0.0	0.0	0.0	0.0	0.0	0.0	0.00017440643824373785	0.0	0.0	0.0	0.0	0.0	0.0	0.0	0.0	0.0	0.0	0.0	0.0
ACH-001282	12	2967880	G[C>T]T	8.729189451445945e-05	0.0	0.0	0.0	0.28006231695606143	0.5711202463006954	0.0	0.0	0.0	0.0	0.0	0.0	0.0	0.13596544997726603	0.0	0.0	0.0	0.0	0.0	0.0	0.0	0.0	0.0	0.0	0.0	0.0	0.0	0.0	0.0	0.0	0.0	0.0	0.0	0.0	0.0	0.0	0.0	0.0	0.0	0.0	0.0	0.0	0.0	0.0	0.0	0.0	0.0	0.0	0.0	0.0	0.0	0.0	0.0	0.0	0.0	0.0	0.0	0.0	0.0	0.0	0.0	0.0	0.0	0.0008457800315336343	0.0	0.0	0.0	0.0	0.0	0.0	0.0	0.0	0.0	0.011918914839928981	0.0	0.0	0.0	0.0	0.0	0.0	0.0	0.0	0.0	0.0	0.0	0.0
ACH-001282	12	48060764	T[C>G]T	0.011899290952664726	0.0	0.0	0.0	0.6314346427019972	0.003296404996701694	0.0	0.0	0.0	0.0	0.0	0.0	0.0	0.0006205980100155883	0.0	0.0	0.0	0.0	0.0	0.0	0.0	0.0	0.0	0.0	0.0	0.0	0.0	0.0	0.0	0.0	0.0	0.0	0.0	0.0	0.0	0.0	0.0	0.0	0.0	0.0	0.0	0.0	0.0	0.0	0.0	0.0	0.0	0.0	0.0	0.0	0.0	0.0	0.0	0.0	0.0	0.0	0.0	0.0	0.0	0.0	0.0	0.0	0.0	0.0035582973569282723	0.0	0.0	0.0	0.0	0.0	0.0	0.0	0.0	0.0	0.3491907659816927	0.0	0.0	0.0	0.0	0.0	0.0	0.0	0.0	0.0	0.0	0.0	0.0
ACH-001282	12	49890634	A[C>T]C	0.02800165725742059	0.0	0.0	0.0	0.5252203740093874	0.34256020172991875	0.0	0.0	0.0	0.0	0.0	0.0	0.0	0.04360577715397989	0.0	0.0	0.0	0.0	0.0	0.0	0.0	0.0	0.0	0.0	0.0	0.0	0.0	0.0	0.0	0.0	0.0	0.0	0.0	0.0	0.0	0.0	0.0	0.0	0.0	0.0	0.0	0.0	0.0	0.0	0.0	0.0	0.0	0.0	0.0	0.0	0.0	0.0	0.0	0.0	0.0	0.0	0.0	0.0	0.0	0.0	0.0	0.0	0.0	0.00351567454905105	0.0	0.0	0.0	0.0	0.0	0.0	0.0	0.0	0.0	0.057096315300242256	0.0	0.0	0.0	0.0	0.0	0.0	0.0	0.0	0.0	0.0	0.0	0.0
ACH-001282	12	108985993	C[C>T]A	0.00942884421638691	0.0	0.0	0.0	0.6056924380605633	0.21647224830463452	0.0	0.0	0.0	0.0	0.0	0.0	0.0	0.0013345162036732144	0.0	0.0	0.0	0.0	0.0	0.0	0.0	0.0	0.0	0.0	0.0	0.0	0.0	0.0	0.0	0.0	0.0	0.0	0.0	0.0	0.0	0.0	0.0	0.0	0.0	0.0	0.0	0.0	0.0	0.0	0.0	0.0	0.0	0.0	0.0	0.0	0.0	0.0	0.0	0.0	0.0	0.0	0.0	0.0	0.0	0.0	0.0	0.0	0.0	0.02383111970447493	0.0	0.0	0.0	0.0	0.0	0.0	0.0	0.0	0.0	0.1432408335102671	0.0	0.0	0.0	0.0	0.0	0.0	0.0	0.0	0.0	0.0	0.0	0.0
ACH-001282	12	120499571	T[C>T]G	0.07714253859373026	0.0	0.0	0.0	0.07384486080785536	0.12312305291596602	0.0	0.0	0.0	0.0	0.0	0.0	0.0	0.5745141537591107	0.0	0.0	0.0	0.0	0.0	0.0	0.0	0.0	0.0	0.0	0.0	0.0	0.0	0.0	0.0	0.0	0.0	0.0	0.0	0.0	0.0	0.0	0.0	0.0	0.0	0.0	0.0	0.0	0.0	0.0	0.0	0.0	0.0	0.0	0.0	0.0	0.0	0.0	0.0	0.0	0.0	0.0	0.0	0.0	0.0	0.0	0.0	0.0	0.0	1.2515907073687994e-13	0.0	0.0	0.0	0.0	0.0	0.0	0.0	0.0	0.0	0.15137539392321248	0.0	0.0	0.0	0.0	0.0	0.0	0.0	0.0	0.0	0.0	0.0	0.0
ACH-001282	12	123444586	A[T>C]T	0.01956970687643856	0.0	0.0	0.0	0.8647549815466995	0.00577843989562843	0.0	0.0	0.0	0.0	0.0	0.0	0.0	0.0009586983972530244	0.0	0.0	0.0	0.0	0.0	0.0	0.0	0.0	0.0	0.0	0.0	0.0	0.0	0.0	0.0	0.0	0.0	0.0	0.0	0.0	0.0	0.0	0.0	0.0	0.0	0.0	0.0	0.0	0.0	0.0	0.0	0.0	0.0	0.0	0.0	0.0	0.0	0.0	0.0	0.0	0.0	0.0	0.0	0.0	0.0	0.0	0.0	0.0	0.0	0.04004240549134799	0.0	0.0	0.0	0.0	0.0	0.0	0.0	0.0	0.0	0.06889576779263248	0.0	0.0	0.0	0.0	0.0	0.0	0.0	0.0	0.0	0.0	0.0	0.0
ACH-001282	13	32786433	C[C>A]A	0.003555604479544919	0.0	0.0	0.0	0.5607510918357315	0.07002700383071218	0.0	0.0	0.0	0.0	0.0	0.0	0.0	0.011130520128332018	0.0	0.0	0.0	0.0	0.0	0.0	0.0	0.0	0.0	0.0	0.0	0.0	0.0	0.0	0.0	0.0	0.0	0.0	0.0	0.0	0.0	0.0	0.0	0.0	0.0	0.0	0.0	0.0	0.0	0.0	0.0	0.0	0.0	0.0	0.0	0.0	0.0	0.0	0.0	0.0	0.0	0.0	0.0	0.0	0.0	0.0	0.0	0.0	0.0	0.0010801663317711887	0.0	0.0	0.0	0.0	0.0	0.0	0.0	0.0	0.0	0.35345561339390813	0.0	0.0	0.0	0.0	0.0	0.0	0.0	0.0	0.0	0.0	0.0	0.0
ACH-001282	13	75861131	A[T>G]C	0.00899029909483216	0.0	0.0	0.0	0.747822516400944	0.02991358674946888	0.0	0.0	0.0	0.0	0.0	0.0	0.0	0.004339649510907658	0.0	0.0	0.0	0.0	0.0	0.0	0.0	0.0	0.0	0.0	0.0	0.0	0.0	0.0	0.0	0.0	0.0	0.0	0.0	0.0	0.0	0.0	0.0	0.0	0.0	0.0	0.0	0.0	0.0	0.0	0.0	0.0	0.0	0.0	0.0	0.0	0.0	0.0	0.0	0.0	0.0	0.0	0.0	0.0	0.0	0.0	0.0	0.0	0.0	0.102931080156187	0.0	0.0	0.0	0.0	0.0	0.0	0.0	0.0	0.0	0.10600286808766025	0.0	0.0	0.0	0.0	0.0	0.0	0.0	0.0	0.0	0.0	0.0	0.0
ACH-001282	14	24770044	C[C>G]C	0.001041944563773622	0.0	0.0	0.0	0.81506021584858	0.0017033351560127377	0.0	0.0	0.0	0.0	0.0	0.0	0.0	5.647258133733986e-15	0.0	0.0	0.0	0.0	0.0	0.0	0.0	0.0	0.0	0.0	0.0	0.0	0.0	0.0	0.0	0.0	0.0	0.0	0.0	0.0	0.0	0.0	0.0	0.0	0.0	0.0	0.0	0.0	0.0	0.0	0.0	0.0	0.0	0.0	0.0	0.0	0.0	0.0	0.0	0.0	0.0	0.0	0.0	0.0	0.0	0.0	0.0	0.0	0.0	0.017972444799187873	0.0	0.0	0.0	0.0	0.0	0.0	0.0	0.0	0.0	0.16422205963244008	0.0	0.0	0.0	0.0	0.0	0.0	0.0	0.0	0.0	0.0	0.0	0.0
ACH-001282	14	32142727	A[C>T]T	0.0332260959838426	0.0	0.0	0.0	0.5053105564199363	0.24941822279135692	0.0	0.0	0.0	0.0	0.0	0.0	0.0	0.05155906533917806	0.0	0.0	0.0	0.0	0.0	0.0	0.0	0.0	0.0	0.0	0.0	0.0	0.0	0.0	0.0	0.0	0.0	0.0	0.0	0.0	0.0	0.0	0.0	0.0	0.0	0.0	0.0	0.0	0.0	0.0	0.0	0.0	0.0	0.0	0.0	0.0	0.0	0.0	0.0	0.0	0.0	0.0	0.0	0.0	0.0	0.0	0.0	0.0	0.0	0.025959740302086816	0.0	0.0	0.0	0.0	0.0	0.0	0.0	0.0	0.0	0.13452631916359925	0.0	0.0	0.0	0.0	0.0	0.0	0.0	0.0	0.0	0.0	0.0	0.0
ACH-001282	14	63246594	G[C>G]C	0.0039954154015549555	0.0	0.0	0.0	0.8196039249051337	0.05634351952163603	0.0	0.0	0.0	0.0	0.0	0.0	0.0	0.006211194024158885	0.0	0.0	0.0	0.0	0.0	0.0	0.0	0.0	0.0	0.0	0.0	0.0	0.0	0.0	0.0	0.0	0.0	0.0	0.0	0.0	0.0	0.0	0.0	0.0	0.0	0.0	0.0	0.0	0.0	0.0	0.0	0.0	0.0	0.0	0.0	0.0	0.0	0.0	0.0	0.0	0.0	0.0	0.0	0.0	0.0	0.0	0.0	0.0	0.0	0.008039449334842127	0.0	0.0	0.0	0.0	0.0	0.0	0.0	0.0	0.0	0.10580649681267433	0.0	0.0	0.0	0.0	0.0	0.0	0.0	0.0	0.0	0.0	0.0	0.0
ACH-001282	14	71444137	C[T>C]T	0.00024065631451140995	0.0	0.0	0.0	0.5575360770719812	0.024227193186791507	0.0	0.0	0.0	0.0	0.0	0.0	0.0	0.008632581386766702	0.0	0.0	0.0	0.0	0.0	0.0	0.0	0.0	0.0	0.0	0.0	0.0	0.0	0.0	0.0	0.0	0.0	0.0	0.0	0.0	0.0	0.0	0.0	0.0	0.0	0.0	0.0	0.0	0.0	0.0	0.0	0.0	0.0	0.0	0.0	0.0	0.0	0.0	0.0	0.0	0.0	0.0	0.0	0.0	0.0	0.0	0.0	0.0	0.0	0.22798333604161136	0.0	0.0	0.0	0.0	0.0	0.0	0.0	0.0	0.0	0.18138015599833787	0.0	0.0	0.0	0.0	0.0	0.0	0.0	0.0	0.0	0.0	0.0	0.0
ACH-001282	14	75747591	G[C>G]A	0.00021854856168696384	0.0	0.0	0.0	0.7064382623016989	0.001492123782737639	0.0	0.0	0.0	0.0	0.0	0.0	0.0	0.0007349521495729494	0.0	0.0	0.0	0.0	0.0	0.0	0.0	0.0	0.0	0.0	0.0	0.0	0.0	0.0	0.0	0.0	0.0	0.0	0.0	0.0	0.0	0.0	0.0	0.0	0.0	0.0	0.0	0.0	0.0	0.0	0.0	0.0	0.0	0.0	0.0	0.0	0.0	0.0	0.0	0.0	0.0	0.0	0.0	0.0	0.0	0.0	0.0	0.0	0.0	0.07487497652070017	0.0	0.0	0.0	0.0	0.0	0.0	0.0	0.0	0.0	0.2162411366836034	0.0	0.0	0.0	0.0	0.0	0.0	0.0	0.0	0.0	0.0	0.0	0.0
ACH-001282	14	81969176	C[C>A]A	0.003555604479544919	0.0	0.0	0.0	0.5607510918357315	0.07002700383071218	0.0	0.0	0.0	0.0	0.0	0.0	0.0	0.011130520128332018	0.0	0.0	0.0	0.0	0.0	0.0	0.0	0.0	0.0	0.0	0.0	0.0	0.0	0.0	0.0	0.0	0.0	0.0	0.0	0.0	0.0	0.0	0.0	0.0	0.0	0.0	0.0	0.0	0.0	0.0	0.0	0.0	0.0	0.0	0.0	0.0	0.0	0.0	0.0	0.0	0.0	0.0	0.0	0.0	0.0	0.0	0.0	0.0	0.0	0.0010801663317711887	0.0	0.0	0.0	0.0	0.0	0.0	0.0	0.0	0.0	0.35345561339390813	0.0	0.0	0.0	0.0	0.0	0.0	0.0	0.0	0.0	0.0	0.0	0.0
ACH-001282	15	40568293	C[T>G]G	0.0015060413634443398	0.0	0.0	0.0	0.4776484684526586	0.036705646773854676	0.0	0.0	0.0	0.0	0.0	0.0	0.0	0.010565239314424381	0.0	0.0	0.0	0.0	0.0	0.0	0.0	0.0	0.0	0.0	0.0	0.0	0.0	0.0	0.0	0.0	0.0	0.0	0.0	0.0	0.0	0.0	0.0	0.0	0.0	0.0	0.0	0.0	0.0	0.0	0.0	0.0	0.0	0.0	0.0	0.0	0.0	0.0	0.0	0.0	0.0	0.0	0.0	0.0	0.0	0.0	0.0	0.0	0.0	0.3900356741070209	0.0	0.0	0.0	0.0	0.0	0.0	0.0	0.0	0.0	0.08353892998859722	0.0	0.0	0.0	0.0	0.0	0.0	0.0	0.0	0.0	0.0	0.0	0.0
ACH-001282	15	41687120	T[C>T]C	0.0001234478013620789	0.0	0.0	0.0	0.504198323824181	0.1173480237540791	0.0	0.0	0.0	0.0	0.0	0.0	0.0	0.3009618509495259	0.0	0.0	0.0	0.0	0.0	0.0	0.0	0.0	0.0	0.0	0.0	0.0	0.0	0.0	0.0	0.0	0.0	0.0	0.0	0.0	0.0	0.0	0.0	0.0	0.0	0.0	0.0	0.0	0.0	0.0	0.0	0.0	0.0	0.0	0.0	0.0	0.0	0.0	0.0	0.0	0.0	0.0	0.0	0.0	0.0	0.0	0.0	0.0	0.0	0.00328200211168965	0.0	0.0	0.0	0.0	0.0	0.0	0.0	0.0	0.0	0.07408635155916216	0.0	0.0	0.0	0.0	0.0	0.0	0.0	0.0	0.0	0.0	0.0	0.0
ACH-001282	15	42040873	C[T>C]C	0.023314216781992667	0.0	0.0	0.0	0.6422972345599577	0.03243044170776397	0.0	0.0	0.0	0.0	0.0	0.0	0.0	0.002167802187731604	0.0	0.0	0.0	0.0	0.0	0.0	0.0	0.0	0.0	0.0	0.0	0.0	0.0	0.0	0.0	0.0	0.0	0.0	0.0	0.0	0.0	0.0	0.0	0.0	0.0	0.0	0.0	0.0	0.0	0.0	0.0	0.0	0.0	0.0	0.0	0.0	0.0	0.0	0.0	0.0	0.0	0.0	0.0	0.0	0.0	0.0	0.0	0.0	0.0	0.2378021552257019	0.0	0.0	0.0	0.0	0.0	0.0	0.0	0.0	0.0	0.06198814953685201	0.0	0.0	0.0	0.0	0.0	0.0	0.0	0.0	0.0	0.0	0.0	0.0
ACH-001282	15	42175322	A[T>C]G	0.00018437383089381669	0.0	0.0	0.0	0.44002563328229116	0.024899658558904452	0.0	0.0	0.0	0.0	0.0	0.0	0.0	0.0017314328137138224	0.0	0.0	0.0	0.0	0.0	0.0	0.0	0.0	0.0	0.0	0.0	0.0	0.0	0.0	0.0	0.0	0.0	0.0	0.0	0.0	0.0	0.0	0.0	0.0	0.0	0.0	0.0	0.0	0.0	0.0	0.0	0.0	0.0	0.0	0.0	0.0	0.0	0.0	0.0	0.0	0.0	0.0	0.0	0.0	0.0	0.0	0.0	0.0	0.0	0.5270236498645321	0.0	0.0	0.0	0.0	0.0	0.0	0.0	0.0	0.0	0.00613525164966474	0.0	0.0	0.0	0.0	0.0	0.0	0.0	0.0	0.0	0.0	0.0	0.0
ACH-001282	15	42731403	A[C>T]T	0.0332260959838426	0.0	0.0	0.0	0.5053105564199363	0.24941822279135692	0.0	0.0	0.0	0.0	0.0	0.0	0.0	0.05155906533917806	0.0	0.0	0.0	0.0	0.0	0.0	0.0	0.0	0.0	0.0	0.0	0.0	0.0	0.0	0.0	0.0	0.0	0.0	0.0	0.0	0.0	0.0	0.0	0.0	0.0	0.0	0.0	0.0	0.0	0.0	0.0	0.0	0.0	0.0	0.0	0.0	0.0	0.0	0.0	0.0	0.0	0.0	0.0	0.0	0.0	0.0	0.0	0.0	0.0	0.025959740302086816	0.0	0.0	0.0	0.0	0.0	0.0	0.0	0.0	0.0	0.13452631916359925	0.0	0.0	0.0	0.0	0.0	0.0	0.0	0.0	0.0	0.0	0.0	0.0
ACH-001282	15	63000791	C[C>T]G	0.13511924314780774	0.0	0.0	0.0	0.07989527385711566	0.2839590782822645	0.0	0.0	0.0	0.0	0.0	0.0	0.0	0.004781684236930454	0.0	0.0	0.0	0.0	0.0	0.0	0.0	0.0	0.0	0.0	0.0	0.0	0.0	0.0	0.0	0.0	0.0	0.0	0.0	0.0	0.0	0.0	0.0	0.0	0.0	0.0	0.0	0.0	0.0	0.0	0.0	0.0	0.0	0.0	0.0	0.0	0.0	0.0	0.0	0.0	0.0	0.0	0.0	0.0	0.0	0.0	0.0	0.0	0.0	0.029263993136288805	0.0	0.0	0.0	0.0	0.0	0.0	0.0	0.0	0.0	0.46698072733959284	0.0	0.0	0.0	0.0	0.0	0.0	0.0	0.0	0.0	0.0	0.0	0.0
ACH-001282	15	86791058	C[C>T]T	0.0008459903963712663	0.0	0.0	0.0	0.660302329881384	0.20110498996674583	0.0	0.0	0.0	0.0	0.0	0.0	0.0	0.004814422659707442	0.0	0.0	0.0	0.0	0.0	0.0	0.0	0.0	0.0	0.0	0.0	0.0	0.0	0.0	0.0	0.0	0.0	0.0	0.0	0.0	0.0	0.0	0.0	0.0	0.0	0.0	0.0	0.0	0.0	0.0	0.0	0.0	0.0	0.0	0.0	0.0	0.0	0.0	0.0	0.0	0.0	0.0	0.0	0.0	0.0	0.0	0.0	0.0	0.0	0.024019770515271023	0.0	0.0	0.0	0.0	0.0	0.0	0.0	0.0	0.0	0.10891249658052043	0.0	0.0	0.0	0.0	0.0	0.0	0.0	0.0	0.0	0.0	0.0	0.0
ACH-001282	16	1798335	G[C>A]G	0.01049211914372408	0.0	0.0	0.0	0.2769893344453069	0.021544109033677383	0.0	0.0	0.0	0.0	0.0	0.0	0.0	0.00285488777662888	0.0	0.0	0.0	0.0	0.0	0.0	0.0	0.0	0.0	0.0	0.0	0.0	0.0	0.0	0.0	0.0	0.0	0.0	0.0	0.0	0.0	0.0	0.0	0.0	0.0	0.0	0.0	0.0	0.0	0.0	0.0	0.0	0.0	0.0	0.0	0.0	0.0	0.0	0.0	0.0	0.0	0.0	0.0	0.0	0.0	0.0	0.0	0.0	0.0	0.15121346033211508	0.0	0.0	0.0	0.0	0.0	0.0	0.0	0.0	0.0	0.5369060892685477	0.0	0.0	0.0	0.0	0.0	0.0	0.0	0.0	0.0	0.0	0.0	0.0
ACH-001282	16	46729582	T[C>T]G	0.07714253859373026	0.0	0.0	0.0	0.07384486080785536	0.12312305291596602	0.0	0.0	0.0	0.0	0.0	0.0	0.0	0.5745141537591107	0.0	0.0	0.0	0.0	0.0	0.0	0.0	0.0	0.0	0.0	0.0	0.0	0.0	0.0	0.0	0.0	0.0	0.0	0.0	0.0	0.0	0.0	0.0	0.0	0.0	0.0	0.0	0.0	0.0	0.0	0.0	0.0	0.0	0.0	0.0	0.0	0.0	0.0	0.0	0.0	0.0	0.0	0.0	0.0	0.0	0.0	0.0	0.0	0.0	1.2515907073687994e-13	0.0	0.0	0.0	0.0	0.0	0.0	0.0	0.0	0.0	0.15137539392321248	0.0	0.0	0.0	0.0	0.0	0.0	0.0	0.0	0.0	0.0	0.0	0.0
ACH-001282	17	4883795	G[T>C]G	0.0038083090090662284	0.0	0.0	0.0	0.323339989868851	0.02692446950318362	0.0	0.0	0.0	0.0	0.0	0.0	0.0	0.008420608891710207	0.0	0.0	0.0	0.0	0.0	0.0	0.0	0.0	0.0	0.0	0.0	0.0	0.0	0.0	0.0	0.0	0.0	0.0	0.0	0.0	0.0	0.0	0.0	0.0	0.0	0.0	0.0	0.0	0.0	0.0	0.0	0.0	0.0	0.0	0.0	0.0	0.0	0.0	0.0	0.0	0.0	0.0	0.0	0.0	0.0	0.0	0.0	0.0	0.0	0.590768930514534	0.0	0.0	0.0	0.0	0.0	0.0	0.0	0.0	0.0	0.046737692212654836	0.0	0.0	0.0	0.0	0.0	0.0	0.0	0.0	0.0	0.0	0.0	0.0
ACH-001282	17	17697398	A[C>T]C	0.02800165725742059	0.0	0.0	0.0	0.5252203740093874	0.34256020172991875	0.0	0.0	0.0	0.0	0.0	0.0	0.0	0.04360577715397989	0.0	0.0	0.0	0.0	0.0	0.0	0.0	0.0	0.0	0.0	0.0	0.0	0.0	0.0	0.0	0.0	0.0	0.0	0.0	0.0	0.0	0.0	0.0	0.0	0.0	0.0	0.0	0.0	0.0	0.0	0.0	0.0	0.0	0.0	0.0	0.0	0.0	0.0	0.0	0.0	0.0	0.0	0.0	0.0	0.0	0.0	0.0	0.0	0.0	0.00351567454905105	0.0	0.0	0.0	0.0	0.0	0.0	0.0	0.0	0.0	0.057096315300242256	0.0	0.0	0.0	0.0	0.0	0.0	0.0	0.0	0.0	0.0	0.0	0.0
ACH-001282	17	19584972	G[C>A]G	0.01049211914372408	0.0	0.0	0.0	0.2769893344453069	0.021544109033677383	0.0	0.0	0.0	0.0	0.0	0.0	0.0	0.00285488777662888	0.0	0.0	0.0	0.0	0.0	0.0	0.0	0.0	0.0	0.0	0.0	0.0	0.0	0.0	0.0	0.0	0.0	0.0	0.0	0.0	0.0	0.0	0.0	0.0	0.0	0.0	0.0	0.0	0.0	0.0	0.0	0.0	0.0	0.0	0.0	0.0	0.0	0.0	0.0	0.0	0.0	0.0	0.0	0.0	0.0	0.0	0.0	0.0	0.0	0.15121346033211508	0.0	0.0	0.0	0.0	0.0	0.0	0.0	0.0	0.0	0.5369060892685477	0.0	0.0	0.0	0.0	0.0	0.0	0.0	0.0	0.0	0.0	0.0	0.0
ACH-001282	17	60754703	C[C>T]T	0.0008459903963712663	0.0	0.0	0.0	0.660302329881384	0.20110498996674583	0.0	0.0	0.0	0.0	0.0	0.0	0.0	0.004814422659707442	0.0	0.0	0.0	0.0	0.0	0.0	0.0	0.0	0.0	0.0	0.0	0.0	0.0	0.0	0.0	0.0	0.0	0.0	0.0	0.0	0.0	0.0	0.0	0.0	0.0	0.0	0.0	0.0	0.0	0.0	0.0	0.0	0.0	0.0	0.0	0.0	0.0	0.0	0.0	0.0	0.0	0.0	0.0	0.0	0.0	0.0	0.0	0.0	0.0	0.024019770515271023	0.0	0.0	0.0	0.0	0.0	0.0	0.0	0.0	0.0	0.10891249658052043	0.0	0.0	0.0	0.0	0.0	0.0	0.0	0.0	0.0	0.0	0.0	0.0
ACH-001282	17	74084610	C[C>T]A	0.00942884421638691	0.0	0.0	0.0	0.6056924380605633	0.21647224830463452	0.0	0.0	0.0	0.0	0.0	0.0	0.0	0.0013345162036732144	0.0	0.0	0.0	0.0	0.0	0.0	0.0	0.0	0.0	0.0	0.0	0.0	0.0	0.0	0.0	0.0	0.0	0.0	0.0	0.0	0.0	0.0	0.0	0.0	0.0	0.0	0.0	0.0	0.0	0.0	0.0	0.0	0.0	0.0	0.0	0.0	0.0	0.0	0.0	0.0	0.0	0.0	0.0	0.0	0.0	0.0	0.0	0.0	0.0	0.02383111970447493	0.0	0.0	0.0	0.0	0.0	0.0	0.0	0.0	0.0	0.1432408335102671	0.0	0.0	0.0	0.0	0.0	0.0	0.0	0.0	0.0	0.0	0.0	0.0
ACH-001282	17	80788309	G[C>A]G	0.01049211914372408	0.0	0.0	0.0	0.2769893344453069	0.021544109033677383	0.0	0.0	0.0	0.0	0.0	0.0	0.0	0.00285488777662888	0.0	0.0	0.0	0.0	0.0	0.0	0.0	0.0	0.0	0.0	0.0	0.0	0.0	0.0	0.0	0.0	0.0	0.0	0.0	0.0	0.0	0.0	0.0	0.0	0.0	0.0	0.0	0.0	0.0	0.0	0.0	0.0	0.0	0.0	0.0	0.0	0.0	0.0	0.0	0.0	0.0	0.0	0.0	0.0	0.0	0.0	0.0	0.0	0.0	0.15121346033211508	0.0	0.0	0.0	0.0	0.0	0.0	0.0	0.0	0.0	0.5369060892685477	0.0	0.0	0.0	0.0	0.0	0.0	0.0	0.0	0.0	0.0	0.0	0.0
ACH-001282	18	13048874	G[C>T]T	8.729189451445945e-05	0.0	0.0	0.0	0.28006231695606143	0.5711202463006954	0.0	0.0	0.0	0.0	0.0	0.0	0.0	0.13596544997726603	0.0	0.0	0.0	0.0	0.0	0.0	0.0	0.0	0.0	0.0	0.0	0.0	0.0	0.0	0.0	0.0	0.0	0.0	0.0	0.0	0.0	0.0	0.0	0.0	0.0	0.0	0.0	0.0	0.0	0.0	0.0	0.0	0.0	0.0	0.0	0.0	0.0	0.0	0.0	0.0	0.0	0.0	0.0	0.0	0.0	0.0	0.0	0.0	0.0	0.0008457800315336343	0.0	0.0	0.0	0.0	0.0	0.0	0.0	0.0	0.0	0.011918914839928981	0.0	0.0	0.0	0.0	0.0	0.0	0.0	0.0	0.0	0.0	0.0	0.0
ACH-001282	18	28993537	A[C>A]A	0.007515365364432122	0.0	0.0	0.0	0.6740927986384572	0.012171389595800497	0.0	0.0	0.0	0.0	0.0	0.0	0.0	0.002894042654611188	0.0	0.0	0.0	0.0	0.0	0.0	0.0	0.0	0.0	0.0	0.0	0.0	0.0	0.0	0.0	0.0	0.0	0.0	0.0	0.0	0.0	0.0	0.0	0.0	0.0	0.0	0.0	0.0	0.0	0.0	0.0	0.0	0.0	0.0	0.0	0.0	0.0	0.0	0.0	0.0	0.0	0.0	0.0	0.0	0.0	0.0	0.0	0.0	0.0	0.027482511035810557	0.0	0.0	0.0	0.0	0.0	0.0	0.0	0.0	0.0	0.2758438927108886	0.0	0.0	0.0	0.0	0.0	0.0	0.0	0.0	0.0	0.0	0.0	0.0
ACH-001282	18	56586039	T[C>T]G	0.07714253859373026	0.0	0.0	0.0	0.07384486080785536	0.12312305291596602	0.0	0.0	0.0	0.0	0.0	0.0	0.0	0.5745141537591107	0.0	0.0	0.0	0.0	0.0	0.0	0.0	0.0	0.0	0.0	0.0	0.0	0.0	0.0	0.0	0.0	0.0	0.0	0.0	0.0	0.0	0.0	0.0	0.0	0.0	0.0	0.0	0.0	0.0	0.0	0.0	0.0	0.0	0.0	0.0	0.0	0.0	0.0	0.0	0.0	0.0	0.0	0.0	0.0	0.0	0.0	0.0	0.0	0.0	1.2515907073687994e-13	0.0	0.0	0.0	0.0	0.0	0.0	0.0	0.0	0.0	0.15137539392321248	0.0	0.0	0.0	0.0	0.0	0.0	0.0	0.0	0.0	0.0	0.0	0.0
ACH-001282	19	10091353	T[C>G]C	0.003274801930328424	0.0	0.0	0.0	0.8119412317845001	0.006154636805704033	0.0	0.0	0.0	0.0	0.0	0.0	0.0	6.713766541397617e-15	0.0	0.0	0.0	0.0	0.0	0.0	0.0	0.0	0.0	0.0	0.0	0.0	0.0	0.0	0.0	0.0	0.0	0.0	0.0	0.0	0.0	0.0	0.0	0.0	0.0	0.0	0.0	0.0	0.0	0.0	0.0	0.0	0.0	0.0	0.0	0.0	0.0	0.0	0.0	0.0	0.0	0.0	0.0	0.0	0.0	0.0	0.0	0.0	0.0	0.012510251120090554	0.0	0.0	0.0	0.0	0.0	0.0	0.0	0.0	0.0	0.16611907835937023	0.0	0.0	0.0	0.0	0.0	0.0	0.0	0.0	0.0	0.0	0.0	0.0
ACH-001282	19	19603513	G[C>T]G	0.21438060893993485	0.0	0.0	0.0	0.0801043315742929	0.5909949963289324	0.0	0.0	0.0	0.0	0.0	0.0	0.0	0.02322831062930795	0.0	0.0	0.0	0.0	0.0	0.0	0.0	0.0	0.0	0.0	0.0	0.0	0.0	0.0	0.0	0.0	0.0	0.0	0.0	0.0	0.0	0.0	0.0	0.0	0.0	0.0	0.0	0.0	0.0	0.0	0.0	0.0	0.0	0.0	0.0	0.0	0.0	0.0	0.0	0.0	0.0	0.0	0.0	0.0	0.0	0.0	0.0	0.0	0.0	0.028173993806027916	0.0	0.0	0.0	0.0	0.0	0.0	0.0	0.0	0.0	0.06311775872150399	0.0	0.0	0.0	0.0	0.0	0.0	0.0	0.0	0.0	0.0	0.0	0.0
ACH-001282	19	19646337	C[C>G]T	2.229862824413685e-15	0.0	0.0	0.0	0.631197397814076	0.00048597010433410343	0.0	0.0	0.0	0.0	0.0	0.0	0.0	4.162243949157831e-15	0.0	0.0	0.0	0.0	0.0	0.0	0.0	0.0	0.0	0.0	0.0	0.0	0.0	0.0	0.0	0.0	0.0	0.0	0.0	0.0	0.0	0.0	0.0	0.0	0.0	0.0	0.0	0.0	0.0	0.0	0.0	0.0	0.0	0.0	0.0	0.0	0.0	0.0	0.0	0.0	0.0	0.0	0.0	0.0	0.0	0.0	0.0	0.0	0.0	0.0199520725983738	0.0	0.0	0.0	0.0	0.0	0.0	0.0	0.0	0.0	0.3483645594832097	0.0	0.0	0.0	0.0	0.0	0.0	0.0	0.0	0.0	0.0	0.0	0.0
ACH-001282	19	36594608	G[C>A]C	0.003788979012636724	0.0	0.0	0.0	0.5662472321880438	0.034453111233856776	0.0	0.0	0.0	0.0	0.0	0.0	0.0	0.05342948194445226	0.0	0.0	0.0	0.0	0.0	0.0	0.0	0.0	0.0	0.0	0.0	0.0	0.0	0.0	0.0	0.0	0.0	0.0	0.0	0.0	0.0	0.0	0.0	0.0	0.0	0.0	0.0	0.0	0.0	0.0	0.0	0.0	0.0	0.0	0.0	0.0	0.0	0.0	0.0	0.0	0.0	0.0	0.0	0.0	0.0	0.0	0.0	0.0	0.0	0.15306628708485837	0.0	0.0	0.0	0.0	0.0	0.0	0.0	0.0	0.0	0.189014908536152	0.0	0.0	0.0	0.0	0.0	0.0	0.0	0.0	0.0	0.0	0.0	0.0
ACH-001282	19	39025997	T[C>T]T	5.036834935729242e-16	0.0	0.0	0.0	0.31417468334989934	0.05331408410869151	0.0	0.0	0.0	0.0	0.0	0.0	0.0	0.5420732923414812	0.0	0.0	0.0	0.0	0.0	0.0	0.0	0.0	0.0	0.0	0.0	0.0	0.0	0.0	0.0	0.0	0.0	0.0	0.0	0.0	0.0	0.0	0.0	0.0	0.0	0.0	0.0	0.0	0.0	0.0	0.0	0.0	0.0	0.0	0.0	0.0	0.0	0.0	0.0	0.0	0.0	0.0	0.0	0.0	0.0	0.0	0.0	0.0	0.0	0.0007997014448842565	0.0	0.0	0.0	0.0	0.0	0.0	0.0	0.0	0.0	0.08963823875504334	0.0	0.0	0.0	0.0	0.0	0.0	0.0	0.0	0.0	0.0	0.0	0.0
ACH-001282	19	41704374	A[T>C]G	0.00018437383089381669	0.0	0.0	0.0	0.44002563328229116	0.024899658558904452	0.0	0.0	0.0	0.0	0.0	0.0	0.0	0.0017314328137138224	0.0	0.0	0.0	0.0	0.0	0.0	0.0	0.0	0.0	0.0	0.0	0.0	0.0	0.0	0.0	0.0	0.0	0.0	0.0	0.0	0.0	0.0	0.0	0.0	0.0	0.0	0.0	0.0	0.0	0.0	0.0	0.0	0.0	0.0	0.0	0.0	0.0	0.0	0.0	0.0	0.0	0.0	0.0	0.0	0.0	0.0	0.0	0.0	0.0	0.5270236498645321	0.0	0.0	0.0	0.0	0.0	0.0	0.0	0.0	0.0	0.00613525164966474	0.0	0.0	0.0	0.0	0.0	0.0	0.0	0.0	0.0	0.0	0.0	0.0
ACH-001282	19	45575625	G[C>T]A	0.009720492242192142	0.0	0.0	0.0	0.281273544987821	0.6918562879930871	0.0	0.0	0.0	0.0	0.0	0.0	0.0	0.00148980708219356	0.0	0.0	0.0	0.0	0.0	0.0	0.0	0.0	0.0	0.0	0.0	0.0	0.0	0.0	0.0	0.0	0.0	0.0	0.0	0.0	0.0	0.0	0.0	0.0	0.0	0.0	0.0	0.0	0.0	0.0	0.0	0.0	0.0	0.0	0.0	0.0	0.0	0.0	0.0	0.0	0.0	0.0	0.0	0.0	0.0	0.0	0.0	0.0	0.0	0.0007290288739161948	0.0	0.0	0.0	0.0	0.0	0.0	0.0	0.0	0.0	0.01493083882079022	0.0	0.0	0.0	0.0	0.0	0.0	0.0	0.0	0.0	0.0	0.0	0.0
ACH-001282	19	46215178	C[C>A]G	0.0008460306178072095	0.0	0.0	0.0	0.20803925117294442	0.05057850963178286	0.0	0.0	0.0	0.0	0.0	0.0	0.0	0.0014263150302892466	0.0	0.0	0.0	0.0	0.0	0.0	0.0	0.0	0.0	0.0	0.0	0.0	0.0	0.0	0.0	0.0	0.0	0.0	0.0	0.0	0.0	0.0	0.0	0.0	0.0	0.0	0.0	0.0	0.0	0.0	0.0	0.0	0.0	0.0	0.0	0.0	0.0	0.0	0.0	0.0	0.0	0.0	0.0	0.0	0.0	0.0	0.0	0.0	0.0	0.08075846082076348	0.0	0.0	0.0	0.0	0.0	0.0	0.0	0.0	0.0	0.6583514327264128	0.0	0.0	0.0	0.0	0.0	0.0	0.0	0.0	0.0	0.0	0.0	0.0
ACH-001282	19	48806939	G[T>C]C	0.0213523639196138	0.0	0.0	0.0	0.5909283908784962	0.042116309080360216	0.0	0.0	0.0	0.0	0.0	0.0	0.0	0.11228912779441975	0.0	0.0	0.0	0.0	0.0	0.0	0.0	0.0	0.0	0.0	0.0	0.0	0.0	0.0	0.0	0.0	0.0	0.0	0.0	0.0	0.0	0.0	0.0	0.0	0.0	0.0	0.0	0.0	0.0	0.0	0.0	0.0	0.0	0.0	0.0	0.0	0.0	0.0	0.0	0.0	0.0	0.0	0.0	0.0	0.0	0.0	0.0	0.0	0.0	0.07467619436445395	0.0	0.0	0.0	0.0	0.0	0.0	0.0	0.0	0.0	0.1586376139626561	0.0	0.0	0.0	0.0	0.0	0.0	0.0	0.0	0.0	0.0	0.0	0.0
ACH-001282	19	56163868	T[C>T]G	0.07714253859373026	0.0	0.0	0.0	0.07384486080785536	0.12312305291596602	0.0	0.0	0.0	0.0	0.0	0.0	0.0	0.5745141537591107	0.0	0.0	0.0	0.0	0.0	0.0	0.0	0.0	0.0	0.0	0.0	0.0	0.0	0.0	0.0	0.0	0.0	0.0	0.0	0.0	0.0	0.0	0.0	0.0	0.0	0.0	0.0	0.0	0.0	0.0	0.0	0.0	0.0	0.0	0.0	0.0	0.0	0.0	0.0	0.0	0.0	0.0	0.0	0.0	0.0	0.0	0.0	0.0	0.0	1.2515907073687994e-13	0.0	0.0	0.0	0.0	0.0	0.0	0.0	0.0	0.0	0.15137539392321248	0.0	0.0	0.0	0.0	0.0	0.0	0.0	0.0	0.0	0.0	0.0	0.0
ACH-001282	20	10627681	A[C>T]G	0.2911795563217271	0.0	0.0	0.0	0.03264963831466693	0.32320945473608254	0.0	0.0	0.0	0.0	0.0	0.0	0.0	0.0006191362088337352	0.0	0.0	0.0	0.0	0.0	0.0	0.0	0.0	0.0	0.0	0.0	0.0	0.0	0.0	0.0	0.0	0.0	0.0	0.0	0.0	0.0	0.0	0.0	0.0	0.0	0.0	0.0	0.0	0.0	0.0	0.0	0.0	0.0	0.0	0.0	0.0	0.0	0.0	0.0	0.0	0.0	0.0	0.0	0.0	0.0	0.0	0.0	0.0	0.0	0.00041043881871500503	0.0	0.0	0.0	0.0	0.0	0.0	0.0	0.0	0.0	0.3519317755999745	0.0	0.0	0.0	0.0	0.0	0.0	0.0	0.0	0.0	0.0	0.0	0.0
ACH-001282	21	31812764	A[C>A]C	0.02360436166533168	0.0	0.0	0.0	0.6472190401240715	0.01831568400348059	0.0	0.0	0.0	0.0	0.0	0.0	0.0	0.12692675782097584	0.0	0.0	0.0	0.0	0.0	0.0	0.0	0.0	0.0	0.0	0.0	0.0	0.0	0.0	0.0	0.0	0.0	0.0	0.0	0.0	0.0	0.0	0.0	0.0	0.0	0.0	0.0	0.0	0.0	0.0	0.0	0.0	0.0	0.0	0.0	0.0	0.0	0.0	0.0	0.0	0.0	0.0	0.0	0.0	0.0	0.0	0.0	0.0	0.0	0.012361085636988062	0.0	0.0	0.0	0.0	0.0	0.0	0.0	0.0	0.0	0.17157307074915235	0.0	0.0	0.0	0.0	0.0	0.0	0.0	0.0	0.0	0.0	0.0	0.0
ACH-001282	21	34923231	T[C>T]G	0.07714253859373026	0.0	0.0	0.0	0.07384486080785536	0.12312305291596602	0.0	0.0	0.0	0.0	0.0	0.0	0.0	0.5745141537591107	0.0	0.0	0.0	0.0	0.0	0.0	0.0	0.0	0.0	0.0	0.0	0.0	0.0	0.0	0.0	0.0	0.0	0.0	0.0	0.0	0.0	0.0	0.0	0.0	0.0	0.0	0.0	0.0	0.0	0.0	0.0	0.0	0.0	0.0	0.0	0.0	0.0	0.0	0.0	0.0	0.0	0.0	0.0	0.0	0.0	0.0	0.0	0.0	0.0	1.2515907073687994e-13	0.0	0.0	0.0	0.0	0.0	0.0	0.0	0.0	0.0	0.15137539392321248	0.0	0.0	0.0	0.0	0.0	0.0	0.0	0.0	0.0	0.0	0.0	0.0
ACH-001282	21	47700411	C[T>C]T	0.00024065631451140995	0.0	0.0	0.0	0.5575360770719812	0.024227193186791507	0.0	0.0	0.0	0.0	0.0	0.0	0.0	0.008632581386766702	0.0	0.0	0.0	0.0	0.0	0.0	0.0	0.0	0.0	0.0	0.0	0.0	0.0	0.0	0.0	0.0	0.0	0.0	0.0	0.0	0.0	0.0	0.0	0.0	0.0	0.0	0.0	0.0	0.0	0.0	0.0	0.0	0.0	0.0	0.0	0.0	0.0	0.0	0.0	0.0	0.0	0.0	0.0	0.0	0.0	0.0	0.0	0.0	0.0	0.22798333604161136	0.0	0.0	0.0	0.0	0.0	0.0	0.0	0.0	0.0	0.18138015599833787	0.0	0.0	0.0	0.0	0.0	0.0	0.0	0.0	0.0	0.0	0.0	0.0
ACH-001282	22	21272259	G[C>T]G	0.21438060893993485	0.0	0.0	0.0	0.0801043315742929	0.5909949963289324	0.0	0.0	0.0	0.0	0.0	0.0	0.0	0.02322831062930795	0.0	0.0	0.0	0.0	0.0	0.0	0.0	0.0	0.0	0.0	0.0	0.0	0.0	0.0	0.0	0.0	0.0	0.0	0.0	0.0	0.0	0.0	0.0	0.0	0.0	0.0	0.0	0.0	0.0	0.0	0.0	0.0	0.0	0.0	0.0	0.0	0.0	0.0	0.0	0.0	0.0	0.0	0.0	0.0	0.0	0.0	0.0	0.0	0.0	0.028173993806027916	0.0	0.0	0.0	0.0	0.0	0.0	0.0	0.0	0.0	0.06311775872150399	0.0	0.0	0.0	0.0	0.0	0.0	0.0	0.0	0.0	0.0	0.0	0.0
ACH-001282	22	26219624	T[C>T]G	0.07714253859373026	0.0	0.0	0.0	0.07384486080785536	0.12312305291596602	0.0	0.0	0.0	0.0	0.0	0.0	0.0	0.5745141537591107	0.0	0.0	0.0	0.0	0.0	0.0	0.0	0.0	0.0	0.0	0.0	0.0	0.0	0.0	0.0	0.0	0.0	0.0	0.0	0.0	0.0	0.0	0.0	0.0	0.0	0.0	0.0	0.0	0.0	0.0	0.0	0.0	0.0	0.0	0.0	0.0	0.0	0.0	0.0	0.0	0.0	0.0	0.0	0.0	0.0	0.0	0.0	0.0	0.0	1.2515907073687994e-13	0.0	0.0	0.0	0.0	0.0	0.0	0.0	0.0	0.0	0.15137539392321248	0.0	0.0	0.0	0.0	0.0	0.0	0.0	0.0	0.0	0.0	0.0	0.0
ACH-001282	22	32007761	C[T>C]G	0.0008024182848075946	0.0	0.0	0.0	0.30703188964900224	0.040035445697414115	0.0	0.0	0.0	0.0	0.0	0.0	0.0	0.00010571653202086367	0.0	0.0	0.0	0.0	0.0	0.0	0.0	0.0	0.0	0.0	0.0	0.0	0.0	0.0	0.0	0.0	0.0	0.0	0.0	0.0	0.0	0.0	0.0	0.0	0.0	0.0	0.0	0.0	0.0	0.0	0.0	0.0	0.0	0.0	0.0	0.0	0.0	0.0	0.0	0.0	0.0	0.0	0.0	0.0	0.0	0.0	0.0	0.0	0.0	0.6452701613219737	0.0	0.0	0.0	0.0	0.0	0.0	0.0	0.0	0.0	0.006754368514781389	0.0	0.0	0.0	0.0	0.0	0.0	0.0	0.0	0.0	0.0	0.0	0.0
ACH-001282	22	38087334	G[C>T]G	0.21438060893993485	0.0	0.0	0.0	0.0801043315742929	0.5909949963289324	0.0	0.0	0.0	0.0	0.0	0.0	0.0	0.02322831062930795	0.0	0.0	0.0	0.0	0.0	0.0	0.0	0.0	0.0	0.0	0.0	0.0	0.0	0.0	0.0	0.0	0.0	0.0	0.0	0.0	0.0	0.0	0.0	0.0	0.0	0.0	0.0	0.0	0.0	0.0	0.0	0.0	0.0	0.0	0.0	0.0	0.0	0.0	0.0	0.0	0.0	0.0	0.0	0.0	0.0	0.0	0.0	0.0	0.0	0.028173993806027916	0.0	0.0	0.0	0.0	0.0	0.0	0.0	0.0	0.0	0.06311775872150399	0.0	0.0	0.0	0.0	0.0	0.0	0.0	0.0	0.0	0.0	0.0	0.0
ACH-001282	22	46704081	T[C>T]G	0.07714253859373026	0.0	0.0	0.0	0.07384486080785536	0.12312305291596602	0.0	0.0	0.0	0.0	0.0	0.0	0.0	0.5745141537591107	0.0	0.0	0.0	0.0	0.0	0.0	0.0	0.0	0.0	0.0	0.0	0.0	0.0	0.0	0.0	0.0	0.0	0.0	0.0	0.0	0.0	0.0	0.0	0.0	0.0	0.0	0.0	0.0	0.0	0.0	0.0	0.0	0.0	0.0	0.0	0.0	0.0	0.0	0.0	0.0	0.0	0.0	0.0	0.0	0.0	0.0	0.0	0.0	0.0	1.2515907073687994e-13	0.0	0.0	0.0	0.0	0.0	0.0	0.0	0.0	0.0	0.15137539392321248	0.0	0.0	0.0	0.0	0.0	0.0	0.0	0.0	0.0	0.0	0.0	0.0
ACH-001282	22	50580612	T[C>T]G	0.07714253859373026	0.0	0.0	0.0	0.07384486080785536	0.12312305291596602	0.0	0.0	0.0	0.0	0.0	0.0	0.0	0.5745141537591107	0.0	0.0	0.0	0.0	0.0	0.0	0.0	0.0	0.0	0.0	0.0	0.0	0.0	0.0	0.0	0.0	0.0	0.0	0.0	0.0	0.0	0.0	0.0	0.0	0.0	0.0	0.0	0.0	0.0	0.0	0.0	0.0	0.0	0.0	0.0	0.0	0.0	0.0	0.0	0.0	0.0	0.0	0.0	0.0	0.0	0.0	0.0	0.0	0.0	1.2515907073687994e-13	0.0	0.0	0.0	0.0	0.0	0.0	0.0	0.0	0.0	0.15137539392321248	0.0	0.0	0.0	0.0	0.0	0.0	0.0	0.0	0.0	0.0	0.0	0.0
ACH-001282	X	19375808	A[C>T]G	0.2911795563217271	0.0	0.0	0.0	0.03264963831466693	0.32320945473608254	0.0	0.0	0.0	0.0	0.0	0.0	0.0	0.0006191362088337352	0.0	0.0	0.0	0.0	0.0	0.0	0.0	0.0	0.0	0.0	0.0	0.0	0.0	0.0	0.0	0.0	0.0	0.0	0.0	0.0	0.0	0.0	0.0	0.0	0.0	0.0	0.0	0.0	0.0	0.0	0.0	0.0	0.0	0.0	0.0	0.0	0.0	0.0	0.0	0.0	0.0	0.0	0.0	0.0	0.0	0.0	0.0	0.0	0.0	0.00041043881871500503	0.0	0.0	0.0	0.0	0.0	0.0	0.0	0.0	0.0	0.3519317755999745	0.0	0.0	0.0	0.0	0.0	0.0	0.0	0.0	0.0	0.0	0.0	0.0
ACH-001282	X	66942802	C[C>A]A	0.003555604479544919	0.0	0.0	0.0	0.5607510918357315	0.07002700383071218	0.0	0.0	0.0	0.0	0.0	0.0	0.0	0.011130520128332018	0.0	0.0	0.0	0.0	0.0	0.0	0.0	0.0	0.0	0.0	0.0	0.0	0.0	0.0	0.0	0.0	0.0	0.0	0.0	0.0	0.0	0.0	0.0	0.0	0.0	0.0	0.0	0.0	0.0	0.0	0.0	0.0	0.0	0.0	0.0	0.0	0.0	0.0	0.0	0.0	0.0	0.0	0.0	0.0	0.0	0.0	0.0	0.0	0.0	0.0010801663317711887	0.0	0.0	0.0	0.0	0.0	0.0	0.0	0.0	0.0	0.35345561339390813	0.0	0.0	0.0	0.0	0.0	0.0	0.0	0.0	0.0	0.0	0.0	0.0
ACH-001282	X	77913380	G[C>T]T	8.729189451445945e-05	0.0	0.0	0.0	0.28006231695606143	0.5711202463006954	0.0	0.0	0.0	0.0	0.0	0.0	0.0	0.13596544997726603	0.0	0.0	0.0	0.0	0.0	0.0	0.0	0.0	0.0	0.0	0.0	0.0	0.0	0.0	0.0	0.0	0.0	0.0	0.0	0.0	0.0	0.0	0.0	0.0	0.0	0.0	0.0	0.0	0.0	0.0	0.0	0.0	0.0	0.0	0.0	0.0	0.0	0.0	0.0	0.0	0.0	0.0	0.0	0.0	0.0	0.0	0.0	0.0	0.0	0.0008457800315336343	0.0	0.0	0.0	0.0	0.0	0.0	0.0	0.0	0.0	0.011918914839928981	0.0	0.0	0.0	0.0	0.0	0.0	0.0	0.0	0.0	0.0	0.0	0.0
ACH-001282	X	154019334	G[T>C]G	0.0038083090090662284	0.0	0.0	0.0	0.323339989868851	0.02692446950318362	0.0	0.0	0.0	0.0	0.0	0.0	0.0	0.008420608891710207	0.0	0.0	0.0	0.0	0.0	0.0	0.0	0.0	0.0	0.0	0.0	0.0	0.0	0.0	0.0	0.0	0.0	0.0	0.0	0.0	0.0	0.0	0.0	0.0	0.0	0.0	0.0	0.0	0.0	0.0	0.0	0.0	0.0	0.0	0.0	0.0	0.0	0.0	0.0	0.0	0.0	0.0	0.0	0.0	0.0	0.0	0.0	0.0	0.0	0.590768930514534	0.0	0.0	0.0	0.0	0.0	0.0	0.0	0.0	0.0	0.046737692212654836	0.0	0.0	0.0	0.0	0.0	0.0	0.0	0.0	0.0	0.0	0.0	0.0
ACH-001282	X	154134756	C[T>G]A	0.0006432005208583464	0.0	0.0	0.0	0.3108256234898788	0.0030268925919971126	0.0	0.0	0.0	0.0	0.0	0.0	0.0	0.007711509963025461	0.0	0.0	0.0	0.0	0.0	0.0	0.0	0.0	0.0	0.0	0.0	0.0	0.0	0.0	0.0	0.0	0.0	0.0	0.0	0.0	0.0	0.0	0.0	0.0	0.0	0.0	0.0	0.0	0.0	0.0	0.0	0.0	0.0	0.0	0.0	0.0	0.0	0.0	0.0	0.0	0.0	0.0	0.0	0.0	0.0	0.0	0.0	0.0	0.0	0.11851346457965281	0.0	0.0	0.0	0.0	0.0	0.0	0.0	0.0	0.0	0.5592793088545875	0.0	0.0	0.0	0.0	0.0	0.0	0.0	0.0	0.0	0.0	0.0	0.0
