Sample Names	Chr	Pos	MutationType	SBS1	SBS2	SBS3	SBS4	SBS5	SBS6	SBS7a	SBS7b	SBS7c	SBS7d	SBS8	SBS9	SBS10a	SBS10b	SBS10c	SBS10d	SBS11	SBS12	SBS13	SBS14	SBS15	SBS16	SBS17a	SBS17b	SBS18	SBS19	SBS20	SBS21	SBS22a	SBS22b	SBS23	SBS24	SBS25	SBS26	SBS27	SBS28	SBS29	SBS30	SBS31	SBS32	SBS33	SBS34	SBS35	SBS36	SBS37	SBS38	SBS39	SBS40a	SBS40b	SBS40c	SBS41	SBS42	SBS43	SBS44	SBS45	SBS46	SBS47	SBS48	SBS49	SBS50	SBS51	SBS52	SBS53	SBS54	SBS55	SBS56	SBS57	SBS58	SBS59	SBS60	SBS84	SBS85	SBS86	SBS87	SBS88	SBS89	SBS90	SBS91	SBS92	SBS93	SBS94	SBS95	SBS96	SBS97	SBS98	SBS99
ACH-002355	1	1647902	G[T>C]G	0.019241605202812047	0.0	0.0	0.0	0.7808812730864044	0.0	0.0	0.0	0.0	0.0	0.0	0.0	0.0	0.02143027578665455	0.0	0.0	0.0	0.0	0.0	0.0	0.0	0.0	0.0	0.0	0.0	0.0	0.0	0.0	0.0	0.0	0.0	0.0	0.0	0.0	0.0	0.0	0.0	0.0	0.0	0.0	0.0	0.0	0.0	0.0	0.0	0.0	0.0	0.0	0.0	0.0	0.0	0.0	0.0	0.0	0.0	0.0	0.0	0.0	0.0	0.0	0.0	0.0	0.0	0.0	0.0	0.0	0.0	0.0	0.0	0.0	0.0	0.0	0.0	0.12304806391609839	0.0	0.0	0.0	0.0	0.0	0.0	0.05539878200803057	0.0	0.0	0.0	0.0	0.0
ACH-002355	1	1956384	T[C>T]G	0.1563550688554526	0.0	0.0	0.0	0.07154096317376872	0.0	0.0	0.0	0.0	0.0	0.0	0.0	0.0	0.5865349766398608	0.0	0.0	0.0	0.0	0.0	0.0	0.0	0.0	0.0	0.0	0.0	0.0	0.0	0.0	0.0	0.0	0.0	0.0	0.0	0.0	0.0	0.0	0.0	0.0	0.0	0.0	0.0	0.0	0.0	0.0	0.0	0.0	0.0	0.0	0.0	0.0	0.0	0.0	0.0	0.0	0.0	0.0	0.0	0.0	0.0	0.0	0.0	0.0	0.0	0.0	0.0	0.0	0.0	0.0	0.0	0.0	0.0	0.0	0.0	0.15987174894856468	0.0	0.0	0.0	0.0	0.0	0.0	0.025697242382353196	0.0	0.0	0.0	0.0	0.0
ACH-002355	1	6614496	G[C>A]C	0.0023538061922536917	0.0	0.0	0.0	0.16814000712659766	0.0	0.0	0.0	0.0	0.0	0.0	0.0	0.0	0.0167187809933358	0.0	0.0	0.0	0.0	0.0	0.0	0.0	0.0	0.0	0.0	0.0	0.0	0.0	0.0	0.0	0.0	0.0	0.0	0.0	0.0	0.0	0.0	0.0	0.0	0.0	0.0	0.0	0.0	0.0	0.0	0.0	0.0	0.0	0.0	0.0	0.0	0.0	0.0	0.0	0.0	0.0	0.0	0.0	0.0	0.0	0.0	0.0	0.0	0.0	0.0	0.0	0.0	0.0	0.0	0.0	0.0	0.0	0.0	0.0	0.06118471801592495	0.0	0.0	0.0	0.0	0.0	0.0	0.7516026876718878	0.0	0.0	0.0	0.0	0.0
ACH-002355	1	22848051	A[C>T]C	0.05037684795572065	0.0	0.0	0.0	0.4516534038256271	0.0	0.0	0.0	0.0	0.0	0.0	0.0	0.0	0.03951540434244354	0.0	0.0	0.0	0.0	0.0	0.0	0.0	0.0	0.0	0.0	0.0	0.0	0.0	0.0	0.0	0.0	0.0	0.0	0.0	0.0	0.0	0.0	0.0	0.0	0.0	0.0	0.0	0.0	0.0	0.0	0.0	0.0	0.0	0.0	0.0	0.0	0.0	0.0	0.0	0.0	0.0	0.0	0.0	0.0	0.0	0.0	0.0	0.0	0.0	0.0	0.0	0.0	0.0	0.0	0.0	0.0	0.0	0.0	0.0	0.0535246379187024	0.0	0.0	0.0	0.0	0.0	0.0	0.4049297059575064	0.0	0.0	0.0	0.0	0.0
ACH-002355	1	46087003	C[C>T]G	0.29046482192873846	0.0	0.0	0.0	0.0820944686828651	0.0	0.0	0.0	0.0	0.0	0.0	0.0	0.0	0.005177646269620903	0.0	0.0	0.0	0.0	0.0	0.0	0.0	0.0	0.0	0.0	0.0	0.0	0.0	0.0	0.0	0.0	0.0	0.0	0.0	0.0	0.0	0.0	0.0	0.0	0.0	0.0	0.0	0.0	0.0	0.0	0.0	0.0	0.0	0.0	0.0	0.0	0.0	0.0	0.0	0.0	0.0	0.0	0.0	0.0	0.0	0.0	0.0	0.0	0.0	0.0	0.0	0.0	0.0	0.0	0.0	0.0	0.0	0.0	0.0	0.523086723196558	0.0	0.0	0.0	0.0	0.0	0.0	0.09917633992221753	0.0	0.0	0.0	0.0	0.0
ACH-002355	1	50666575	C[C>T]C	0.0019357112985841883	0.0	0.0	0.0	0.4311900459743261	0.0	0.0	0.0	0.0	0.0	0.0	0.0	0.0	0.0005713713799046	0.0	0.0	0.0	0.0	0.0	0.0	0.0	0.0	0.0	0.0	0.0	0.0	0.0	0.0	0.0	0.0	0.0	0.0	0.0	0.0	0.0	0.0	0.0	0.0	0.0	0.0	0.0	0.0	0.0	0.0	0.0	0.0	0.0	0.0	0.0	0.0	0.0	0.0	0.0	0.0	0.0	0.0	0.0	0.0	0.0	0.0	0.0	0.0	0.0	0.0	0.0	0.0	0.0	0.0	0.0	0.0	0.0	0.0	0.0	0.10892959768734034	0.0	0.0	0.0	0.0	0.0	0.0	0.4573732736598448	0.0	0.0	0.0	0.0	0.0
ACH-002355	1	52704476	C[T>G]C	0.008401233814416027	0.0	0.0	0.0	0.5782901311641773	0.0	0.0	0.0	0.0	0.0	0.0	0.0	0.0	0.04303260000991326	0.0	0.0	0.0	0.0	0.0	0.0	0.0	0.0	0.0	0.0	0.0	0.0	0.0	0.0	0.0	0.0	0.0	0.0	0.0	0.0	0.0	0.0	0.0	0.0	0.0	0.0	0.0	0.0	0.0	0.0	0.0	0.0	0.0	0.0	0.0	0.0	0.0	0.0	0.0	0.0	0.0	0.0	0.0	0.0	0.0	0.0	0.0	0.0	0.0	0.0	0.0	0.0	0.0	0.0	0.0	0.0	0.0	0.0	0.0	0.0811190015776653	0.0	0.0	0.0	0.0	0.0	0.0	0.28915703343382826	0.0	0.0	0.0	0.0	0.0
ACH-002355	1	112308784	T[T>G]C	0.0015664256044322002	0.0	0.0	0.0	0.5904423456713919	0.0	0.0	0.0	0.0	0.0	0.0	0.0	0.0	0.1490120777352557	0.0	0.0	0.0	0.0	0.0	0.0	0.0	0.0	0.0	0.0	0.0	0.0	0.0	0.0	0.0	0.0	0.0	0.0	0.0	0.0	0.0	0.0	0.0	0.0	0.0	0.0	0.0	0.0	0.0	0.0	0.0	0.0	0.0	0.0	0.0	0.0	0.0	0.0	0.0	0.0	0.0	0.0	0.0	0.0	0.0	0.0	0.0	0.0	0.0	0.0	0.0	0.0	0.0	0.0	0.0	0.0	0.0	0.0	0.0	0.13410126324628197	0.0	0.0	0.0	0.0	0.0	0.0	0.12487788774263815	0.0	0.0	0.0	0.0	0.0
ACH-002355	1	147090747	G[T>G]G	0.010912606186923824	0.0	0.0	0.0	0.5260938487657488	0.0	0.0	0.0	0.0	0.0	0.0	0.0	0.0	0.05122575473688043	0.0	0.0	0.0	0.0	0.0	0.0	0.0	0.0	0.0	0.0	0.0	0.0	0.0	0.0	0.0	0.0	0.0	0.0	0.0	0.0	0.0	0.0	0.0	0.0	0.0	0.0	0.0	0.0	0.0	0.0	0.0	0.0	0.0	0.0	0.0	0.0	0.0	0.0	0.0	0.0	0.0	0.0	0.0	0.0	0.0	0.0	0.0	0.0	0.0	0.0	0.0	0.0	0.0	0.0	0.0	0.0	0.0	0.0	0.0	0.19166882447193284	0.0	0.0	0.0	0.0	0.0	0.0	0.2200989658385142	0.0	0.0	0.0	0.0	0.0
ACH-002355	1	158576395	G[T>C]G	0.019241605202812047	0.0	0.0	0.0	0.7808812730864044	0.0	0.0	0.0	0.0	0.0	0.0	0.0	0.0	0.02143027578665455	0.0	0.0	0.0	0.0	0.0	0.0	0.0	0.0	0.0	0.0	0.0	0.0	0.0	0.0	0.0	0.0	0.0	0.0	0.0	0.0	0.0	0.0	0.0	0.0	0.0	0.0	0.0	0.0	0.0	0.0	0.0	0.0	0.0	0.0	0.0	0.0	0.0	0.0	0.0	0.0	0.0	0.0	0.0	0.0	0.0	0.0	0.0	0.0	0.0	0.0	0.0	0.0	0.0	0.0	0.0	0.0	0.0	0.0	0.0	0.12304806391609839	0.0	0.0	0.0	0.0	0.0	0.0	0.05539878200803057	0.0	0.0	0.0	0.0	0.0
ACH-002355	1	182555093	T[C>A]A	0.0005363630290833069	0.0	0.0	0.0	0.20284811213867382	0.0	0.0	0.0	0.0	0.0	0.0	0.0	0.0	0.003433510450422718	0.0	0.0	0.0	0.0	0.0	0.0	0.0	0.0	0.0	0.0	0.0	0.0	0.0	0.0	0.0	0.0	0.0	0.0	0.0	0.0	0.0	0.0	0.0	0.0	0.0	0.0	0.0	0.0	0.0	0.0	0.0	0.0	0.0	0.0	0.0	0.0	0.0	0.0	0.0	0.0	0.0	0.0	0.0	0.0	0.0	0.0	0.0	0.0	0.0	0.0	0.0	0.0	0.0	0.0	0.0	0.0	0.0	0.0	0.0	0.06167280533791167	0.0	0.0	0.0	0.0	0.0	0.0	0.7315092090439084	0.0	0.0	0.0	0.0	0.0
ACH-002355	2	27456910	G[T>C]G	0.019241605202812047	0.0	0.0	0.0	0.7808812730864044	0.0	0.0	0.0	0.0	0.0	0.0	0.0	0.0	0.02143027578665455	0.0	0.0	0.0	0.0	0.0	0.0	0.0	0.0	0.0	0.0	0.0	0.0	0.0	0.0	0.0	0.0	0.0	0.0	0.0	0.0	0.0	0.0	0.0	0.0	0.0	0.0	0.0	0.0	0.0	0.0	0.0	0.0	0.0	0.0	0.0	0.0	0.0	0.0	0.0	0.0	0.0	0.0	0.0	0.0	0.0	0.0	0.0	0.0	0.0	0.0	0.0	0.0	0.0	0.0	0.0	0.0	0.0	0.0	0.0	0.12304806391609839	0.0	0.0	0.0	0.0	0.0	0.0	0.05539878200803057	0.0	0.0	0.0	0.0	0.0
ACH-002355	2	37341968	G[T>A]A	0.0016365146017209104	0.0	0.0	0.0	0.23417762796667382	0.0	0.0	0.0	0.0	0.0	0.0	0.0	0.0	4.2256473090412674e-15	0.0	0.0	0.0	0.0	0.0	0.0	0.0	0.0	0.0	0.0	0.0	0.0	0.0	0.0	0.0	0.0	0.0	0.0	0.0	0.0	0.0	0.0	0.0	0.0	0.0	0.0	0.0	0.0	0.0	0.0	0.0	0.0	0.0	0.0	0.0	0.0	0.0	0.0	0.0	0.0	0.0	0.0	0.0	0.0	0.0	0.0	0.0	0.0	0.0	0.0	0.0	0.0	0.0	0.0	0.0	0.0	0.0	0.0	0.0	0.35791038556216687	0.0	0.0	0.0	0.0	0.0	0.0	0.40627547186943425	0.0	0.0	0.0	0.0	0.0
ACH-002355	2	56145101	T[C>T]G	0.1563550688554526	0.0	0.0	0.0	0.07154096317376872	0.0	0.0	0.0	0.0	0.0	0.0	0.0	0.0	0.5865349766398608	0.0	0.0	0.0	0.0	0.0	0.0	0.0	0.0	0.0	0.0	0.0	0.0	0.0	0.0	0.0	0.0	0.0	0.0	0.0	0.0	0.0	0.0	0.0	0.0	0.0	0.0	0.0	0.0	0.0	0.0	0.0	0.0	0.0	0.0	0.0	0.0	0.0	0.0	0.0	0.0	0.0	0.0	0.0	0.0	0.0	0.0	0.0	0.0	0.0	0.0	0.0	0.0	0.0	0.0	0.0	0.0	0.0	0.0	0.0	0.15987174894856468	0.0	0.0	0.0	0.0	0.0	0.0	0.025697242382353196	0.0	0.0	0.0	0.0	0.0
ACH-002355	2	133540064	G[C>T]A	0.04954061763395135	0.0	0.0	0.0	0.6852018288797415	0.0	0.0	0.0	0.0	0.0	0.0	0.0	0.0	0.003824532338067439	0.0	0.0	0.0	0.0	0.0	0.0	0.0	0.0	0.0	0.0	0.0	0.0	0.0	0.0	0.0	0.0	0.0	0.0	0.0	0.0	0.0	0.0	0.0	0.0	0.0	0.0	0.0	0.0	0.0	0.0	0.0	0.0	0.0	0.0	0.0	0.0	0.0	0.0	0.0	0.0	0.0	0.0	0.0	0.0	0.0	0.0	0.0	0.0	0.0	0.0	0.0	0.0	0.0	0.0	0.0	0.0	0.0	0.0	0.0	0.03965114811618958	0.0	0.0	0.0	0.0	0.0	0.0	0.22178187303205005	0.0	0.0	0.0	0.0	0.0
ACH-002355	2	152425204	C[T>A]C	0.006842263315286459	0.0	0.0	0.0	0.286030750419049	0.0	0.0	0.0	0.0	0.0	0.0	0.0	0.0	0.0017426415673303653	0.0	0.0	0.0	0.0	0.0	0.0	0.0	0.0	0.0	0.0	0.0	0.0	0.0	0.0	0.0	0.0	0.0	0.0	0.0	0.0	0.0	0.0	0.0	0.0	0.0	0.0	0.0	0.0	0.0	0.0	0.0	0.0	0.0	0.0	0.0	0.0	0.0	0.0	0.0	0.0	0.0	0.0	0.0	0.0	0.0	0.0	0.0	0.0	0.0	0.0	0.0	0.0	0.0	0.0	0.0	0.0	0.0	0.0	0.0	0.1614711727786181	0.0	0.0	0.0	0.0	0.0	0.0	0.543913171919716	0.0	0.0	0.0	0.0	0.0
ACH-002355	2	176964660	G[T>G]A	1.1352087753436893e-14	0.0	0.0	0.0	0.4061504140823853	0.0	0.0	0.0	0.0	0.0	0.0	0.0	0.0	0.02312522936258366	0.0	0.0	0.0	0.0	0.0	0.0	0.0	0.0	0.0	0.0	0.0	0.0	0.0	0.0	0.0	0.0	0.0	0.0	0.0	0.0	0.0	0.0	0.0	0.0	0.0	0.0	0.0	0.0	0.0	0.0	0.0	0.0	0.0	0.0	0.0	0.0	0.0	0.0	0.0	0.0	0.0	0.0	0.0	0.0	0.0	0.0	0.0	0.0	0.0	0.0	0.0	0.0	0.0	0.0	0.0	0.0	0.0	0.0	0.0	0.3392372438344727	0.0	0.0	0.0	0.0	0.0	0.0	0.23148711272054706	0.0	0.0	0.0	0.0	0.0
ACH-002355	2	187693256	T[T>C]C	0.052162264851625305	0.0	0.0	0.0	0.4729488903708209	0.0	0.0	0.0	0.0	0.0	0.0	0.0	0.0	0.0011769037133363405	0.0	0.0	0.0	0.0	0.0	0.0	0.0	0.0	0.0	0.0	0.0	0.0	0.0	0.0	0.0	0.0	0.0	0.0	0.0	0.0	0.0	0.0	0.0	0.0	0.0	0.0	0.0	0.0	0.0	0.0	0.0	0.0	0.0	0.0	0.0	0.0	0.0	0.0	0.0	0.0	0.0	0.0	0.0	0.0	0.0	0.0	0.0	0.0	0.0	0.0	0.0	0.0	0.0	0.0	0.0	0.0	0.0	0.0	0.0	0.2080318541767582	0.0	0.0	0.0	0.0	0.0	0.0	0.2656800868874593	0.0	0.0	0.0	0.0	0.0
ACH-002355	2	204821433	G[C>A]C	0.0023538061922536917	0.0	0.0	0.0	0.16814000712659766	0.0	0.0	0.0	0.0	0.0	0.0	0.0	0.0	0.0167187809933358	0.0	0.0	0.0	0.0	0.0	0.0	0.0	0.0	0.0	0.0	0.0	0.0	0.0	0.0	0.0	0.0	0.0	0.0	0.0	0.0	0.0	0.0	0.0	0.0	0.0	0.0	0.0	0.0	0.0	0.0	0.0	0.0	0.0	0.0	0.0	0.0	0.0	0.0	0.0	0.0	0.0	0.0	0.0	0.0	0.0	0.0	0.0	0.0	0.0	0.0	0.0	0.0	0.0	0.0	0.0	0.0	0.0	0.0	0.0	0.06118471801592495	0.0	0.0	0.0	0.0	0.0	0.0	0.7516026876718878	0.0	0.0	0.0	0.0	0.0
ACH-002355	2	218954731	G[C>T]G	0.6014244446211667	0.0	0.0	0.0	0.1074157696126407	0.0	0.0	0.0	0.0	0.0	0.0	0.0	0.0	0.03282376124782076	0.0	0.0	0.0	0.0	0.0	0.0	0.0	0.0	0.0	0.0	0.0	0.0	0.0	0.0	0.0	0.0	0.0	0.0	0.0	0.0	0.0	0.0	0.0	0.0	0.0	0.0	0.0	0.0	0.0	0.0	0.0	0.0	0.0	0.0	0.0	0.0	0.0	0.0	0.0	0.0	0.0	0.0	0.0	0.0	0.0	0.0	0.0	0.0	0.0	0.0	0.0	0.0	0.0	0.0	0.0	0.0	0.0	0.0	0.0	0.09226681846612746	0.0	0.0	0.0	0.0	0.0	0.0	0.1660692060522444	0.0	0.0	0.0	0.0	0.0
ACH-002355	2	220075709	C[T>C]C	0.027155006933415164	0.0	0.0	0.0	0.3575869061767182	0.0	0.0	0.0	0.0	0.0	0.0	0.0	0.0	0.0012718148222520887	0.0	0.0	0.0	0.0	0.0	0.0	0.0	0.0	0.0	0.0	0.0	0.0	0.0	0.0	0.0	0.0	0.0	0.0	0.0	0.0	0.0	0.0	0.0	0.0	0.0	0.0	0.0	0.0	0.0	0.0	0.0	0.0	0.0	0.0	0.0	0.0	0.0	0.0	0.0	0.0	0.0	0.0	0.0	0.0	0.0	0.0	0.0	0.0	0.0	0.0	0.0	0.0	0.0	0.0	0.0	0.0	0.0	0.0	0.0	0.03762150463494746	0.0	0.0	0.0	0.0	0.0	0.0	0.5763647674326672	0.0	0.0	0.0	0.0	0.0
ACH-002355	2	224824379	G[C>T]C	0.0006299109214321347	0.0	0.0	0.0	0.46419495516455533	0.0	0.0	0.0	0.0	0.0	0.0	0.0	0.0	0.09680069087712752	0.0	0.0	0.0	0.0	0.0	0.0	0.0	0.0	0.0	0.0	0.0	0.0	0.0	0.0	0.0	0.0	0.0	0.0	0.0	0.0	0.0	0.0	0.0	0.0	0.0	0.0	0.0	0.0	0.0	0.0	0.0	0.0	0.0	0.0	0.0	0.0	0.0	0.0	0.0	0.0	0.0	0.0	0.0	0.0	0.0	0.0	0.0	0.0	0.0	0.0	0.0	0.0	0.0	0.0	0.0	0.0	0.0	0.0	0.0	0.033567692048641906	0.0	0.0	0.0	0.0	0.0	0.0	0.40480675098824315	0.0	0.0	0.0	0.0	0.0
ACH-002355	3	9786052	C[C>A]C	0.005853696909941299	0.0	0.0	0.0	0.0635600028465566	0.0	0.0	0.0	0.0	0.0	0.0	0.0	0.0	0.00981968246464503	0.0	0.0	0.0	0.0	0.0	0.0	0.0	0.0	0.0	0.0	0.0	0.0	0.0	0.0	0.0	0.0	0.0	0.0	0.0	0.0	0.0	0.0	0.0	0.0	0.0	0.0	0.0	0.0	0.0	0.0	0.0	0.0	0.0	0.0	0.0	0.0	0.0	0.0	0.0	0.0	0.0	0.0	0.0	0.0	0.0	0.0	0.0	0.0	0.0	0.0	0.0	0.0	0.0	0.0	0.0	0.0	0.0	0.0	0.0	0.03730523602373022	0.0	0.0	0.0	0.0	0.0	0.0	0.8834613817551268	0.0	0.0	0.0	0.0	0.0
ACH-002355	3	9976221	G[T>G]G	0.010912606186923824	0.0	0.0	0.0	0.5260938487657488	0.0	0.0	0.0	0.0	0.0	0.0	0.0	0.0	0.05122575473688043	0.0	0.0	0.0	0.0	0.0	0.0	0.0	0.0	0.0	0.0	0.0	0.0	0.0	0.0	0.0	0.0	0.0	0.0	0.0	0.0	0.0	0.0	0.0	0.0	0.0	0.0	0.0	0.0	0.0	0.0	0.0	0.0	0.0	0.0	0.0	0.0	0.0	0.0	0.0	0.0	0.0	0.0	0.0	0.0	0.0	0.0	0.0	0.0	0.0	0.0	0.0	0.0	0.0	0.0	0.0	0.0	0.0	0.0	0.0	0.19166882447193284	0.0	0.0	0.0	0.0	0.0	0.0	0.2200989658385142	0.0	0.0	0.0	0.0	0.0
ACH-002355	3	23960971	T[C>A]C	0.02195877318144107	0.0	0.0	0.0	0.25193894285113017	0.0	0.0	0.0	0.0	0.0	0.0	0.0	0.0	0.031143286399336348	0.0	0.0	0.0	0.0	0.0	0.0	0.0	0.0	0.0	0.0	0.0	0.0	0.0	0.0	0.0	0.0	0.0	0.0	0.0	0.0	0.0	0.0	0.0	0.0	0.0	0.0	0.0	0.0	0.0	0.0	0.0	0.0	0.0	0.0	0.0	0.0	0.0	0.0	0.0	0.0	0.0	0.0	0.0	0.0	0.0	0.0	0.0	0.0	0.0	0.0	0.0	0.0	0.0	0.0	0.0	0.0	0.0	0.0	0.0	0.06849941726410363	0.0	0.0	0.0	0.0	0.0	0.0	0.6264595803039887	0.0	0.0	0.0	0.0	0.0
ACH-002355	3	53265566	C[C>A]C	0.005853696909941299	0.0	0.0	0.0	0.0635600028465566	0.0	0.0	0.0	0.0	0.0	0.0	0.0	0.0	0.00981968246464503	0.0	0.0	0.0	0.0	0.0	0.0	0.0	0.0	0.0	0.0	0.0	0.0	0.0	0.0	0.0	0.0	0.0	0.0	0.0	0.0	0.0	0.0	0.0	0.0	0.0	0.0	0.0	0.0	0.0	0.0	0.0	0.0	0.0	0.0	0.0	0.0	0.0	0.0	0.0	0.0	0.0	0.0	0.0	0.0	0.0	0.0	0.0	0.0	0.0	0.0	0.0	0.0	0.0	0.0	0.0	0.0	0.0	0.0	0.0	0.03730523602373022	0.0	0.0	0.0	0.0	0.0	0.0	0.8834613817551268	0.0	0.0	0.0	0.0	0.0
ACH-002355	3	85985002	G[T>G]T	0.0005954585383307356	0.0	0.0	0.0	0.3034464188552517	0.0	0.0	0.0	0.0	0.0	0.0	0.0	0.0	0.19875530495099394	0.0	0.0	0.0	0.0	0.0	0.0	0.0	0.0	0.0	0.0	0.0	0.0	0.0	0.0	0.0	0.0	0.0	0.0	0.0	0.0	0.0	0.0	0.0	0.0	0.0	0.0	0.0	0.0	0.0	0.0	0.0	0.0	0.0	0.0	0.0	0.0	0.0	0.0	0.0	0.0	0.0	0.0	0.0	0.0	0.0	0.0	0.0	0.0	0.0	0.0	0.0	0.0	0.0	0.0	0.0	0.0	0.0	0.0	0.0	0.18955873785194344	0.0	0.0	0.0	0.0	0.0	0.0	0.3076440798034802	0.0	0.0	0.0	0.0	0.0
ACH-002355	3	112709930	G[C>G]A	0.0003107660373098121	0.0	0.0	0.0	0.48014927657943995	0.0	0.0	0.0	0.0	0.0	0.0	0.0	0.0	0.0005264047579040034	0.0	0.0	0.0	0.0	0.0	0.0	0.0	0.0	0.0	0.0	0.0	0.0	0.0	0.0	0.0	0.0	0.0	0.0	0.0	0.0	0.0	0.0	0.0	0.0	0.0	0.0	0.0	0.0	0.0	0.0	0.0	0.0	0.0	0.0	0.0	0.0	0.0	0.0	0.0	0.0	0.0	0.0	0.0	0.0	0.0	0.0	0.0	0.0	0.0	0.0	0.0	0.0	0.0	0.0	0.0	0.0	0.0	0.0	0.0	0.16022206100266378	0.0	0.0	0.0	0.0	0.0	0.0	0.3587914916226823	0.0	0.0	0.0	0.0	0.0
ACH-002355	3	121413769	T[T>G]A	3.9004015991078935e-15	0.0	0.0	0.0	0.28906163096666737	0.0	0.0	0.0	0.0	0.0	0.0	0.0	0.0	0.18666085468608146	0.0	0.0	0.0	0.0	0.0	0.0	0.0	0.0	0.0	0.0	0.0	0.0	0.0	0.0	0.0	0.0	0.0	0.0	0.0	0.0	0.0	0.0	0.0	0.0	0.0	0.0	0.0	0.0	0.0	0.0	0.0	0.0	0.0	0.0	0.0	0.0	0.0	0.0	0.0	0.0	0.0	0.0	0.0	0.0	0.0	0.0	0.0	0.0	0.0	0.0	0.0	0.0	0.0	0.0	0.0	0.0	0.0	0.0	0.0	0.27105699044880355	0.0	0.0	0.0	0.0	0.0	0.0	0.2532205238984437	0.0	0.0	0.0	0.0	0.0
ACH-002355	3	148459391	A[C>G]C	0.029753407541734306	0.0	0.0	0.0	0.4400377935458026	0.0	0.0	0.0	0.0	0.0	0.0	0.0	0.0	0.0030858468782471726	0.0	0.0	0.0	0.0	0.0	0.0	0.0	0.0	0.0	0.0	0.0	0.0	0.0	0.0	0.0	0.0	0.0	0.0	0.0	0.0	0.0	0.0	0.0	0.0	0.0	0.0	0.0	0.0	0.0	0.0	0.0	0.0	0.0	0.0	0.0	0.0	0.0	0.0	0.0	0.0	0.0	0.0	0.0	0.0	0.0	0.0	0.0	0.0	0.0	0.0	0.0	0.0	0.0	0.0	0.0	0.0	0.0	0.0	0.0	0.18119161205749237	0.0	0.0	0.0	0.0	0.0	0.0	0.3459313399767235	0.0	0.0	0.0	0.0	0.0
ACH-002355	3	170108084	T[T>A]A	0.08207827393382974	0.0	0.0	0.0	0.24396449472803153	0.0	0.0	0.0	0.0	0.0	0.0	0.0	0.0	0.03529177678532496	0.0	0.0	0.0	0.0	0.0	0.0	0.0	0.0	0.0	0.0	0.0	0.0	0.0	0.0	0.0	0.0	0.0	0.0	0.0	0.0	0.0	0.0	0.0	0.0	0.0	0.0	0.0	0.0	0.0	0.0	0.0	0.0	0.0	0.0	0.0	0.0	0.0	0.0	0.0	0.0	0.0	0.0	0.0	0.0	0.0	0.0	0.0	0.0	0.0	0.0	0.0	0.0	0.0	0.0	0.0	0.0	0.0	0.0	0.0	0.19098551784845327	0.0	0.0	0.0	0.0	0.0	0.0	0.4476799367043604	0.0	0.0	0.0	0.0	0.0
ACH-002355	3	196817798	T[C>T]G	0.1563550688554526	0.0	0.0	0.0	0.07154096317376872	0.0	0.0	0.0	0.0	0.0	0.0	0.0	0.0	0.5865349766398608	0.0	0.0	0.0	0.0	0.0	0.0	0.0	0.0	0.0	0.0	0.0	0.0	0.0	0.0	0.0	0.0	0.0	0.0	0.0	0.0	0.0	0.0	0.0	0.0	0.0	0.0	0.0	0.0	0.0	0.0	0.0	0.0	0.0	0.0	0.0	0.0	0.0	0.0	0.0	0.0	0.0	0.0	0.0	0.0	0.0	0.0	0.0	0.0	0.0	0.0	0.0	0.0	0.0	0.0	0.0	0.0	0.0	0.0	0.0	0.15987174894856468	0.0	0.0	0.0	0.0	0.0	0.0	0.025697242382353196	0.0	0.0	0.0	0.0	0.0
ACH-002355	4	2240476	A[T>C]A	0.004909146203145606	0.0	0.0	0.0	0.6586581265826854	0.0	0.0	0.0	0.0	0.0	0.0	0.0	0.0	0.039763492250220314	0.0	0.0	0.0	0.0	0.0	0.0	0.0	0.0	0.0	0.0	0.0	0.0	0.0	0.0	0.0	0.0	0.0	0.0	0.0	0.0	0.0	0.0	0.0	0.0	0.0	0.0	0.0	0.0	0.0	0.0	0.0	0.0	0.0	0.0	0.0	0.0	0.0	0.0	0.0	0.0	0.0	0.0	0.0	0.0	0.0	0.0	0.0	0.0	0.0	0.0	0.0	0.0	0.0	0.0	0.0	0.0	0.0	0.0	0.0	0.07838025736197858	0.0	0.0	0.0	0.0	0.0	0.0	0.2182889776019702	0.0	0.0	0.0	0.0	0.0
ACH-002355	4	3240252	C[C>A]C	0.005853696909941299	0.0	0.0	0.0	0.0635600028465566	0.0	0.0	0.0	0.0	0.0	0.0	0.0	0.0	0.00981968246464503	0.0	0.0	0.0	0.0	0.0	0.0	0.0	0.0	0.0	0.0	0.0	0.0	0.0	0.0	0.0	0.0	0.0	0.0	0.0	0.0	0.0	0.0	0.0	0.0	0.0	0.0	0.0	0.0	0.0	0.0	0.0	0.0	0.0	0.0	0.0	0.0	0.0	0.0	0.0	0.0	0.0	0.0	0.0	0.0	0.0	0.0	0.0	0.0	0.0	0.0	0.0	0.0	0.0	0.0	0.0	0.0	0.0	0.0	0.0	0.03730523602373022	0.0	0.0	0.0	0.0	0.0	0.0	0.8834613817551268	0.0	0.0	0.0	0.0	0.0
ACH-002355	5	38510653	T[C>G]G	0.0011858687843025108	0.0	0.0	0.0	0.0925100168747074	0.0	0.0	0.0	0.0	0.0	0.0	0.0	0.0	3.582667941048411e-15	0.0	0.0	0.0	0.0	0.0	0.0	0.0	0.0	0.0	0.0	0.0	0.0	0.0	0.0	0.0	0.0	0.0	0.0	0.0	0.0	0.0	0.0	0.0	0.0	0.0	0.0	0.0	0.0	0.0	0.0	0.0	0.0	0.0	0.0	0.0	0.0	0.0	0.0	0.0	0.0	0.0	0.0	0.0	0.0	0.0	0.0	0.0	0.0	0.0	0.0	0.0	0.0	0.0	0.0	0.0	0.0	0.0	0.0	0.0	0.8429552241217452	0.0	0.0	0.0	0.0	0.0	0.0	0.0633488902192413	0.0	0.0	0.0	0.0	0.0
ACH-002355	5	39383073	T[C>T]C	0.0001860027738199713	0.0	0.0	0.0	0.36312314142514873	0.0	0.0	0.0	0.0	0.0	0.0	0.0	0.0	0.22841396607462164	0.0	0.0	0.0	0.0	0.0	0.0	0.0	0.0	0.0	0.0	0.0	0.0	0.0	0.0	0.0	0.0	0.0	0.0	0.0	0.0	0.0	0.0	0.0	0.0	0.0	0.0	0.0	0.0	0.0	0.0	0.0	0.0	0.0	0.0	0.0	0.0	0.0	0.0	0.0	0.0	0.0	0.0	0.0	0.0	0.0	0.0	0.0	0.0	0.0	0.0	0.0	0.0	0.0	0.0	0.0	0.0	0.0	0.0	0.0	0.05816646495768454	0.0	0.0	0.0	0.0	0.0	0.0	0.3501104247687251	0.0	0.0	0.0	0.0	0.0
ACH-002355	5	101606387	A[C>T]T	0.05784627444571373	0.0	0.0	0.0	0.42050476120776686	0.0	0.0	0.0	0.0	0.0	0.0	0.0	0.0	0.04521434652856959	0.0	0.0	0.0	0.0	0.0	0.0	0.0	0.0	0.0	0.0	0.0	0.0	0.0	0.0	0.0	0.0	0.0	0.0	0.0	0.0	0.0	0.0	0.0	0.0	0.0	0.0	0.0	0.0	0.0	0.0	0.0	0.0	0.0	0.0	0.0	0.0	0.0	0.0	0.0	0.0	0.0	0.0	0.0	0.0	0.0	0.0	0.0	0.0	0.0	0.0	0.0	0.0	0.0	0.0	0.0	0.0	0.0	0.0	0.0	0.12203987070100304	0.0	0.0	0.0	0.0	0.0	0.0	0.35439474711694674	0.0	0.0	0.0	0.0	0.0
ACH-002355	5	112175077	A[T>C]T	0.026187248543433704	0.0	0.0	0.0	0.5531145588536281	0.0	0.0	0.0	0.0	0.0	0.0	0.0	0.0	0.0006461936634112006	0.0	0.0	0.0	0.0	0.0	0.0	0.0	0.0	0.0	0.0	0.0	0.0	0.0	0.0	0.0	0.0	0.0	0.0	0.0	0.0	0.0	0.0	0.0	0.0	0.0	0.0	0.0	0.0	0.0	0.0	0.0	0.0	0.0	0.0	0.0	0.0	0.0	0.0	0.0	0.0	0.0	0.0	0.0	0.0	0.0	0.0	0.0	0.0	0.0	0.0	0.0	0.0	0.0	0.0	0.0	0.0	0.0	0.0	0.0	0.04803928057581551	0.0	0.0	0.0	0.0	0.0	0.0	0.3720127183637113	0.0	0.0	0.0	0.0	0.0
ACH-002355	5	140774090	A[C>T]G	0.5237153204772383	0.0	0.0	0.0	0.028069148704286864	0.0	0.0	0.0	0.0	0.0	0.0	0.0	0.0	0.0005609133111684596	0.0	0.0	0.0	0.0	0.0	0.0	0.0	0.0	0.0	0.0	0.0	0.0	0.0	0.0	0.0	0.0	0.0	0.0	0.0	0.0	0.0	0.0	0.0	0.0	0.0	0.0	0.0	0.0	0.0	0.0	0.0	0.0	0.0	0.0	0.0	0.0	0.0	0.0	0.0	0.0	0.0	0.0	0.0	0.0	0.0	0.0	0.0	0.0	0.0	0.0	0.0	0.0	0.0	0.0	0.0	0.0	0.0	0.0	0.0	0.3298308548999561	0.0	0.0	0.0	0.0	0.0	0.0	0.11782376260735014	0.0	0.0	0.0	0.0	0.0
ACH-002355	5	156749984	C[C>A]C	0.005853696909941299	0.0	0.0	0.0	0.0635600028465566	0.0	0.0	0.0	0.0	0.0	0.0	0.0	0.0	0.00981968246464503	0.0	0.0	0.0	0.0	0.0	0.0	0.0	0.0	0.0	0.0	0.0	0.0	0.0	0.0	0.0	0.0	0.0	0.0	0.0	0.0	0.0	0.0	0.0	0.0	0.0	0.0	0.0	0.0	0.0	0.0	0.0	0.0	0.0	0.0	0.0	0.0	0.0	0.0	0.0	0.0	0.0	0.0	0.0	0.0	0.0	0.0	0.0	0.0	0.0	0.0	0.0	0.0	0.0	0.0	0.0	0.0	0.0	0.0	0.0	0.03730523602373022	0.0	0.0	0.0	0.0	0.0	0.0	0.8834613817551268	0.0	0.0	0.0	0.0	0.0
ACH-002355	6	6167738	G[C>A]C	0.0023538061922536917	0.0	0.0	0.0	0.16814000712659766	0.0	0.0	0.0	0.0	0.0	0.0	0.0	0.0	0.0167187809933358	0.0	0.0	0.0	0.0	0.0	0.0	0.0	0.0	0.0	0.0	0.0	0.0	0.0	0.0	0.0	0.0	0.0	0.0	0.0	0.0	0.0	0.0	0.0	0.0	0.0	0.0	0.0	0.0	0.0	0.0	0.0	0.0	0.0	0.0	0.0	0.0	0.0	0.0	0.0	0.0	0.0	0.0	0.0	0.0	0.0	0.0	0.0	0.0	0.0	0.0	0.0	0.0	0.0	0.0	0.0	0.0	0.0	0.0	0.0	0.06118471801592495	0.0	0.0	0.0	0.0	0.0	0.0	0.7516026876718878	0.0	0.0	0.0	0.0	0.0
ACH-002355	6	6167739	C[C>G]A	0.0003567011795367963	0.0	0.0	0.0	0.3261461268959167	0.0	0.0	0.0	0.0	0.0	0.0	0.0	0.0	0.0004179603724263567	0.0	0.0	0.0	0.0	0.0	0.0	0.0	0.0	0.0	0.0	0.0	0.0	0.0	0.0	0.0	0.0	0.0	0.0	0.0	0.0	0.0	0.0	0.0	0.0	0.0	0.0	0.0	0.0	0.0	0.0	0.0	0.0	0.0	0.0	0.0	0.0	0.0	0.0	0.0	0.0	0.0	0.0	0.0	0.0	0.0	0.0	0.0	0.0	0.0	0.0	0.0	0.0	0.0	0.0	0.0	0.0	0.0	0.0	0.0	0.18914909880877742	0.0	0.0	0.0	0.0	0.0	0.0	0.4839301127433427	0.0	0.0	0.0	0.0	0.0
ACH-002355	6	26056201	T[C>G]T	0.014200707943844489	0.0	0.0	0.0	0.3601917696917207	0.0	0.0	0.0	0.0	0.0	0.0	0.0	0.0	0.0003730563483623763	0.0	0.0	0.0	0.0	0.0	0.0	0.0	0.0	0.0	0.0	0.0	0.0	0.0	0.0	0.0	0.0	0.0	0.0	0.0	0.0	0.0	0.0	0.0	0.0	0.0	0.0	0.0	0.0	0.0	0.0	0.0	0.0	0.0	0.0	0.0	0.0	0.0	0.0	0.0	0.0	0.0	0.0	0.0	0.0	0.0	0.0	0.0	0.0	0.0	0.0	0.0	0.0	0.0	0.0	0.0	0.0	0.0	0.0	0.0	0.2171451149897299	0.0	0.0	0.0	0.0	0.0	0.0	0.4080893510263425	0.0	0.0	0.0	0.0	0.0
ACH-002355	6	56457096	G[C>T]A	0.04954061763395135	0.0	0.0	0.0	0.6852018288797415	0.0	0.0	0.0	0.0	0.0	0.0	0.0	0.0	0.003824532338067439	0.0	0.0	0.0	0.0	0.0	0.0	0.0	0.0	0.0	0.0	0.0	0.0	0.0	0.0	0.0	0.0	0.0	0.0	0.0	0.0	0.0	0.0	0.0	0.0	0.0	0.0	0.0	0.0	0.0	0.0	0.0	0.0	0.0	0.0	0.0	0.0	0.0	0.0	0.0	0.0	0.0	0.0	0.0	0.0	0.0	0.0	0.0	0.0	0.0	0.0	0.0	0.0	0.0	0.0	0.0	0.0	0.0	0.0	0.0	0.03965114811618958	0.0	0.0	0.0	0.0	0.0	0.0	0.22178187303205005	0.0	0.0	0.0	0.0	0.0
ACH-002355	6	75899417	T[T>C]T	0.032084061620213725	0.0	0.0	0.0	0.433921887759056	0.0	0.0	0.0	0.0	0.0	0.0	0.0	0.0	0.00017562019705642218	0.0	0.0	0.0	0.0	0.0	0.0	0.0	0.0	0.0	0.0	0.0	0.0	0.0	0.0	0.0	0.0	0.0	0.0	0.0	0.0	0.0	0.0	0.0	0.0	0.0	0.0	0.0	0.0	0.0	0.0	0.0	0.0	0.0	0.0	0.0	0.0	0.0	0.0	0.0	0.0	0.0	0.0	0.0	0.0	0.0	0.0	0.0	0.0	0.0	0.0	0.0	0.0	0.0	0.0	0.0	0.0	0.0	0.0	0.0	0.09218680572439872	0.0	0.0	0.0	0.0	0.0	0.0	0.441631624699275	0.0	0.0	0.0	0.0	0.0
ACH-002355	6	116879301	A[T>C]A	0.004909146203145606	0.0	0.0	0.0	0.6586581265826854	0.0	0.0	0.0	0.0	0.0	0.0	0.0	0.0	0.039763492250220314	0.0	0.0	0.0	0.0	0.0	0.0	0.0	0.0	0.0	0.0	0.0	0.0	0.0	0.0	0.0	0.0	0.0	0.0	0.0	0.0	0.0	0.0	0.0	0.0	0.0	0.0	0.0	0.0	0.0	0.0	0.0	0.0	0.0	0.0	0.0	0.0	0.0	0.0	0.0	0.0	0.0	0.0	0.0	0.0	0.0	0.0	0.0	0.0	0.0	0.0	0.0	0.0	0.0	0.0	0.0	0.0	0.0	0.0	0.0	0.07838025736197858	0.0	0.0	0.0	0.0	0.0	0.0	0.2182889776019702	0.0	0.0	0.0	0.0	0.0
ACH-002355	6	117686882	C[C>T]T	0.0011131766599434567	0.0	0.0	0.0	0.41529619927762046	0.0	0.0	0.0	0.0	0.0	0.0	0.0	0.0	0.003190935440469053	0.0	0.0	0.0	0.0	0.0	0.0	0.0	0.0	0.0	0.0	0.0	0.0	0.0	0.0	0.0	0.0	0.0	0.0	0.0	0.0	0.0	0.0	0.0	0.0	0.0	0.0	0.0	0.0	0.0	0.0	0.0	0.0	0.0	0.0	0.0	0.0	0.0	0.0	0.0	0.0	0.0	0.0	0.0	0.0	0.0	0.0	0.0	0.0	0.0	0.0	0.0	0.0	0.0	0.0	0.0	0.0	0.0	0.0	0.0	0.07467492125790885	0.0	0.0	0.0	0.0	0.0	0.0	0.5057247673640582	0.0	0.0	0.0	0.0	0.0
ACH-002355	6	162622221	C[C>T]G	0.29046482192873846	0.0	0.0	0.0	0.0820944686828651	0.0	0.0	0.0	0.0	0.0	0.0	0.0	0.0	0.005177646269620903	0.0	0.0	0.0	0.0	0.0	0.0	0.0	0.0	0.0	0.0	0.0	0.0	0.0	0.0	0.0	0.0	0.0	0.0	0.0	0.0	0.0	0.0	0.0	0.0	0.0	0.0	0.0	0.0	0.0	0.0	0.0	0.0	0.0	0.0	0.0	0.0	0.0	0.0	0.0	0.0	0.0	0.0	0.0	0.0	0.0	0.0	0.0	0.0	0.0	0.0	0.0	0.0	0.0	0.0	0.0	0.0	0.0	0.0	0.0	0.523086723196558	0.0	0.0	0.0	0.0	0.0	0.0	0.09917633992221753	0.0	0.0	0.0	0.0	0.0
ACH-002355	7	930683	T[C>T]G	0.1563550688554526	0.0	0.0	0.0	0.07154096317376872	0.0	0.0	0.0	0.0	0.0	0.0	0.0	0.0	0.5865349766398608	0.0	0.0	0.0	0.0	0.0	0.0	0.0	0.0	0.0	0.0	0.0	0.0	0.0	0.0	0.0	0.0	0.0	0.0	0.0	0.0	0.0	0.0	0.0	0.0	0.0	0.0	0.0	0.0	0.0	0.0	0.0	0.0	0.0	0.0	0.0	0.0	0.0	0.0	0.0	0.0	0.0	0.0	0.0	0.0	0.0	0.0	0.0	0.0	0.0	0.0	0.0	0.0	0.0	0.0	0.0	0.0	0.0	0.0	0.0	0.15987174894856468	0.0	0.0	0.0	0.0	0.0	0.0	0.025697242382353196	0.0	0.0	0.0	0.0	0.0
ACH-002355	7	5103631	T[C>A]A	0.0005363630290833069	0.0	0.0	0.0	0.20284811213867382	0.0	0.0	0.0	0.0	0.0	0.0	0.0	0.0	0.003433510450422718	0.0	0.0	0.0	0.0	0.0	0.0	0.0	0.0	0.0	0.0	0.0	0.0	0.0	0.0	0.0	0.0	0.0	0.0	0.0	0.0	0.0	0.0	0.0	0.0	0.0	0.0	0.0	0.0	0.0	0.0	0.0	0.0	0.0	0.0	0.0	0.0	0.0	0.0	0.0	0.0	0.0	0.0	0.0	0.0	0.0	0.0	0.0	0.0	0.0	0.0	0.0	0.0	0.0	0.0	0.0	0.0	0.0	0.0	0.0	0.06167280533791167	0.0	0.0	0.0	0.0	0.0	0.0	0.7315092090439084	0.0	0.0	0.0	0.0	0.0
ACH-002355	7	13971156	C[T>A]G	0.0066250470790238285	0.0	0.0	0.0	0.32428045261892596	0.0	0.0	0.0	0.0	0.0	0.0	0.0	0.0	4.286442007327917e-15	0.0	0.0	0.0	0.0	0.0	0.0	0.0	0.0	0.0	0.0	0.0	0.0	0.0	0.0	0.0	0.0	0.0	0.0	0.0	0.0	0.0	0.0	0.0	0.0	0.0	0.0	0.0	0.0	0.0	0.0	0.0	0.0	0.0	0.0	0.0	0.0	0.0	0.0	0.0	0.0	0.0	0.0	0.0	0.0	0.0	0.0	0.0	0.0	0.0	0.0	0.0	0.0	0.0	0.0	0.0	0.0	0.0	0.0	0.0	0.1068631231553913	0.0	0.0	0.0	0.0	0.0	0.0	0.5622313771466546	0.0	0.0	0.0	0.0	0.0
ACH-002355	7	45140910	T[C>T]G	0.1563550688554526	0.0	0.0	0.0	0.07154096317376872	0.0	0.0	0.0	0.0	0.0	0.0	0.0	0.0	0.5865349766398608	0.0	0.0	0.0	0.0	0.0	0.0	0.0	0.0	0.0	0.0	0.0	0.0	0.0	0.0	0.0	0.0	0.0	0.0	0.0	0.0	0.0	0.0	0.0	0.0	0.0	0.0	0.0	0.0	0.0	0.0	0.0	0.0	0.0	0.0	0.0	0.0	0.0	0.0	0.0	0.0	0.0	0.0	0.0	0.0	0.0	0.0	0.0	0.0	0.0	0.0	0.0	0.0	0.0	0.0	0.0	0.0	0.0	0.0	0.0	0.15987174894856468	0.0	0.0	0.0	0.0	0.0	0.0	0.025697242382353196	0.0	0.0	0.0	0.0	0.0
ACH-002355	7	53103943	A[C>A]G	0.0075623830782876955	0.0	0.0	0.0	0.25020533282190893	0.0	0.0	0.0	0.0	0.0	0.0	0.0	0.0	0.00215843785354061	0.0	0.0	0.0	0.0	0.0	0.0	0.0	0.0	0.0	0.0	0.0	0.0	0.0	0.0	0.0	0.0	0.0	0.0	0.0	0.0	0.0	0.0	0.0	0.0	0.0	0.0	0.0	0.0	0.0	0.0	0.0	0.0	0.0	0.0	0.0	0.0	0.0	0.0	0.0	0.0	0.0	0.0	0.0	0.0	0.0	0.0	0.0	0.0	0.0	0.0	0.0	0.0	0.0	0.0	0.0	0.0	0.0	0.0	0.0	0.5009646306768304	0.0	0.0	0.0	0.0	0.0	0.0	0.23910921556943232	0.0	0.0	0.0	0.0	0.0
ACH-002355	7	99757902	A[T>C]G	0.0007944701084994018	0.0	0.0	0.0	0.9063015586165061	0.0	0.0	0.0	0.0	0.0	0.0	0.0	0.0	0.003758019855707829	0.0	0.0	0.0	0.0	0.0	0.0	0.0	0.0	0.0	0.0	0.0	0.0	0.0	0.0	0.0	0.0	0.0	0.0	0.0	0.0	0.0	0.0	0.0	0.0	0.0	0.0	0.0	0.0	0.0	0.0	0.0	0.0	0.0	0.0	0.0	0.0	0.0	0.0	0.0	0.0	0.0	0.0	0.0	0.0	0.0	0.0	0.0	0.0	0.0	0.0	0.0	0.0	0.0	0.0	0.0	0.0	0.0	0.0	0.0	0.013775553703618295	0.0	0.0	0.0	0.0	0.0	0.0	0.07537039771566832	0.0	0.0	0.0	0.0	0.0
ACH-002355	7	99757937	G[C>T]C	0.0006299109214321347	0.0	0.0	0.0	0.46419495516455533	0.0	0.0	0.0	0.0	0.0	0.0	0.0	0.0	0.09680069087712752	0.0	0.0	0.0	0.0	0.0	0.0	0.0	0.0	0.0	0.0	0.0	0.0	0.0	0.0	0.0	0.0	0.0	0.0	0.0	0.0	0.0	0.0	0.0	0.0	0.0	0.0	0.0	0.0	0.0	0.0	0.0	0.0	0.0	0.0	0.0	0.0	0.0	0.0	0.0	0.0	0.0	0.0	0.0	0.0	0.0	0.0	0.0	0.0	0.0	0.0	0.0	0.0	0.0	0.0	0.0	0.0	0.0	0.0	0.0	0.033567692048641906	0.0	0.0	0.0	0.0	0.0	0.0	0.40480675098824315	0.0	0.0	0.0	0.0	0.0
ACH-002355	7	144096190	C[C>A]A	0.0009611409898203757	0.0	0.0	0.0	0.07245364688822796	0.0	0.0	0.0	0.0	0.0	0.0	0.0	0.0	0.0015155290237407009	0.0	0.0	0.0	0.0	0.0	0.0	0.0	0.0	0.0	0.0	0.0	0.0	0.0	0.0	0.0	0.0	0.0	0.0	0.0	0.0	0.0	0.0	0.0	0.0	0.0	0.0	0.0	0.0	0.0	0.0	0.0	0.0	0.0	0.0	0.0	0.0	0.0	0.0	0.0	0.0	0.0	0.0	0.0	0.0	0.0	0.0	0.0	0.0	0.0	0.0	0.0	0.0	0.0	0.0	0.0	0.0	0.0	0.0	0.0	0.04978596605453799	0.0	0.0	0.0	0.0	0.0	0.0	0.8752837170436729	0.0	0.0	0.0	0.0	0.0
ACH-002355	7	148921691	C[C>T]G	0.29046482192873846	0.0	0.0	0.0	0.0820944686828651	0.0	0.0	0.0	0.0	0.0	0.0	0.0	0.0	0.005177646269620903	0.0	0.0	0.0	0.0	0.0	0.0	0.0	0.0	0.0	0.0	0.0	0.0	0.0	0.0	0.0	0.0	0.0	0.0	0.0	0.0	0.0	0.0	0.0	0.0	0.0	0.0	0.0	0.0	0.0	0.0	0.0	0.0	0.0	0.0	0.0	0.0	0.0	0.0	0.0	0.0	0.0	0.0	0.0	0.0	0.0	0.0	0.0	0.0	0.0	0.0	0.0	0.0	0.0	0.0	0.0	0.0	0.0	0.0	0.0	0.523086723196558	0.0	0.0	0.0	0.0	0.0	0.0	0.09917633992221753	0.0	0.0	0.0	0.0	0.0
ACH-002355	8	8748292	C[C>T]T	0.0011131766599434567	0.0	0.0	0.0	0.41529619927762046	0.0	0.0	0.0	0.0	0.0	0.0	0.0	0.0	0.003190935440469053	0.0	0.0	0.0	0.0	0.0	0.0	0.0	0.0	0.0	0.0	0.0	0.0	0.0	0.0	0.0	0.0	0.0	0.0	0.0	0.0	0.0	0.0	0.0	0.0	0.0	0.0	0.0	0.0	0.0	0.0	0.0	0.0	0.0	0.0	0.0	0.0	0.0	0.0	0.0	0.0	0.0	0.0	0.0	0.0	0.0	0.0	0.0	0.0	0.0	0.0	0.0	0.0	0.0	0.0	0.0	0.0	0.0	0.0	0.0	0.07467492125790885	0.0	0.0	0.0	0.0	0.0	0.0	0.5057247673640582	0.0	0.0	0.0	0.0	0.0
ACH-002355	8	22472970	C[C>T]G	0.29046482192873846	0.0	0.0	0.0	0.0820944686828651	0.0	0.0	0.0	0.0	0.0	0.0	0.0	0.0	0.005177646269620903	0.0	0.0	0.0	0.0	0.0	0.0	0.0	0.0	0.0	0.0	0.0	0.0	0.0	0.0	0.0	0.0	0.0	0.0	0.0	0.0	0.0	0.0	0.0	0.0	0.0	0.0	0.0	0.0	0.0	0.0	0.0	0.0	0.0	0.0	0.0	0.0	0.0	0.0	0.0	0.0	0.0	0.0	0.0	0.0	0.0	0.0	0.0	0.0	0.0	0.0	0.0	0.0	0.0	0.0	0.0	0.0	0.0	0.0	0.0	0.523086723196558	0.0	0.0	0.0	0.0	0.0	0.0	0.09917633992221753	0.0	0.0	0.0	0.0	0.0
ACH-002355	8	104388062	T[C>T]G	0.1563550688554526	0.0	0.0	0.0	0.07154096317376872	0.0	0.0	0.0	0.0	0.0	0.0	0.0	0.0	0.5865349766398608	0.0	0.0	0.0	0.0	0.0	0.0	0.0	0.0	0.0	0.0	0.0	0.0	0.0	0.0	0.0	0.0	0.0	0.0	0.0	0.0	0.0	0.0	0.0	0.0	0.0	0.0	0.0	0.0	0.0	0.0	0.0	0.0	0.0	0.0	0.0	0.0	0.0	0.0	0.0	0.0	0.0	0.0	0.0	0.0	0.0	0.0	0.0	0.0	0.0	0.0	0.0	0.0	0.0	0.0	0.0	0.0	0.0	0.0	0.0	0.15987174894856468	0.0	0.0	0.0	0.0	0.0	0.0	0.025697242382353196	0.0	0.0	0.0	0.0	0.0
ACH-002355	8	105405032	A[C>T]G	0.5237153204772383	0.0	0.0	0.0	0.028069148704286864	0.0	0.0	0.0	0.0	0.0	0.0	0.0	0.0	0.0005609133111684596	0.0	0.0	0.0	0.0	0.0	0.0	0.0	0.0	0.0	0.0	0.0	0.0	0.0	0.0	0.0	0.0	0.0	0.0	0.0	0.0	0.0	0.0	0.0	0.0	0.0	0.0	0.0	0.0	0.0	0.0	0.0	0.0	0.0	0.0	0.0	0.0	0.0	0.0	0.0	0.0	0.0	0.0	0.0	0.0	0.0	0.0	0.0	0.0	0.0	0.0	0.0	0.0	0.0	0.0	0.0	0.0	0.0	0.0	0.0	0.3298308548999561	0.0	0.0	0.0	0.0	0.0	0.0	0.11782376260735014	0.0	0.0	0.0	0.0	0.0
ACH-002355	8	144940504	C[C>T]G	0.29046482192873846	0.0	0.0	0.0	0.0820944686828651	0.0	0.0	0.0	0.0	0.0	0.0	0.0	0.0	0.005177646269620903	0.0	0.0	0.0	0.0	0.0	0.0	0.0	0.0	0.0	0.0	0.0	0.0	0.0	0.0	0.0	0.0	0.0	0.0	0.0	0.0	0.0	0.0	0.0	0.0	0.0	0.0	0.0	0.0	0.0	0.0	0.0	0.0	0.0	0.0	0.0	0.0	0.0	0.0	0.0	0.0	0.0	0.0	0.0	0.0	0.0	0.0	0.0	0.0	0.0	0.0	0.0	0.0	0.0	0.0	0.0	0.0	0.0	0.0	0.0	0.523086723196558	0.0	0.0	0.0	0.0	0.0	0.0	0.09917633992221753	0.0	0.0	0.0	0.0	0.0
ACH-002355	8	145640629	A[C>T]C	0.05037684795572065	0.0	0.0	0.0	0.4516534038256271	0.0	0.0	0.0	0.0	0.0	0.0	0.0	0.0	0.03951540434244354	0.0	0.0	0.0	0.0	0.0	0.0	0.0	0.0	0.0	0.0	0.0	0.0	0.0	0.0	0.0	0.0	0.0	0.0	0.0	0.0	0.0	0.0	0.0	0.0	0.0	0.0	0.0	0.0	0.0	0.0	0.0	0.0	0.0	0.0	0.0	0.0	0.0	0.0	0.0	0.0	0.0	0.0	0.0	0.0	0.0	0.0	0.0	0.0	0.0	0.0	0.0	0.0	0.0	0.0	0.0	0.0	0.0	0.0	0.0	0.0535246379187024	0.0	0.0	0.0	0.0	0.0	0.0	0.4049297059575064	0.0	0.0	0.0	0.0	0.0
ACH-002355	9	5066695	A[C>T]T	0.05784627444571373	0.0	0.0	0.0	0.42050476120776686	0.0	0.0	0.0	0.0	0.0	0.0	0.0	0.0	0.04521434652856959	0.0	0.0	0.0	0.0	0.0	0.0	0.0	0.0	0.0	0.0	0.0	0.0	0.0	0.0	0.0	0.0	0.0	0.0	0.0	0.0	0.0	0.0	0.0	0.0	0.0	0.0	0.0	0.0	0.0	0.0	0.0	0.0	0.0	0.0	0.0	0.0	0.0	0.0	0.0	0.0	0.0	0.0	0.0	0.0	0.0	0.0	0.0	0.0	0.0	0.0	0.0	0.0	0.0	0.0	0.0	0.0	0.0	0.0	0.0	0.12203987070100304	0.0	0.0	0.0	0.0	0.0	0.0	0.35439474711694674	0.0	0.0	0.0	0.0	0.0
ACH-002355	9	32634897	T[C>G]A	4.685112579730325e-15	0.0	0.0	0.0	0.5194953743909131	0.0	0.0	0.0	0.0	0.0	0.0	0.0	0.0	4.4049862670409185e-15	0.0	0.0	0.0	0.0	0.0	0.0	0.0	0.0	0.0	0.0	0.0	0.0	0.0	0.0	0.0	0.0	0.0	0.0	0.0	0.0	0.0	0.0	0.0	0.0	0.0	0.0	0.0	0.0	0.0	0.0	0.0	0.0	0.0	0.0	0.0	0.0	0.0	0.0	0.0	0.0	0.0	0.0	0.0	0.0	0.0	0.0	0.0	0.0	0.0	0.0	0.0	0.0	0.0	0.0	0.0	0.0	0.0	0.0	0.0	0.02537974506544638	0.0	0.0	0.0	0.0	0.0	0.0	0.45512488054363137	0.0	0.0	0.0	0.0	0.0
ACH-002355	9	34655630	C[C>A]G	0.001311736768647033	0.0	0.0	0.0	0.15417798364774996	0.0	0.0	0.0	0.0	0.0	0.0	0.0	0.0	0.0011139128520592295	0.0	0.0	0.0	0.0	0.0	0.0	0.0	0.0	0.0	0.0	0.0	0.0	0.0	0.0	0.0	0.0	0.0	0.0	0.0	0.0	0.0	0.0	0.0	0.0	0.0	0.0	0.0	0.0	0.0	0.0	0.0	0.0	0.0	0.0	0.0	0.0	0.0	0.0	0.0	0.0	0.0	0.0	0.0	0.0	0.0	0.0	0.0	0.0	0.0	0.0	0.0	0.0	0.0	0.0	0.0	0.0	0.0	0.0	0.0	0.5318838428316975	0.0	0.0	0.0	0.0	0.0	0.0	0.3115125238998463	0.0	0.0	0.0	0.0	0.0
ACH-002355	9	39078685	G[T>G]G	0.010912606186923824	0.0	0.0	0.0	0.5260938487657488	0.0	0.0	0.0	0.0	0.0	0.0	0.0	0.0	0.05122575473688043	0.0	0.0	0.0	0.0	0.0	0.0	0.0	0.0	0.0	0.0	0.0	0.0	0.0	0.0	0.0	0.0	0.0	0.0	0.0	0.0	0.0	0.0	0.0	0.0	0.0	0.0	0.0	0.0	0.0	0.0	0.0	0.0	0.0	0.0	0.0	0.0	0.0	0.0	0.0	0.0	0.0	0.0	0.0	0.0	0.0	0.0	0.0	0.0	0.0	0.0	0.0	0.0	0.0	0.0	0.0	0.0	0.0	0.0	0.0	0.19166882447193284	0.0	0.0	0.0	0.0	0.0	0.0	0.2200989658385142	0.0	0.0	0.0	0.0	0.0
ACH-002355	9	71990668	G[C>G]C	0.0038034281280887967	0.0	0.0	0.0	0.37293553939297935	0.0	0.0	0.0	0.0	0.0	0.0	0.0	0.0	0.002978266212947759	0.0	0.0	0.0	0.0	0.0	0.0	0.0	0.0	0.0	0.0	0.0	0.0	0.0	0.0	0.0	0.0	0.0	0.0	0.0	0.0	0.0	0.0	0.0	0.0	0.0	0.0	0.0	0.0	0.0	0.0	0.0	0.0	0.0	0.0	0.0	0.0	0.0	0.0	0.0	0.0	0.0	0.0	0.0	0.0	0.0	0.0	0.0	0.0	0.0	0.0	0.0	0.0	0.0	0.0	0.0	0.0	0.0	0.0	0.0	0.052483647628815265	0.0	0.0	0.0	0.0	0.0	0.0	0.5677991186371688	0.0	0.0	0.0	0.0	0.0
ACH-002355	9	114133959	C[T>C]C	0.027155006933415164	0.0	0.0	0.0	0.3575869061767182	0.0	0.0	0.0	0.0	0.0	0.0	0.0	0.0	0.0012718148222520887	0.0	0.0	0.0	0.0	0.0	0.0	0.0	0.0	0.0	0.0	0.0	0.0	0.0	0.0	0.0	0.0	0.0	0.0	0.0	0.0	0.0	0.0	0.0	0.0	0.0	0.0	0.0	0.0	0.0	0.0	0.0	0.0	0.0	0.0	0.0	0.0	0.0	0.0	0.0	0.0	0.0	0.0	0.0	0.0	0.0	0.0	0.0	0.0	0.0	0.0	0.0	0.0	0.0	0.0	0.0	0.0	0.0	0.0	0.0	0.03762150463494746	0.0	0.0	0.0	0.0	0.0	0.0	0.5763647674326672	0.0	0.0	0.0	0.0	0.0
ACH-002355	9	123954465	A[T>C]T	0.026187248543433704	0.0	0.0	0.0	0.5531145588536281	0.0	0.0	0.0	0.0	0.0	0.0	0.0	0.0	0.0006461936634112006	0.0	0.0	0.0	0.0	0.0	0.0	0.0	0.0	0.0	0.0	0.0	0.0	0.0	0.0	0.0	0.0	0.0	0.0	0.0	0.0	0.0	0.0	0.0	0.0	0.0	0.0	0.0	0.0	0.0	0.0	0.0	0.0	0.0	0.0	0.0	0.0	0.0	0.0	0.0	0.0	0.0	0.0	0.0	0.0	0.0	0.0	0.0	0.0	0.0	0.0	0.0	0.0	0.0	0.0	0.0	0.0	0.0	0.0	0.0	0.04803928057581551	0.0	0.0	0.0	0.0	0.0	0.0	0.3720127183637113	0.0	0.0	0.0	0.0	0.0
ACH-002355	9	126165693	C[C>T]G	0.29046482192873846	0.0	0.0	0.0	0.0820944686828651	0.0	0.0	0.0	0.0	0.0	0.0	0.0	0.0	0.005177646269620903	0.0	0.0	0.0	0.0	0.0	0.0	0.0	0.0	0.0	0.0	0.0	0.0	0.0	0.0	0.0	0.0	0.0	0.0	0.0	0.0	0.0	0.0	0.0	0.0	0.0	0.0	0.0	0.0	0.0	0.0	0.0	0.0	0.0	0.0	0.0	0.0	0.0	0.0	0.0	0.0	0.0	0.0	0.0	0.0	0.0	0.0	0.0	0.0	0.0	0.0	0.0	0.0	0.0	0.0	0.0	0.0	0.0	0.0	0.0	0.523086723196558	0.0	0.0	0.0	0.0	0.0	0.0	0.09917633992221753	0.0	0.0	0.0	0.0	0.0
ACH-002355	10	13655824	T[C>T]G	0.1563550688554526	0.0	0.0	0.0	0.07154096317376872	0.0	0.0	0.0	0.0	0.0	0.0	0.0	0.0	0.5865349766398608	0.0	0.0	0.0	0.0	0.0	0.0	0.0	0.0	0.0	0.0	0.0	0.0	0.0	0.0	0.0	0.0	0.0	0.0	0.0	0.0	0.0	0.0	0.0	0.0	0.0	0.0	0.0	0.0	0.0	0.0	0.0	0.0	0.0	0.0	0.0	0.0	0.0	0.0	0.0	0.0	0.0	0.0	0.0	0.0	0.0	0.0	0.0	0.0	0.0	0.0	0.0	0.0	0.0	0.0	0.0	0.0	0.0	0.0	0.0	0.15987174894856468	0.0	0.0	0.0	0.0	0.0	0.0	0.025697242382353196	0.0	0.0	0.0	0.0	0.0
ACH-002355	10	37454067	A[T>C]T	0.026187248543433704	0.0	0.0	0.0	0.5531145588536281	0.0	0.0	0.0	0.0	0.0	0.0	0.0	0.0	0.0006461936634112006	0.0	0.0	0.0	0.0	0.0	0.0	0.0	0.0	0.0	0.0	0.0	0.0	0.0	0.0	0.0	0.0	0.0	0.0	0.0	0.0	0.0	0.0	0.0	0.0	0.0	0.0	0.0	0.0	0.0	0.0	0.0	0.0	0.0	0.0	0.0	0.0	0.0	0.0	0.0	0.0	0.0	0.0	0.0	0.0	0.0	0.0	0.0	0.0	0.0	0.0	0.0	0.0	0.0	0.0	0.0	0.0	0.0	0.0	0.0	0.04803928057581551	0.0	0.0	0.0	0.0	0.0	0.0	0.3720127183637113	0.0	0.0	0.0	0.0	0.0
ACH-002355	10	95097633	G[C>T]T	0.00031530157417294225	0.0	0.0	0.0	0.4835299339764981	0.0	0.0	0.0	0.0	0.0	0.0	0.0	0.0	0.2473750690065458	0.0	0.0	0.0	0.0	0.0	0.0	0.0	0.0	0.0	0.0	0.0	0.0	0.0	0.0	0.0	0.0	0.0	0.0	0.0	0.0	0.0	0.0	0.0	0.0	0.0	0.0	0.0	0.0	0.0	0.0	0.0	0.0	0.0	0.0	0.0	0.0	0.0	0.0	0.0	0.0	0.0	0.0	0.0	0.0	0.0	0.0	0.0	0.0	0.0	0.0	0.0	0.0	0.0	0.0	0.0	0.0	0.0	0.0	0.0	0.022432999033592464	0.0	0.0	0.0	0.0	0.0	0.0	0.24634669640919066	0.0	0.0	0.0	0.0	0.0
ACH-002355	10	98097968	T[T>C]C	0.052162264851625305	0.0	0.0	0.0	0.4729488903708209	0.0	0.0	0.0	0.0	0.0	0.0	0.0	0.0	0.0011769037133363405	0.0	0.0	0.0	0.0	0.0	0.0	0.0	0.0	0.0	0.0	0.0	0.0	0.0	0.0	0.0	0.0	0.0	0.0	0.0	0.0	0.0	0.0	0.0	0.0	0.0	0.0	0.0	0.0	0.0	0.0	0.0	0.0	0.0	0.0	0.0	0.0	0.0	0.0	0.0	0.0	0.0	0.0	0.0	0.0	0.0	0.0	0.0	0.0	0.0	0.0	0.0	0.0	0.0	0.0	0.0	0.0	0.0	0.0	0.0	0.2080318541767582	0.0	0.0	0.0	0.0	0.0	0.0	0.2656800868874593	0.0	0.0	0.0	0.0	0.0
ACH-002355	10	99968288	A[T>C]T	0.026187248543433704	0.0	0.0	0.0	0.5531145588536281	0.0	0.0	0.0	0.0	0.0	0.0	0.0	0.0	0.0006461936634112006	0.0	0.0	0.0	0.0	0.0	0.0	0.0	0.0	0.0	0.0	0.0	0.0	0.0	0.0	0.0	0.0	0.0	0.0	0.0	0.0	0.0	0.0	0.0	0.0	0.0	0.0	0.0	0.0	0.0	0.0	0.0	0.0	0.0	0.0	0.0	0.0	0.0	0.0	0.0	0.0	0.0	0.0	0.0	0.0	0.0	0.0	0.0	0.0	0.0	0.0	0.0	0.0	0.0	0.0	0.0	0.0	0.0	0.0	0.0	0.04803928057581551	0.0	0.0	0.0	0.0	0.0	0.0	0.3720127183637113	0.0	0.0	0.0	0.0	0.0
ACH-002355	10	103906902	T[T>G]C	0.0015664256044322002	0.0	0.0	0.0	0.5904423456713919	0.0	0.0	0.0	0.0	0.0	0.0	0.0	0.0	0.1490120777352557	0.0	0.0	0.0	0.0	0.0	0.0	0.0	0.0	0.0	0.0	0.0	0.0	0.0	0.0	0.0	0.0	0.0	0.0	0.0	0.0	0.0	0.0	0.0	0.0	0.0	0.0	0.0	0.0	0.0	0.0	0.0	0.0	0.0	0.0	0.0	0.0	0.0	0.0	0.0	0.0	0.0	0.0	0.0	0.0	0.0	0.0	0.0	0.0	0.0	0.0	0.0	0.0	0.0	0.0	0.0	0.0	0.0	0.0	0.0	0.13410126324628197	0.0	0.0	0.0	0.0	0.0	0.0	0.12487788774263815	0.0	0.0	0.0	0.0	0.0
ACH-002355	10	105238577	A[C>T]C	0.05037684795572065	0.0	0.0	0.0	0.4516534038256271	0.0	0.0	0.0	0.0	0.0	0.0	0.0	0.0	0.03951540434244354	0.0	0.0	0.0	0.0	0.0	0.0	0.0	0.0	0.0	0.0	0.0	0.0	0.0	0.0	0.0	0.0	0.0	0.0	0.0	0.0	0.0	0.0	0.0	0.0	0.0	0.0	0.0	0.0	0.0	0.0	0.0	0.0	0.0	0.0	0.0	0.0	0.0	0.0	0.0	0.0	0.0	0.0	0.0	0.0	0.0	0.0	0.0	0.0	0.0	0.0	0.0	0.0	0.0	0.0	0.0	0.0	0.0	0.0	0.0	0.0535246379187024	0.0	0.0	0.0	0.0	0.0	0.0	0.4049297059575064	0.0	0.0	0.0	0.0	0.0
ACH-002355	11	1082657	G[C>T]G	0.6014244446211667	0.0	0.0	0.0	0.1074157696126407	0.0	0.0	0.0	0.0	0.0	0.0	0.0	0.0	0.03282376124782076	0.0	0.0	0.0	0.0	0.0	0.0	0.0	0.0	0.0	0.0	0.0	0.0	0.0	0.0	0.0	0.0	0.0	0.0	0.0	0.0	0.0	0.0	0.0	0.0	0.0	0.0	0.0	0.0	0.0	0.0	0.0	0.0	0.0	0.0	0.0	0.0	0.0	0.0	0.0	0.0	0.0	0.0	0.0	0.0	0.0	0.0	0.0	0.0	0.0	0.0	0.0	0.0	0.0	0.0	0.0	0.0	0.0	0.0	0.0	0.09226681846612746	0.0	0.0	0.0	0.0	0.0	0.0	0.1660692060522444	0.0	0.0	0.0	0.0	0.0
ACH-002355	11	1501995	G[C>T]A	0.04954061763395135	0.0	0.0	0.0	0.6852018288797415	0.0	0.0	0.0	0.0	0.0	0.0	0.0	0.0	0.003824532338067439	0.0	0.0	0.0	0.0	0.0	0.0	0.0	0.0	0.0	0.0	0.0	0.0	0.0	0.0	0.0	0.0	0.0	0.0	0.0	0.0	0.0	0.0	0.0	0.0	0.0	0.0	0.0	0.0	0.0	0.0	0.0	0.0	0.0	0.0	0.0	0.0	0.0	0.0	0.0	0.0	0.0	0.0	0.0	0.0	0.0	0.0	0.0	0.0	0.0	0.0	0.0	0.0	0.0	0.0	0.0	0.0	0.0	0.0	0.0	0.03965114811618958	0.0	0.0	0.0	0.0	0.0	0.0	0.22178187303205005	0.0	0.0	0.0	0.0	0.0
ACH-002355	11	4903614	C[T>G]T	0.0038880192806473755	0.0	0.0	0.0	0.525405309566495	0.0	0.0	0.0	0.0	0.0	0.0	0.0	0.0	0.11228665835442478	0.0	0.0	0.0	0.0	0.0	0.0	0.0	0.0	0.0	0.0	0.0	0.0	0.0	0.0	0.0	0.0	0.0	0.0	0.0	0.0	0.0	0.0	0.0	0.0	0.0	0.0	0.0	0.0	0.0	0.0	0.0	0.0	0.0	0.0	0.0	0.0	0.0	0.0	0.0	0.0	0.0	0.0	0.0	0.0	0.0	0.0	0.0	0.0	0.0	0.0	0.0	0.0	0.0	0.0	0.0	0.0	0.0	0.0	0.0	0.13234908613707844	0.0	0.0	0.0	0.0	0.0	0.0	0.22607092666135448	0.0	0.0	0.0	0.0	0.0
ACH-002355	11	18568429	C[C>T]A	0.015632813058824767	0.0	0.0	0.0	0.4800066937724854	0.0	0.0	0.0	0.0	0.0	0.0	0.0	0.0	0.001114493833076828	0.0	0.0	0.0	0.0	0.0	0.0	0.0	0.0	0.0	0.0	0.0	0.0	0.0	0.0	0.0	0.0	0.0	0.0	0.0	0.0	0.0	0.0	0.0	0.0	0.0	0.0	0.0	0.0	0.0	0.0	0.0	0.0	0.0	0.0	0.0	0.0	0.0	0.0	0.0	0.0	0.0	0.0	0.0	0.0	0.0	0.0	0.0	0.0	0.0	0.0	0.0	0.0	0.0	0.0	0.0	0.0	0.0	0.0	0.0	0.12374963158099239	0.0	0.0	0.0	0.0	0.0	0.0	0.3794963677546208	0.0	0.0	0.0	0.0	0.0
ACH-002355	11	20429522	T[C>T]T	8.778961602135289e-16	0.0	0.0	0.0	0.2617418000684903	0.0	0.0	0.0	0.0	0.0	0.0	0.0	0.0	0.4759031565888253	0.0	0.0	0.0	0.0	0.0	0.0	0.0	0.0	0.0	0.0	0.0	0.0	0.0	0.0	0.0	0.0	0.0	0.0	0.0	0.0	0.0	0.0	0.0	0.0	0.0	0.0	0.0	0.0	0.0	0.0	0.0	0.0	0.0	0.0	0.0	0.0	0.0	0.0	0.0	0.0	0.0	0.0	0.0	0.0	0.0	0.0	0.0	0.0	0.0	0.0	0.0	0.0	0.0	0.0	0.0	0.0	0.0	0.0	0.0	0.08140988601118707	0.0	0.0	0.0	0.0	0.0	0.0	0.1809451573314964	0.0	0.0	0.0	0.0	0.0
ACH-002355	11	33112252	C[T>G]A	0.0010937704597873642	0.0	0.0	0.0	0.25264638233460546	0.0	0.0	0.0	0.0	0.0	0.0	0.0	0.0	0.006605327733999983	0.0	0.0	0.0	0.0	0.0	0.0	0.0	0.0	0.0	0.0	0.0	0.0	0.0	0.0	0.0	0.0	0.0	0.0	0.0	0.0	0.0	0.0	0.0	0.0	0.0	0.0	0.0	0.0	0.0	0.0	0.0	0.0	0.0	0.0	0.0	0.0	0.0	0.0	0.0	0.0	0.0	0.0	0.0	0.0	0.0	0.0	0.0	0.0	0.0	0.0	0.0	0.0	0.0	0.0	0.0	0.0	0.0	0.0	0.0	0.49557222290186814	0.0	0.0	0.0	0.0	0.0	0.0	0.24408229656973918	0.0	0.0	0.0	0.0	0.0
ACH-002355	11	64055872	A[C>T]G	0.5237153204772383	0.0	0.0	0.0	0.028069148704286864	0.0	0.0	0.0	0.0	0.0	0.0	0.0	0.0	0.0005609133111684596	0.0	0.0	0.0	0.0	0.0	0.0	0.0	0.0	0.0	0.0	0.0	0.0	0.0	0.0	0.0	0.0	0.0	0.0	0.0	0.0	0.0	0.0	0.0	0.0	0.0	0.0	0.0	0.0	0.0	0.0	0.0	0.0	0.0	0.0	0.0	0.0	0.0	0.0	0.0	0.0	0.0	0.0	0.0	0.0	0.0	0.0	0.0	0.0	0.0	0.0	0.0	0.0	0.0	0.0	0.0	0.0	0.0	0.0	0.0	0.3298308548999561	0.0	0.0	0.0	0.0	0.0	0.0	0.11782376260735014	0.0	0.0	0.0	0.0	0.0
ACH-002355	11	64673086	A[C>A]C	0.0168958969850242	0.0	0.0	0.0	0.22144034309821387	0.0	0.0	0.0	0.0	0.0	0.0	0.0	0.0	0.04576329890748223	0.0	0.0	0.0	0.0	0.0	0.0	0.0	0.0	0.0	0.0	0.0	0.0	0.0	0.0	0.0	0.0	0.0	0.0	0.0	0.0	0.0	0.0	0.0	0.0	0.0	0.0	0.0	0.0	0.0	0.0	0.0	0.0	0.0	0.0	0.0	0.0	0.0	0.0	0.0	0.0	0.0	0.0	0.0	0.0	0.0	0.0	0.0	0.0	0.0	0.0	0.0	0.0	0.0	0.0	0.0	0.0	0.0	0.0	0.0	0.0639935963936742	0.0	0.0	0.0	0.0	0.0	0.0	0.6519068646156055	0.0	0.0	0.0	0.0	0.0
ACH-002355	11	64875876	T[C>T]G	0.1563550688554526	0.0	0.0	0.0	0.07154096317376872	0.0	0.0	0.0	0.0	0.0	0.0	0.0	0.0	0.5865349766398608	0.0	0.0	0.0	0.0	0.0	0.0	0.0	0.0	0.0	0.0	0.0	0.0	0.0	0.0	0.0	0.0	0.0	0.0	0.0	0.0	0.0	0.0	0.0	0.0	0.0	0.0	0.0	0.0	0.0	0.0	0.0	0.0	0.0	0.0	0.0	0.0	0.0	0.0	0.0	0.0	0.0	0.0	0.0	0.0	0.0	0.0	0.0	0.0	0.0	0.0	0.0	0.0	0.0	0.0	0.0	0.0	0.0	0.0	0.0	0.15987174894856468	0.0	0.0	0.0	0.0	0.0	0.0	0.025697242382353196	0.0	0.0	0.0	0.0	0.0
ACH-002355	11	65315252	C[C>A]C	0.005853696909941299	0.0	0.0	0.0	0.0635600028465566	0.0	0.0	0.0	0.0	0.0	0.0	0.0	0.0	0.00981968246464503	0.0	0.0	0.0	0.0	0.0	0.0	0.0	0.0	0.0	0.0	0.0	0.0	0.0	0.0	0.0	0.0	0.0	0.0	0.0	0.0	0.0	0.0	0.0	0.0	0.0	0.0	0.0	0.0	0.0	0.0	0.0	0.0	0.0	0.0	0.0	0.0	0.0	0.0	0.0	0.0	0.0	0.0	0.0	0.0	0.0	0.0	0.0	0.0	0.0	0.0	0.0	0.0	0.0	0.0	0.0	0.0	0.0	0.0	0.0	0.03730523602373022	0.0	0.0	0.0	0.0	0.0	0.0	0.8834613817551268	0.0	0.0	0.0	0.0	0.0
ACH-002355	11	66392856	C[C>T]T	0.0011131766599434567	0.0	0.0	0.0	0.41529619927762046	0.0	0.0	0.0	0.0	0.0	0.0	0.0	0.0	0.003190935440469053	0.0	0.0	0.0	0.0	0.0	0.0	0.0	0.0	0.0	0.0	0.0	0.0	0.0	0.0	0.0	0.0	0.0	0.0	0.0	0.0	0.0	0.0	0.0	0.0	0.0	0.0	0.0	0.0	0.0	0.0	0.0	0.0	0.0	0.0	0.0	0.0	0.0	0.0	0.0	0.0	0.0	0.0	0.0	0.0	0.0	0.0	0.0	0.0	0.0	0.0	0.0	0.0	0.0	0.0	0.0	0.0	0.0	0.0	0.0	0.07467492125790885	0.0	0.0	0.0	0.0	0.0	0.0	0.5057247673640582	0.0	0.0	0.0	0.0	0.0
ACH-002355	11	68705790	C[C>T]G	0.29046482192873846	0.0	0.0	0.0	0.0820944686828651	0.0	0.0	0.0	0.0	0.0	0.0	0.0	0.0	0.005177646269620903	0.0	0.0	0.0	0.0	0.0	0.0	0.0	0.0	0.0	0.0	0.0	0.0	0.0	0.0	0.0	0.0	0.0	0.0	0.0	0.0	0.0	0.0	0.0	0.0	0.0	0.0	0.0	0.0	0.0	0.0	0.0	0.0	0.0	0.0	0.0	0.0	0.0	0.0	0.0	0.0	0.0	0.0	0.0	0.0	0.0	0.0	0.0	0.0	0.0	0.0	0.0	0.0	0.0	0.0	0.0	0.0	0.0	0.0	0.0	0.523086723196558	0.0	0.0	0.0	0.0	0.0	0.0	0.09917633992221753	0.0	0.0	0.0	0.0	0.0
ACH-002355	11	78369111	C[C>T]G	0.29046482192873846	0.0	0.0	0.0	0.0820944686828651	0.0	0.0	0.0	0.0	0.0	0.0	0.0	0.0	0.005177646269620903	0.0	0.0	0.0	0.0	0.0	0.0	0.0	0.0	0.0	0.0	0.0	0.0	0.0	0.0	0.0	0.0	0.0	0.0	0.0	0.0	0.0	0.0	0.0	0.0	0.0	0.0	0.0	0.0	0.0	0.0	0.0	0.0	0.0	0.0	0.0	0.0	0.0	0.0	0.0	0.0	0.0	0.0	0.0	0.0	0.0	0.0	0.0	0.0	0.0	0.0	0.0	0.0	0.0	0.0	0.0	0.0	0.0	0.0	0.0	0.523086723196558	0.0	0.0	0.0	0.0	0.0	0.0	0.09917633992221753	0.0	0.0	0.0	0.0	0.0
ACH-002355	11	86120399	T[C>G]C	0.0041734338286410575	0.0	0.0	0.0	0.4945948141272135	0.0	0.0	0.0	0.0	0.0	0.0	0.0	0.0	4.3097281241015145e-15	0.0	0.0	0.0	0.0	0.0	0.0	0.0	0.0	0.0	0.0	0.0	0.0	0.0	0.0	0.0	0.0	0.0	0.0	0.0	0.0	0.0	0.0	0.0	0.0	0.0	0.0	0.0	0.0	0.0	0.0	0.0	0.0	0.0	0.0	0.0	0.0	0.0	0.0	0.0	0.0	0.0	0.0	0.0	0.0	0.0	0.0	0.0	0.0	0.0	0.0	0.0	0.0	0.0	0.0	0.0	0.0	0.0	0.0	0.0	0.11031292702950776	0.0	0.0	0.0	0.0	0.0	0.0	0.39091882501463326	0.0	0.0	0.0	0.0	0.0
ACH-002355	12	2939951	G[C>T]A	0.04954061763395135	0.0	0.0	0.0	0.6852018288797415	0.0	0.0	0.0	0.0	0.0	0.0	0.0	0.0	0.003824532338067439	0.0	0.0	0.0	0.0	0.0	0.0	0.0	0.0	0.0	0.0	0.0	0.0	0.0	0.0	0.0	0.0	0.0	0.0	0.0	0.0	0.0	0.0	0.0	0.0	0.0	0.0	0.0	0.0	0.0	0.0	0.0	0.0	0.0	0.0	0.0	0.0	0.0	0.0	0.0	0.0	0.0	0.0	0.0	0.0	0.0	0.0	0.0	0.0	0.0	0.0	0.0	0.0	0.0	0.0	0.0	0.0	0.0	0.0	0.0	0.03965114811618958	0.0	0.0	0.0	0.0	0.0	0.0	0.22178187303205005	0.0	0.0	0.0	0.0	0.0
ACH-002355	12	6436662	C[C>A]C	0.005853696909941299	0.0	0.0	0.0	0.0635600028465566	0.0	0.0	0.0	0.0	0.0	0.0	0.0	0.0	0.00981968246464503	0.0	0.0	0.0	0.0	0.0	0.0	0.0	0.0	0.0	0.0	0.0	0.0	0.0	0.0	0.0	0.0	0.0	0.0	0.0	0.0	0.0	0.0	0.0	0.0	0.0	0.0	0.0	0.0	0.0	0.0	0.0	0.0	0.0	0.0	0.0	0.0	0.0	0.0	0.0	0.0	0.0	0.0	0.0	0.0	0.0	0.0	0.0	0.0	0.0	0.0	0.0	0.0	0.0	0.0	0.0	0.0	0.0	0.0	0.0	0.03730523602373022	0.0	0.0	0.0	0.0	0.0	0.0	0.8834613817551268	0.0	0.0	0.0	0.0	0.0
ACH-002355	12	7027322	G[T>C]G	0.019241605202812047	0.0	0.0	0.0	0.7808812730864044	0.0	0.0	0.0	0.0	0.0	0.0	0.0	0.0	0.02143027578665455	0.0	0.0	0.0	0.0	0.0	0.0	0.0	0.0	0.0	0.0	0.0	0.0	0.0	0.0	0.0	0.0	0.0	0.0	0.0	0.0	0.0	0.0	0.0	0.0	0.0	0.0	0.0	0.0	0.0	0.0	0.0	0.0	0.0	0.0	0.0	0.0	0.0	0.0	0.0	0.0	0.0	0.0	0.0	0.0	0.0	0.0	0.0	0.0	0.0	0.0	0.0	0.0	0.0	0.0	0.0	0.0	0.0	0.0	0.0	0.12304806391609839	0.0	0.0	0.0	0.0	0.0	0.0	0.05539878200803057	0.0	0.0	0.0	0.0	0.0
ACH-002355	12	10282627	A[C>T]A	0.14427321980946473	0.0	0.0	0.0	0.595527294029513	0.0	0.0	0.0	0.0	0.0	0.0	0.0	0.0	0.0029916515392957605	0.0	0.0	0.0	0.0	0.0	0.0	0.0	0.0	0.0	0.0	0.0	0.0	0.0	0.0	0.0	0.0	0.0	0.0	0.0	0.0	0.0	0.0	0.0	0.0	0.0	0.0	0.0	0.0	0.0	0.0	0.0	0.0	0.0	0.0	0.0	0.0	0.0	0.0	0.0	0.0	0.0	0.0	0.0	0.0	0.0	0.0	0.0	0.0	0.0	0.0	0.0	0.0	0.0	0.0	0.0	0.0	0.0	0.0	0.0	0.10272084966188201	0.0	0.0	0.0	0.0	0.0	0.0	0.15448698495984461	0.0	0.0	0.0	0.0	0.0
ACH-002355	12	14578189	A[T>A]C	0.048759371974247075	0.0	0.0	0.0	0.47965043565862614	0.0	0.0	0.0	0.0	0.0	0.0	0.0	0.0	0.006957865018236017	0.0	0.0	0.0	0.0	0.0	0.0	0.0	0.0	0.0	0.0	0.0	0.0	0.0	0.0	0.0	0.0	0.0	0.0	0.0	0.0	0.0	0.0	0.0	0.0	0.0	0.0	0.0	0.0	0.0	0.0	0.0	0.0	0.0	0.0	0.0	0.0	0.0	0.0	0.0	0.0	0.0	0.0	0.0	0.0	0.0	0.0	0.0	0.0	0.0	0.0	0.0	0.0	0.0	0.0	0.0	0.0	0.0	0.0	0.0	0.028679465034528038	0.0	0.0	0.0	0.0	0.0	0.0	0.43595286231436275	0.0	0.0	0.0	0.0	0.0
ACH-002355	12	49315000	T[T>A]T	0.021865980048792553	0.0	0.0	0.0	0.26917390644023126	0.0	0.0	0.0	0.0	0.0	0.0	0.0	0.0	0.013948368916552186	0.0	0.0	0.0	0.0	0.0	0.0	0.0	0.0	0.0	0.0	0.0	0.0	0.0	0.0	0.0	0.0	0.0	0.0	0.0	0.0	0.0	0.0	0.0	0.0	0.0	0.0	0.0	0.0	0.0	0.0	0.0	0.0	0.0	0.0	0.0	0.0	0.0	0.0	0.0	0.0	0.0	0.0	0.0	0.0	0.0	0.0	0.0	0.0	0.0	0.0	0.0	0.0	0.0	0.0	0.0	0.0	0.0	0.0	0.0	0.09655287960359867	0.0	0.0	0.0	0.0	0.0	0.0	0.5984588649908253	0.0	0.0	0.0	0.0	0.0
ACH-002355	12	102302023	T[C>T]G	0.1563550688554526	0.0	0.0	0.0	0.07154096317376872	0.0	0.0	0.0	0.0	0.0	0.0	0.0	0.0	0.5865349766398608	0.0	0.0	0.0	0.0	0.0	0.0	0.0	0.0	0.0	0.0	0.0	0.0	0.0	0.0	0.0	0.0	0.0	0.0	0.0	0.0	0.0	0.0	0.0	0.0	0.0	0.0	0.0	0.0	0.0	0.0	0.0	0.0	0.0	0.0	0.0	0.0	0.0	0.0	0.0	0.0	0.0	0.0	0.0	0.0	0.0	0.0	0.0	0.0	0.0	0.0	0.0	0.0	0.0	0.0	0.0	0.0	0.0	0.0	0.0	0.15987174894856468	0.0	0.0	0.0	0.0	0.0	0.0	0.025697242382353196	0.0	0.0	0.0	0.0	0.0
ACH-002355	12	107279760	C[T>C]G	0.003877383631867512	0.0	0.0	0.0	0.7091496773638699	0.0	0.0	0.0	0.0	0.0	0.0	0.0	0.0	0.0002573096110176427	0.0	0.0	0.0	0.0	0.0	0.0	0.0	0.0	0.0	0.0	0.0	0.0	0.0	0.0	0.0	0.0	0.0	0.0	0.0	0.0	0.0	0.0	0.0	0.0	0.0	0.0	0.0	0.0	0.0	0.0	0.0	0.0	0.0	0.0	0.0	0.0	0.0	0.0	0.0	0.0	0.0	0.0	0.0	0.0	0.0	0.0	0.0	0.0	0.0	0.0	0.0	0.0	0.0	0.0	0.0	0.0	0.0	0.0	0.0	0.017006741440616282	0.0	0.0	0.0	0.0	0.0	0.0	0.26970888795262865	0.0	0.0	0.0	0.0	0.0
ACH-002355	12	133195486	A[C>G]G	0.0017577972831312072	0.0	0.0	0.0	0.0832222312781622	0.0	0.0	0.0	0.0	0.0	0.0	0.0	0.0	3.2042383674999397e-15	0.0	0.0	0.0	0.0	0.0	0.0	0.0	0.0	0.0	0.0	0.0	0.0	0.0	0.0	0.0	0.0	0.0	0.0	0.0	0.0	0.0	0.0	0.0	0.0	0.0	0.0	0.0	0.0	0.0	0.0	0.0	0.0	0.0	0.0	0.0	0.0	0.0	0.0	0.0	0.0	0.0	0.0	0.0	0.0	0.0	0.0	0.0	0.0	0.0	0.0	0.0	0.0	0.0	0.0	0.0	0.0	0.0	0.0	0.0	0.8851155398262536	0.0	0.0	0.0	0.0	0.0	0.0	0.029904431612449846	0.0	0.0	0.0	0.0	0.0
ACH-002355	13	30091330	A[C>T]G	0.5237153204772383	0.0	0.0	0.0	0.028069148704286864	0.0	0.0	0.0	0.0	0.0	0.0	0.0	0.0	0.0005609133111684596	0.0	0.0	0.0	0.0	0.0	0.0	0.0	0.0	0.0	0.0	0.0	0.0	0.0	0.0	0.0	0.0	0.0	0.0	0.0	0.0	0.0	0.0	0.0	0.0	0.0	0.0	0.0	0.0	0.0	0.0	0.0	0.0	0.0	0.0	0.0	0.0	0.0	0.0	0.0	0.0	0.0	0.0	0.0	0.0	0.0	0.0	0.0	0.0	0.0	0.0	0.0	0.0	0.0	0.0	0.0	0.0	0.0	0.0	0.0	0.3298308548999561	0.0	0.0	0.0	0.0	0.0	0.0	0.11782376260735014	0.0	0.0	0.0	0.0	0.0
ACH-002355	13	32351544	T[T>A]C	6.256483473884634e-15	0.0	0.0	0.0	0.3677403311343454	0.0	0.0	0.0	0.0	0.0	0.0	0.0	0.0	0.017620475443521244	0.0	0.0	0.0	0.0	0.0	0.0	0.0	0.0	0.0	0.0	0.0	0.0	0.0	0.0	0.0	0.0	0.0	0.0	0.0	0.0	0.0	0.0	0.0	0.0	0.0	0.0	0.0	0.0	0.0	0.0	0.0	0.0	0.0	0.0	0.0	0.0	0.0	0.0	0.0	0.0	0.0	0.0	0.0	0.0	0.0	0.0	0.0	0.0	0.0	0.0	0.0	0.0	0.0	0.0	0.0	0.0	0.0	0.0	0.0	0.19727674352447871	0.0	0.0	0.0	0.0	0.0	0.0	0.41736244989764826	0.0	0.0	0.0	0.0	0.0
ACH-002355	13	76055624	A[C>T]G	0.5237153204772383	0.0	0.0	0.0	0.028069148704286864	0.0	0.0	0.0	0.0	0.0	0.0	0.0	0.0	0.0005609133111684596	0.0	0.0	0.0	0.0	0.0	0.0	0.0	0.0	0.0	0.0	0.0	0.0	0.0	0.0	0.0	0.0	0.0	0.0	0.0	0.0	0.0	0.0	0.0	0.0	0.0	0.0	0.0	0.0	0.0	0.0	0.0	0.0	0.0	0.0	0.0	0.0	0.0	0.0	0.0	0.0	0.0	0.0	0.0	0.0	0.0	0.0	0.0	0.0	0.0	0.0	0.0	0.0	0.0	0.0	0.0	0.0	0.0	0.0	0.0	0.3298308548999561	0.0	0.0	0.0	0.0	0.0	0.0	0.11782376260735014	0.0	0.0	0.0	0.0	0.0
ACH-002355	13	111558385	A[C>T]G	0.5237153204772383	0.0	0.0	0.0	0.028069148704286864	0.0	0.0	0.0	0.0	0.0	0.0	0.0	0.0	0.0005609133111684596	0.0	0.0	0.0	0.0	0.0	0.0	0.0	0.0	0.0	0.0	0.0	0.0	0.0	0.0	0.0	0.0	0.0	0.0	0.0	0.0	0.0	0.0	0.0	0.0	0.0	0.0	0.0	0.0	0.0	0.0	0.0	0.0	0.0	0.0	0.0	0.0	0.0	0.0	0.0	0.0	0.0	0.0	0.0	0.0	0.0	0.0	0.0	0.0	0.0	0.0	0.0	0.0	0.0	0.0	0.0	0.0	0.0	0.0	0.0	0.3298308548999561	0.0	0.0	0.0	0.0	0.0	0.0	0.11782376260735014	0.0	0.0	0.0	0.0	0.0
ACH-002355	14	21827744	G[C>T]G	0.6014244446211667	0.0	0.0	0.0	0.1074157696126407	0.0	0.0	0.0	0.0	0.0	0.0	0.0	0.0	0.03282376124782076	0.0	0.0	0.0	0.0	0.0	0.0	0.0	0.0	0.0	0.0	0.0	0.0	0.0	0.0	0.0	0.0	0.0	0.0	0.0	0.0	0.0	0.0	0.0	0.0	0.0	0.0	0.0	0.0	0.0	0.0	0.0	0.0	0.0	0.0	0.0	0.0	0.0	0.0	0.0	0.0	0.0	0.0	0.0	0.0	0.0	0.0	0.0	0.0	0.0	0.0	0.0	0.0	0.0	0.0	0.0	0.0	0.0	0.0	0.0	0.09226681846612746	0.0	0.0	0.0	0.0	0.0	0.0	0.1660692060522444	0.0	0.0	0.0	0.0	0.0
ACH-002355	14	24001914	C[C>A]A	0.0009611409898203757	0.0	0.0	0.0	0.07245364688822796	0.0	0.0	0.0	0.0	0.0	0.0	0.0	0.0	0.0015155290237407009	0.0	0.0	0.0	0.0	0.0	0.0	0.0	0.0	0.0	0.0	0.0	0.0	0.0	0.0	0.0	0.0	0.0	0.0	0.0	0.0	0.0	0.0	0.0	0.0	0.0	0.0	0.0	0.0	0.0	0.0	0.0	0.0	0.0	0.0	0.0	0.0	0.0	0.0	0.0	0.0	0.0	0.0	0.0	0.0	0.0	0.0	0.0	0.0	0.0	0.0	0.0	0.0	0.0	0.0	0.0	0.0	0.0	0.0	0.0	0.04978596605453799	0.0	0.0	0.0	0.0	0.0	0.0	0.8752837170436729	0.0	0.0	0.0	0.0	0.0
ACH-002355	14	75580930	T[T>C]T	0.032084061620213725	0.0	0.0	0.0	0.433921887759056	0.0	0.0	0.0	0.0	0.0	0.0	0.0	0.0	0.00017562019705642218	0.0	0.0	0.0	0.0	0.0	0.0	0.0	0.0	0.0	0.0	0.0	0.0	0.0	0.0	0.0	0.0	0.0	0.0	0.0	0.0	0.0	0.0	0.0	0.0	0.0	0.0	0.0	0.0	0.0	0.0	0.0	0.0	0.0	0.0	0.0	0.0	0.0	0.0	0.0	0.0	0.0	0.0	0.0	0.0	0.0	0.0	0.0	0.0	0.0	0.0	0.0	0.0	0.0	0.0	0.0	0.0	0.0	0.0	0.0	0.09218680572439872	0.0	0.0	0.0	0.0	0.0	0.0	0.441631624699275	0.0	0.0	0.0	0.0	0.0
ACH-002355	14	76662281	C[T>C]G	0.003877383631867512	0.0	0.0	0.0	0.7091496773638699	0.0	0.0	0.0	0.0	0.0	0.0	0.0	0.0	0.0002573096110176427	0.0	0.0	0.0	0.0	0.0	0.0	0.0	0.0	0.0	0.0	0.0	0.0	0.0	0.0	0.0	0.0	0.0	0.0	0.0	0.0	0.0	0.0	0.0	0.0	0.0	0.0	0.0	0.0	0.0	0.0	0.0	0.0	0.0	0.0	0.0	0.0	0.0	0.0	0.0	0.0	0.0	0.0	0.0	0.0	0.0	0.0	0.0	0.0	0.0	0.0	0.0	0.0	0.0	0.0	0.0	0.0	0.0	0.0	0.0	0.017006741440616282	0.0	0.0	0.0	0.0	0.0	0.0	0.26970888795262865	0.0	0.0	0.0	0.0	0.0
ACH-002355	14	88477569	T[C>T]C	0.0001860027738199713	0.0	0.0	0.0	0.36312314142514873	0.0	0.0	0.0	0.0	0.0	0.0	0.0	0.0	0.22841396607462164	0.0	0.0	0.0	0.0	0.0	0.0	0.0	0.0	0.0	0.0	0.0	0.0	0.0	0.0	0.0	0.0	0.0	0.0	0.0	0.0	0.0	0.0	0.0	0.0	0.0	0.0	0.0	0.0	0.0	0.0	0.0	0.0	0.0	0.0	0.0	0.0	0.0	0.0	0.0	0.0	0.0	0.0	0.0	0.0	0.0	0.0	0.0	0.0	0.0	0.0	0.0	0.0	0.0	0.0	0.0	0.0	0.0	0.0	0.0	0.05816646495768454	0.0	0.0	0.0	0.0	0.0	0.0	0.3501104247687251	0.0	0.0	0.0	0.0	0.0
ACH-002355	14	88946379	T[C>A]C	0.02195877318144107	0.0	0.0	0.0	0.25193894285113017	0.0	0.0	0.0	0.0	0.0	0.0	0.0	0.0	0.031143286399336348	0.0	0.0	0.0	0.0	0.0	0.0	0.0	0.0	0.0	0.0	0.0	0.0	0.0	0.0	0.0	0.0	0.0	0.0	0.0	0.0	0.0	0.0	0.0	0.0	0.0	0.0	0.0	0.0	0.0	0.0	0.0	0.0	0.0	0.0	0.0	0.0	0.0	0.0	0.0	0.0	0.0	0.0	0.0	0.0	0.0	0.0	0.0	0.0	0.0	0.0	0.0	0.0	0.0	0.0	0.0	0.0	0.0	0.0	0.0	0.06849941726410363	0.0	0.0	0.0	0.0	0.0	0.0	0.6264595803039887	0.0	0.0	0.0	0.0	0.0
ACH-002355	14	99641629	A[C>T]C	0.05037684795572065	0.0	0.0	0.0	0.4516534038256271	0.0	0.0	0.0	0.0	0.0	0.0	0.0	0.0	0.03951540434244354	0.0	0.0	0.0	0.0	0.0	0.0	0.0	0.0	0.0	0.0	0.0	0.0	0.0	0.0	0.0	0.0	0.0	0.0	0.0	0.0	0.0	0.0	0.0	0.0	0.0	0.0	0.0	0.0	0.0	0.0	0.0	0.0	0.0	0.0	0.0	0.0	0.0	0.0	0.0	0.0	0.0	0.0	0.0	0.0	0.0	0.0	0.0	0.0	0.0	0.0	0.0	0.0	0.0	0.0	0.0	0.0	0.0	0.0	0.0	0.0535246379187024	0.0	0.0	0.0	0.0	0.0	0.0	0.4049297059575064	0.0	0.0	0.0	0.0	0.0
ACH-002355	14	101348151	G[C>T]T	0.00031530157417294225	0.0	0.0	0.0	0.4835299339764981	0.0	0.0	0.0	0.0	0.0	0.0	0.0	0.0	0.2473750690065458	0.0	0.0	0.0	0.0	0.0	0.0	0.0	0.0	0.0	0.0	0.0	0.0	0.0	0.0	0.0	0.0	0.0	0.0	0.0	0.0	0.0	0.0	0.0	0.0	0.0	0.0	0.0	0.0	0.0	0.0	0.0	0.0	0.0	0.0	0.0	0.0	0.0	0.0	0.0	0.0	0.0	0.0	0.0	0.0	0.0	0.0	0.0	0.0	0.0	0.0	0.0	0.0	0.0	0.0	0.0	0.0	0.0	0.0	0.0	0.022432999033592464	0.0	0.0	0.0	0.0	0.0	0.0	0.24634669640919066	0.0	0.0	0.0	0.0	0.0
ACH-002355	15	42144423	G[T>C]G	0.019241605202812047	0.0	0.0	0.0	0.7808812730864044	0.0	0.0	0.0	0.0	0.0	0.0	0.0	0.0	0.02143027578665455	0.0	0.0	0.0	0.0	0.0	0.0	0.0	0.0	0.0	0.0	0.0	0.0	0.0	0.0	0.0	0.0	0.0	0.0	0.0	0.0	0.0	0.0	0.0	0.0	0.0	0.0	0.0	0.0	0.0	0.0	0.0	0.0	0.0	0.0	0.0	0.0	0.0	0.0	0.0	0.0	0.0	0.0	0.0	0.0	0.0	0.0	0.0	0.0	0.0	0.0	0.0	0.0	0.0	0.0	0.0	0.0	0.0	0.0	0.0	0.12304806391609839	0.0	0.0	0.0	0.0	0.0	0.0	0.05539878200803057	0.0	0.0	0.0	0.0	0.0
ACH-002355	15	49254707	C[C>A]C	0.005853696909941299	0.0	0.0	0.0	0.0635600028465566	0.0	0.0	0.0	0.0	0.0	0.0	0.0	0.0	0.00981968246464503	0.0	0.0	0.0	0.0	0.0	0.0	0.0	0.0	0.0	0.0	0.0	0.0	0.0	0.0	0.0	0.0	0.0	0.0	0.0	0.0	0.0	0.0	0.0	0.0	0.0	0.0	0.0	0.0	0.0	0.0	0.0	0.0	0.0	0.0	0.0	0.0	0.0	0.0	0.0	0.0	0.0	0.0	0.0	0.0	0.0	0.0	0.0	0.0	0.0	0.0	0.0	0.0	0.0	0.0	0.0	0.0	0.0	0.0	0.0	0.03730523602373022	0.0	0.0	0.0	0.0	0.0	0.0	0.8834613817551268	0.0	0.0	0.0	0.0	0.0
ACH-002355	15	79058653	C[C>A]T	1.2421734519817417e-15	0.0	0.0	0.0	0.11445573533796397	0.0	0.0	0.0	0.0	0.0	0.0	0.0	0.0	0.04382205078528611	0.0	0.0	0.0	0.0	0.0	0.0	0.0	0.0	0.0	0.0	0.0	0.0	0.0	0.0	0.0	0.0	0.0	0.0	0.0	0.0	0.0	0.0	0.0	0.0	0.0	0.0	0.0	0.0	0.0	0.0	0.0	0.0	0.0	0.0	0.0	0.0	0.0	0.0	0.0	0.0	0.0	0.0	0.0	0.0	0.0	0.0	0.0	0.0	0.0	0.0	0.0	0.0	0.0	0.0	0.0	0.0	0.0	0.0	0.0	0.051404282178086444	0.0	0.0	0.0	0.0	0.0	0.0	0.7903179316986623	0.0	0.0	0.0	0.0	0.0
ACH-002355	15	82450168	C[T>C]G	0.003877383631867512	0.0	0.0	0.0	0.7091496773638699	0.0	0.0	0.0	0.0	0.0	0.0	0.0	0.0	0.0002573096110176427	0.0	0.0	0.0	0.0	0.0	0.0	0.0	0.0	0.0	0.0	0.0	0.0	0.0	0.0	0.0	0.0	0.0	0.0	0.0	0.0	0.0	0.0	0.0	0.0	0.0	0.0	0.0	0.0	0.0	0.0	0.0	0.0	0.0	0.0	0.0	0.0	0.0	0.0	0.0	0.0	0.0	0.0	0.0	0.0	0.0	0.0	0.0	0.0	0.0	0.0	0.0	0.0	0.0	0.0	0.0	0.0	0.0	0.0	0.0	0.017006741440616282	0.0	0.0	0.0	0.0	0.0	0.0	0.26970888795262865	0.0	0.0	0.0	0.0	0.0
ACH-002355	15	89195428	G[T>C]G	0.019241605202812047	0.0	0.0	0.0	0.7808812730864044	0.0	0.0	0.0	0.0	0.0	0.0	0.0	0.0	0.02143027578665455	0.0	0.0	0.0	0.0	0.0	0.0	0.0	0.0	0.0	0.0	0.0	0.0	0.0	0.0	0.0	0.0	0.0	0.0	0.0	0.0	0.0	0.0	0.0	0.0	0.0	0.0	0.0	0.0	0.0	0.0	0.0	0.0	0.0	0.0	0.0	0.0	0.0	0.0	0.0	0.0	0.0	0.0	0.0	0.0	0.0	0.0	0.0	0.0	0.0	0.0	0.0	0.0	0.0	0.0	0.0	0.0	0.0	0.0	0.0	0.12304806391609839	0.0	0.0	0.0	0.0	0.0	0.0	0.05539878200803057	0.0	0.0	0.0	0.0	0.0
ACH-002355	15	89393001	T[C>A]T	3.816294407279174e-05	0.0	0.0	0.0	0.2609659123066789	0.0	0.0	0.0	0.0	0.0	0.0	0.0	0.0	0.5001785192140064	0.0	0.0	0.0	0.0	0.0	0.0	0.0	0.0	0.0	0.0	0.0	0.0	0.0	0.0	0.0	0.0	0.0	0.0	0.0	0.0	0.0	0.0	0.0	0.0	0.0	0.0	0.0	0.0	0.0	0.0	0.0	0.0	0.0	0.0	0.0	0.0	0.0	0.0	0.0	0.0	0.0	0.0	0.0	0.0	0.0	0.0	0.0	0.0	0.0	0.0	0.0	0.0	0.0	0.0	0.0	0.0	0.0	0.0	0.0	0.050677841205531524	0.0	0.0	0.0	0.0	0.0	0.0	0.1881395643297103	0.0	0.0	0.0	0.0	0.0
ACH-002355	15	99672057	T[C>T]G	0.1563550688554526	0.0	0.0	0.0	0.07154096317376872	0.0	0.0	0.0	0.0	0.0	0.0	0.0	0.0	0.5865349766398608	0.0	0.0	0.0	0.0	0.0	0.0	0.0	0.0	0.0	0.0	0.0	0.0	0.0	0.0	0.0	0.0	0.0	0.0	0.0	0.0	0.0	0.0	0.0	0.0	0.0	0.0	0.0	0.0	0.0	0.0	0.0	0.0	0.0	0.0	0.0	0.0	0.0	0.0	0.0	0.0	0.0	0.0	0.0	0.0	0.0	0.0	0.0	0.0	0.0	0.0	0.0	0.0	0.0	0.0	0.0	0.0	0.0	0.0	0.0	0.15987174894856468	0.0	0.0	0.0	0.0	0.0	0.0	0.025697242382353196	0.0	0.0	0.0	0.0	0.0
ACH-002355	16	2147445	C[C>A]G	0.001311736768647033	0.0	0.0	0.0	0.15417798364774996	0.0	0.0	0.0	0.0	0.0	0.0	0.0	0.0	0.0011139128520592295	0.0	0.0	0.0	0.0	0.0	0.0	0.0	0.0	0.0	0.0	0.0	0.0	0.0	0.0	0.0	0.0	0.0	0.0	0.0	0.0	0.0	0.0	0.0	0.0	0.0	0.0	0.0	0.0	0.0	0.0	0.0	0.0	0.0	0.0	0.0	0.0	0.0	0.0	0.0	0.0	0.0	0.0	0.0	0.0	0.0	0.0	0.0	0.0	0.0	0.0	0.0	0.0	0.0	0.0	0.0	0.0	0.0	0.0	0.0	0.5318838428316975	0.0	0.0	0.0	0.0	0.0	0.0	0.3115125238998463	0.0	0.0	0.0	0.0	0.0
ACH-002355	16	24580548	G[C>T]T	0.00031530157417294225	0.0	0.0	0.0	0.4835299339764981	0.0	0.0	0.0	0.0	0.0	0.0	0.0	0.0	0.2473750690065458	0.0	0.0	0.0	0.0	0.0	0.0	0.0	0.0	0.0	0.0	0.0	0.0	0.0	0.0	0.0	0.0	0.0	0.0	0.0	0.0	0.0	0.0	0.0	0.0	0.0	0.0	0.0	0.0	0.0	0.0	0.0	0.0	0.0	0.0	0.0	0.0	0.0	0.0	0.0	0.0	0.0	0.0	0.0	0.0	0.0	0.0	0.0	0.0	0.0	0.0	0.0	0.0	0.0	0.0	0.0	0.0	0.0	0.0	0.0	0.022432999033592464	0.0	0.0	0.0	0.0	0.0	0.0	0.24634669640919066	0.0	0.0	0.0	0.0	0.0
ACH-002355	16	31372393	G[C>T]T	0.00031530157417294225	0.0	0.0	0.0	0.4835299339764981	0.0	0.0	0.0	0.0	0.0	0.0	0.0	0.0	0.2473750690065458	0.0	0.0	0.0	0.0	0.0	0.0	0.0	0.0	0.0	0.0	0.0	0.0	0.0	0.0	0.0	0.0	0.0	0.0	0.0	0.0	0.0	0.0	0.0	0.0	0.0	0.0	0.0	0.0	0.0	0.0	0.0	0.0	0.0	0.0	0.0	0.0	0.0	0.0	0.0	0.0	0.0	0.0	0.0	0.0	0.0	0.0	0.0	0.0	0.0	0.0	0.0	0.0	0.0	0.0	0.0	0.0	0.0	0.0	0.0	0.022432999033592464	0.0	0.0	0.0	0.0	0.0	0.0	0.24634669640919066	0.0	0.0	0.0	0.0	0.0
ACH-002355	16	31508176	G[C>T]A	0.04954061763395135	0.0	0.0	0.0	0.6852018288797415	0.0	0.0	0.0	0.0	0.0	0.0	0.0	0.0	0.003824532338067439	0.0	0.0	0.0	0.0	0.0	0.0	0.0	0.0	0.0	0.0	0.0	0.0	0.0	0.0	0.0	0.0	0.0	0.0	0.0	0.0	0.0	0.0	0.0	0.0	0.0	0.0	0.0	0.0	0.0	0.0	0.0	0.0	0.0	0.0	0.0	0.0	0.0	0.0	0.0	0.0	0.0	0.0	0.0	0.0	0.0	0.0	0.0	0.0	0.0	0.0	0.0	0.0	0.0	0.0	0.0	0.0	0.0	0.0	0.0	0.03965114811618958	0.0	0.0	0.0	0.0	0.0	0.0	0.22178187303205005	0.0	0.0	0.0	0.0	0.0
ACH-002355	16	68849453	G[T>C]A	0.01312798844659946	0.0	0.0	0.0	0.5580416162239843	0.0	0.0	0.0	0.0	0.0	0.0	0.0	0.0	0.1735480052840198	0.0	0.0	0.0	0.0	0.0	0.0	0.0	0.0	0.0	0.0	0.0	0.0	0.0	0.0	0.0	0.0	0.0	0.0	0.0	0.0	0.0	0.0	0.0	0.0	0.0	0.0	0.0	0.0	0.0	0.0	0.0	0.0	0.0	0.0	0.0	0.0	0.0	0.0	0.0	0.0	0.0	0.0	0.0	0.0	0.0	0.0	0.0	0.0	0.0	0.0	0.0	0.0	0.0	0.0	0.0	0.0	0.0	0.0	0.0	0.07106321353002654	0.0	0.0	0.0	0.0	0.0	0.0	0.18421917651536981	0.0	0.0	0.0	0.0	0.0
ACH-002355	16	77228533	A[C>T]G	0.5237153204772383	0.0	0.0	0.0	0.028069148704286864	0.0	0.0	0.0	0.0	0.0	0.0	0.0	0.0	0.0005609133111684596	0.0	0.0	0.0	0.0	0.0	0.0	0.0	0.0	0.0	0.0	0.0	0.0	0.0	0.0	0.0	0.0	0.0	0.0	0.0	0.0	0.0	0.0	0.0	0.0	0.0	0.0	0.0	0.0	0.0	0.0	0.0	0.0	0.0	0.0	0.0	0.0	0.0	0.0	0.0	0.0	0.0	0.0	0.0	0.0	0.0	0.0	0.0	0.0	0.0	0.0	0.0	0.0	0.0	0.0	0.0	0.0	0.0	0.0	0.0	0.3298308548999561	0.0	0.0	0.0	0.0	0.0	0.0	0.11782376260735014	0.0	0.0	0.0	0.0	0.0
ACH-002355	17	1961921	C[T>C]G	0.003877383631867512	0.0	0.0	0.0	0.7091496773638699	0.0	0.0	0.0	0.0	0.0	0.0	0.0	0.0	0.0002573096110176427	0.0	0.0	0.0	0.0	0.0	0.0	0.0	0.0	0.0	0.0	0.0	0.0	0.0	0.0	0.0	0.0	0.0	0.0	0.0	0.0	0.0	0.0	0.0	0.0	0.0	0.0	0.0	0.0	0.0	0.0	0.0	0.0	0.0	0.0	0.0	0.0	0.0	0.0	0.0	0.0	0.0	0.0	0.0	0.0	0.0	0.0	0.0	0.0	0.0	0.0	0.0	0.0	0.0	0.0	0.0	0.0	0.0	0.0	0.0	0.017006741440616282	0.0	0.0	0.0	0.0	0.0	0.0	0.26970888795262865	0.0	0.0	0.0	0.0	0.0
ACH-002355	17	7710857	T[C>T]G	0.1563550688554526	0.0	0.0	0.0	0.07154096317376872	0.0	0.0	0.0	0.0	0.0	0.0	0.0	0.0	0.5865349766398608	0.0	0.0	0.0	0.0	0.0	0.0	0.0	0.0	0.0	0.0	0.0	0.0	0.0	0.0	0.0	0.0	0.0	0.0	0.0	0.0	0.0	0.0	0.0	0.0	0.0	0.0	0.0	0.0	0.0	0.0	0.0	0.0	0.0	0.0	0.0	0.0	0.0	0.0	0.0	0.0	0.0	0.0	0.0	0.0	0.0	0.0	0.0	0.0	0.0	0.0	0.0	0.0	0.0	0.0	0.0	0.0	0.0	0.0	0.0	0.15987174894856468	0.0	0.0	0.0	0.0	0.0	0.0	0.025697242382353196	0.0	0.0	0.0	0.0	0.0
ACH-002355	17	8166459	T[T>C]G	0.008008249956005764	0.0	0.0	0.0	0.7739025543525364	0.0	0.0	0.0	0.0	0.0	0.0	0.0	0.0	0.012142666560670324	0.0	0.0	0.0	0.0	0.0	0.0	0.0	0.0	0.0	0.0	0.0	0.0	0.0	0.0	0.0	0.0	0.0	0.0	0.0	0.0	0.0	0.0	0.0	0.0	0.0	0.0	0.0	0.0	0.0	0.0	0.0	0.0	0.0	0.0	0.0	0.0	0.0	0.0	0.0	0.0	0.0	0.0	0.0	0.0	0.0	0.0	0.0	0.0	0.0	0.0	0.0	0.0	0.0	0.0	0.0	0.0	0.0	0.0	0.0	0.06221531727605935	0.0	0.0	0.0	0.0	0.0	0.0	0.14373121185472815	0.0	0.0	0.0	0.0	0.0
ACH-002355	17	10395887	C[T>C]G	0.003877383631867512	0.0	0.0	0.0	0.7091496773638699	0.0	0.0	0.0	0.0	0.0	0.0	0.0	0.0	0.0002573096110176427	0.0	0.0	0.0	0.0	0.0	0.0	0.0	0.0	0.0	0.0	0.0	0.0	0.0	0.0	0.0	0.0	0.0	0.0	0.0	0.0	0.0	0.0	0.0	0.0	0.0	0.0	0.0	0.0	0.0	0.0	0.0	0.0	0.0	0.0	0.0	0.0	0.0	0.0	0.0	0.0	0.0	0.0	0.0	0.0	0.0	0.0	0.0	0.0	0.0	0.0	0.0	0.0	0.0	0.0	0.0	0.0	0.0	0.0	0.0	0.017006741440616282	0.0	0.0	0.0	0.0	0.0	0.0	0.26970888795262865	0.0	0.0	0.0	0.0	0.0
ACH-002355	17	11572983	C[C>T]A	0.015632813058824767	0.0	0.0	0.0	0.4800066937724854	0.0	0.0	0.0	0.0	0.0	0.0	0.0	0.0	0.001114493833076828	0.0	0.0	0.0	0.0	0.0	0.0	0.0	0.0	0.0	0.0	0.0	0.0	0.0	0.0	0.0	0.0	0.0	0.0	0.0	0.0	0.0	0.0	0.0	0.0	0.0	0.0	0.0	0.0	0.0	0.0	0.0	0.0	0.0	0.0	0.0	0.0	0.0	0.0	0.0	0.0	0.0	0.0	0.0	0.0	0.0	0.0	0.0	0.0	0.0	0.0	0.0	0.0	0.0	0.0	0.0	0.0	0.0	0.0	0.0	0.12374963158099239	0.0	0.0	0.0	0.0	0.0	0.0	0.3794963677546208	0.0	0.0	0.0	0.0	0.0
ACH-002355	17	18155350	C[C>A]G	0.001311736768647033	0.0	0.0	0.0	0.15417798364774996	0.0	0.0	0.0	0.0	0.0	0.0	0.0	0.0	0.0011139128520592295	0.0	0.0	0.0	0.0	0.0	0.0	0.0	0.0	0.0	0.0	0.0	0.0	0.0	0.0	0.0	0.0	0.0	0.0	0.0	0.0	0.0	0.0	0.0	0.0	0.0	0.0	0.0	0.0	0.0	0.0	0.0	0.0	0.0	0.0	0.0	0.0	0.0	0.0	0.0	0.0	0.0	0.0	0.0	0.0	0.0	0.0	0.0	0.0	0.0	0.0	0.0	0.0	0.0	0.0	0.0	0.0	0.0	0.0	0.0	0.5318838428316975	0.0	0.0	0.0	0.0	0.0	0.0	0.3115125238998463	0.0	0.0	0.0	0.0	0.0
ACH-002355	17	27614151	C[T>G]C	0.008401233814416027	0.0	0.0	0.0	0.5782901311641773	0.0	0.0	0.0	0.0	0.0	0.0	0.0	0.0	0.04303260000991326	0.0	0.0	0.0	0.0	0.0	0.0	0.0	0.0	0.0	0.0	0.0	0.0	0.0	0.0	0.0	0.0	0.0	0.0	0.0	0.0	0.0	0.0	0.0	0.0	0.0	0.0	0.0	0.0	0.0	0.0	0.0	0.0	0.0	0.0	0.0	0.0	0.0	0.0	0.0	0.0	0.0	0.0	0.0	0.0	0.0	0.0	0.0	0.0	0.0	0.0	0.0	0.0	0.0	0.0	0.0	0.0	0.0	0.0	0.0	0.0811190015776653	0.0	0.0	0.0	0.0	0.0	0.0	0.28915703343382826	0.0	0.0	0.0	0.0	0.0
ACH-002355	17	37421692	A[T>C]G	0.0007944701084994018	0.0	0.0	0.0	0.9063015586165061	0.0	0.0	0.0	0.0	0.0	0.0	0.0	0.0	0.003758019855707829	0.0	0.0	0.0	0.0	0.0	0.0	0.0	0.0	0.0	0.0	0.0	0.0	0.0	0.0	0.0	0.0	0.0	0.0	0.0	0.0	0.0	0.0	0.0	0.0	0.0	0.0	0.0	0.0	0.0	0.0	0.0	0.0	0.0	0.0	0.0	0.0	0.0	0.0	0.0	0.0	0.0	0.0	0.0	0.0	0.0	0.0	0.0	0.0	0.0	0.0	0.0	0.0	0.0	0.0	0.0	0.0	0.0	0.0	0.0	0.013775553703618295	0.0	0.0	0.0	0.0	0.0	0.0	0.07537039771566832	0.0	0.0	0.0	0.0	0.0
ACH-002355	17	38928281	A[C>T]G	0.5237153204772383	0.0	0.0	0.0	0.028069148704286864	0.0	0.0	0.0	0.0	0.0	0.0	0.0	0.0	0.0005609133111684596	0.0	0.0	0.0	0.0	0.0	0.0	0.0	0.0	0.0	0.0	0.0	0.0	0.0	0.0	0.0	0.0	0.0	0.0	0.0	0.0	0.0	0.0	0.0	0.0	0.0	0.0	0.0	0.0	0.0	0.0	0.0	0.0	0.0	0.0	0.0	0.0	0.0	0.0	0.0	0.0	0.0	0.0	0.0	0.0	0.0	0.0	0.0	0.0	0.0	0.0	0.0	0.0	0.0	0.0	0.0	0.0	0.0	0.0	0.0	0.3298308548999561	0.0	0.0	0.0	0.0	0.0	0.0	0.11782376260735014	0.0	0.0	0.0	0.0	0.0
ACH-002355	17	47295220	C[C>T]T	0.0011131766599434567	0.0	0.0	0.0	0.41529619927762046	0.0	0.0	0.0	0.0	0.0	0.0	0.0	0.0	0.003190935440469053	0.0	0.0	0.0	0.0	0.0	0.0	0.0	0.0	0.0	0.0	0.0	0.0	0.0	0.0	0.0	0.0	0.0	0.0	0.0	0.0	0.0	0.0	0.0	0.0	0.0	0.0	0.0	0.0	0.0	0.0	0.0	0.0	0.0	0.0	0.0	0.0	0.0	0.0	0.0	0.0	0.0	0.0	0.0	0.0	0.0	0.0	0.0	0.0	0.0	0.0	0.0	0.0	0.0	0.0	0.0	0.0	0.0	0.0	0.0	0.07467492125790885	0.0	0.0	0.0	0.0	0.0	0.0	0.5057247673640582	0.0	0.0	0.0	0.0	0.0
ACH-002355	17	59926512	T[C>T]G	0.1563550688554526	0.0	0.0	0.0	0.07154096317376872	0.0	0.0	0.0	0.0	0.0	0.0	0.0	0.0	0.5865349766398608	0.0	0.0	0.0	0.0	0.0	0.0	0.0	0.0	0.0	0.0	0.0	0.0	0.0	0.0	0.0	0.0	0.0	0.0	0.0	0.0	0.0	0.0	0.0	0.0	0.0	0.0	0.0	0.0	0.0	0.0	0.0	0.0	0.0	0.0	0.0	0.0	0.0	0.0	0.0	0.0	0.0	0.0	0.0	0.0	0.0	0.0	0.0	0.0	0.0	0.0	0.0	0.0	0.0	0.0	0.0	0.0	0.0	0.0	0.0	0.15987174894856468	0.0	0.0	0.0	0.0	0.0	0.0	0.025697242382353196	0.0	0.0	0.0	0.0	0.0
ACH-002355	17	72518991	T[C>G]T	0.014200707943844489	0.0	0.0	0.0	0.3601917696917207	0.0	0.0	0.0	0.0	0.0	0.0	0.0	0.0	0.0003730563483623763	0.0	0.0	0.0	0.0	0.0	0.0	0.0	0.0	0.0	0.0	0.0	0.0	0.0	0.0	0.0	0.0	0.0	0.0	0.0	0.0	0.0	0.0	0.0	0.0	0.0	0.0	0.0	0.0	0.0	0.0	0.0	0.0	0.0	0.0	0.0	0.0	0.0	0.0	0.0	0.0	0.0	0.0	0.0	0.0	0.0	0.0	0.0	0.0	0.0	0.0	0.0	0.0	0.0	0.0	0.0	0.0	0.0	0.0	0.0	0.2171451149897299	0.0	0.0	0.0	0.0	0.0	0.0	0.4080893510263425	0.0	0.0	0.0	0.0	0.0
ACH-002355	17	74673686	C[C>T]G	0.29046482192873846	0.0	0.0	0.0	0.0820944686828651	0.0	0.0	0.0	0.0	0.0	0.0	0.0	0.0	0.005177646269620903	0.0	0.0	0.0	0.0	0.0	0.0	0.0	0.0	0.0	0.0	0.0	0.0	0.0	0.0	0.0	0.0	0.0	0.0	0.0	0.0	0.0	0.0	0.0	0.0	0.0	0.0	0.0	0.0	0.0	0.0	0.0	0.0	0.0	0.0	0.0	0.0	0.0	0.0	0.0	0.0	0.0	0.0	0.0	0.0	0.0	0.0	0.0	0.0	0.0	0.0	0.0	0.0	0.0	0.0	0.0	0.0	0.0	0.0	0.0	0.523086723196558	0.0	0.0	0.0	0.0	0.0	0.0	0.09917633992221753	0.0	0.0	0.0	0.0	0.0
ACH-002355	17	78085800	C[T>C]C	0.027155006933415164	0.0	0.0	0.0	0.3575869061767182	0.0	0.0	0.0	0.0	0.0	0.0	0.0	0.0	0.0012718148222520887	0.0	0.0	0.0	0.0	0.0	0.0	0.0	0.0	0.0	0.0	0.0	0.0	0.0	0.0	0.0	0.0	0.0	0.0	0.0	0.0	0.0	0.0	0.0	0.0	0.0	0.0	0.0	0.0	0.0	0.0	0.0	0.0	0.0	0.0	0.0	0.0	0.0	0.0	0.0	0.0	0.0	0.0	0.0	0.0	0.0	0.0	0.0	0.0	0.0	0.0	0.0	0.0	0.0	0.0	0.0	0.0	0.0	0.0	0.0	0.03762150463494746	0.0	0.0	0.0	0.0	0.0	0.0	0.5763647674326672	0.0	0.0	0.0	0.0	0.0
ACH-002355	18	7049188	C[T>C]T	0.000349227756369583	0.0	0.0	0.0	0.38672383093893065	0.0	0.0	0.0	0.0	0.0	0.0	0.0	0.0	0.00630997034286663	0.0	0.0	0.0	0.0	0.0	0.0	0.0	0.0	0.0	0.0	0.0	0.0	0.0	0.0	0.0	0.0	0.0	0.0	0.0	0.0	0.0	0.0	0.0	0.0	0.0	0.0	0.0	0.0	0.0	0.0	0.0	0.0	0.0	0.0	0.0	0.0	0.0	0.0	0.0	0.0	0.0	0.0	0.0	0.0	0.0	0.0	0.0	0.0	0.0	0.0	0.0	0.0	0.0	0.0	0.0	0.0	0.0	0.0	0.0	0.13715121662319824	0.0	0.0	0.0	0.0	0.0	0.0	0.469465754338635	0.0	0.0	0.0	0.0	0.0
ACH-002355	18	71790620	A[T>C]T	0.026187248543433704	0.0	0.0	0.0	0.5531145588536281	0.0	0.0	0.0	0.0	0.0	0.0	0.0	0.0	0.0006461936634112006	0.0	0.0	0.0	0.0	0.0	0.0	0.0	0.0	0.0	0.0	0.0	0.0	0.0	0.0	0.0	0.0	0.0	0.0	0.0	0.0	0.0	0.0	0.0	0.0	0.0	0.0	0.0	0.0	0.0	0.0	0.0	0.0	0.0	0.0	0.0	0.0	0.0	0.0	0.0	0.0	0.0	0.0	0.0	0.0	0.0	0.0	0.0	0.0	0.0	0.0	0.0	0.0	0.0	0.0	0.0	0.0	0.0	0.0	0.0	0.04803928057581551	0.0	0.0	0.0	0.0	0.0	0.0	0.3720127183637113	0.0	0.0	0.0	0.0	0.0
ACH-002355	19	1376548	T[T>G]G	0.014661437342353567	0.0	0.0	0.0	0.5524668530651672	0.0	0.0	0.0	0.0	0.0	0.0	0.0	0.0	0.06554063343204578	0.0	0.0	0.0	0.0	0.0	0.0	0.0	0.0	0.0	0.0	0.0	0.0	0.0	0.0	0.0	0.0	0.0	0.0	0.0	0.0	0.0	0.0	0.0	0.0	0.0	0.0	0.0	0.0	0.0	0.0	0.0	0.0	0.0	0.0	0.0	0.0	0.0	0.0	0.0	0.0	0.0	0.0	0.0	0.0	0.0	0.0	0.0	0.0	0.0	0.0	0.0	0.0	0.0	0.0	0.0	0.0	0.0	0.0	0.0	0.09479726951460231	0.0	0.0	0.0	0.0	0.0	0.0	0.27253380664583116	0.0	0.0	0.0	0.0	0.0
ACH-002355	19	1795932	A[T>C]C	0.043335213778825266	0.0	0.0	0.0	0.6046592189944149	0.0	0.0	0.0	0.0	0.0	0.0	0.0	0.0	0.006864849119258412	0.0	0.0	0.0	0.0	0.0	0.0	0.0	0.0	0.0	0.0	0.0	0.0	0.0	0.0	0.0	0.0	0.0	0.0	0.0	0.0	0.0	0.0	0.0	0.0	0.0	0.0	0.0	0.0	0.0	0.0	0.0	0.0	0.0	0.0	0.0	0.0	0.0	0.0	0.0	0.0	0.0	0.0	0.0	0.0	0.0	0.0	0.0	0.0	0.0	0.0	0.0	0.0	0.0	0.0	0.0	0.0	0.0	0.0	0.0	0.08396722190513187	0.0	0.0	0.0	0.0	0.0	0.0	0.26117349620236957	0.0	0.0	0.0	0.0	0.0
ACH-002355	19	3179657	C[C>T]A	0.015632813058824767	0.0	0.0	0.0	0.4800066937724854	0.0	0.0	0.0	0.0	0.0	0.0	0.0	0.0	0.001114493833076828	0.0	0.0	0.0	0.0	0.0	0.0	0.0	0.0	0.0	0.0	0.0	0.0	0.0	0.0	0.0	0.0	0.0	0.0	0.0	0.0	0.0	0.0	0.0	0.0	0.0	0.0	0.0	0.0	0.0	0.0	0.0	0.0	0.0	0.0	0.0	0.0	0.0	0.0	0.0	0.0	0.0	0.0	0.0	0.0	0.0	0.0	0.0	0.0	0.0	0.0	0.0	0.0	0.0	0.0	0.0	0.0	0.0	0.0	0.0	0.12374963158099239	0.0	0.0	0.0	0.0	0.0	0.0	0.3794963677546208	0.0	0.0	0.0	0.0	0.0
ACH-002355	19	3532462	C[C>T]G	0.29046482192873846	0.0	0.0	0.0	0.0820944686828651	0.0	0.0	0.0	0.0	0.0	0.0	0.0	0.0	0.005177646269620903	0.0	0.0	0.0	0.0	0.0	0.0	0.0	0.0	0.0	0.0	0.0	0.0	0.0	0.0	0.0	0.0	0.0	0.0	0.0	0.0	0.0	0.0	0.0	0.0	0.0	0.0	0.0	0.0	0.0	0.0	0.0	0.0	0.0	0.0	0.0	0.0	0.0	0.0	0.0	0.0	0.0	0.0	0.0	0.0	0.0	0.0	0.0	0.0	0.0	0.0	0.0	0.0	0.0	0.0	0.0	0.0	0.0	0.0	0.0	0.523086723196558	0.0	0.0	0.0	0.0	0.0	0.0	0.09917633992221753	0.0	0.0	0.0	0.0	0.0
ACH-002355	19	4817692	G[T>G]C	2.0470433719787403e-14	0.0	0.0	0.0	0.49697412158264687	0.0	0.0	0.0	0.0	0.0	0.0	0.0	0.0	0.08166641794290568	0.0	0.0	0.0	0.0	0.0	0.0	0.0	0.0	0.0	0.0	0.0	0.0	0.0	0.0	0.0	0.0	0.0	0.0	0.0	0.0	0.0	0.0	0.0	0.0	0.0	0.0	0.0	0.0	0.0	0.0	0.0	0.0	0.0	0.0	0.0	0.0	0.0	0.0	0.0	0.0	0.0	0.0	0.0	0.0	0.0	0.0	0.0	0.0	0.0	0.0	0.0	0.0	0.0	0.0	0.0	0.0	0.0	0.0	0.0	0.21477922782575906	0.0	0.0	0.0	0.0	0.0	0.0	0.20658023264866793	0.0	0.0	0.0	0.0	0.0
ACH-002355	19	11144505	C[C>A]G	0.001311736768647033	0.0	0.0	0.0	0.15417798364774996	0.0	0.0	0.0	0.0	0.0	0.0	0.0	0.0	0.0011139128520592295	0.0	0.0	0.0	0.0	0.0	0.0	0.0	0.0	0.0	0.0	0.0	0.0	0.0	0.0	0.0	0.0	0.0	0.0	0.0	0.0	0.0	0.0	0.0	0.0	0.0	0.0	0.0	0.0	0.0	0.0	0.0	0.0	0.0	0.0	0.0	0.0	0.0	0.0	0.0	0.0	0.0	0.0	0.0	0.0	0.0	0.0	0.0	0.0	0.0	0.0	0.0	0.0	0.0	0.0	0.0	0.0	0.0	0.0	0.0	0.5318838428316975	0.0	0.0	0.0	0.0	0.0	0.0	0.3115125238998463	0.0	0.0	0.0	0.0	0.0
ACH-002355	19	11348750	C[C>T]T	0.0011131766599434567	0.0	0.0	0.0	0.41529619927762046	0.0	0.0	0.0	0.0	0.0	0.0	0.0	0.0	0.003190935440469053	0.0	0.0	0.0	0.0	0.0	0.0	0.0	0.0	0.0	0.0	0.0	0.0	0.0	0.0	0.0	0.0	0.0	0.0	0.0	0.0	0.0	0.0	0.0	0.0	0.0	0.0	0.0	0.0	0.0	0.0	0.0	0.0	0.0	0.0	0.0	0.0	0.0	0.0	0.0	0.0	0.0	0.0	0.0	0.0	0.0	0.0	0.0	0.0	0.0	0.0	0.0	0.0	0.0	0.0	0.0	0.0	0.0	0.0	0.0	0.07467492125790885	0.0	0.0	0.0	0.0	0.0	0.0	0.5057247673640582	0.0	0.0	0.0	0.0	0.0
ACH-002355	19	12969507	C[C>T]T	0.0011131766599434567	0.0	0.0	0.0	0.41529619927762046	0.0	0.0	0.0	0.0	0.0	0.0	0.0	0.0	0.003190935440469053	0.0	0.0	0.0	0.0	0.0	0.0	0.0	0.0	0.0	0.0	0.0	0.0	0.0	0.0	0.0	0.0	0.0	0.0	0.0	0.0	0.0	0.0	0.0	0.0	0.0	0.0	0.0	0.0	0.0	0.0	0.0	0.0	0.0	0.0	0.0	0.0	0.0	0.0	0.0	0.0	0.0	0.0	0.0	0.0	0.0	0.0	0.0	0.0	0.0	0.0	0.0	0.0	0.0	0.0	0.0	0.0	0.0	0.0	0.0	0.07467492125790885	0.0	0.0	0.0	0.0	0.0	0.0	0.5057247673640582	0.0	0.0	0.0	0.0	0.0
ACH-002355	19	14515373	C[T>G]C	0.008401233814416027	0.0	0.0	0.0	0.5782901311641773	0.0	0.0	0.0	0.0	0.0	0.0	0.0	0.0	0.04303260000991326	0.0	0.0	0.0	0.0	0.0	0.0	0.0	0.0	0.0	0.0	0.0	0.0	0.0	0.0	0.0	0.0	0.0	0.0	0.0	0.0	0.0	0.0	0.0	0.0	0.0	0.0	0.0	0.0	0.0	0.0	0.0	0.0	0.0	0.0	0.0	0.0	0.0	0.0	0.0	0.0	0.0	0.0	0.0	0.0	0.0	0.0	0.0	0.0	0.0	0.0	0.0	0.0	0.0	0.0	0.0	0.0	0.0	0.0	0.0	0.0811190015776653	0.0	0.0	0.0	0.0	0.0	0.0	0.28915703343382826	0.0	0.0	0.0	0.0	0.0
ACH-002355	19	34991150	C[C>A]A	0.0009611409898203757	0.0	0.0	0.0	0.07245364688822796	0.0	0.0	0.0	0.0	0.0	0.0	0.0	0.0	0.0015155290237407009	0.0	0.0	0.0	0.0	0.0	0.0	0.0	0.0	0.0	0.0	0.0	0.0	0.0	0.0	0.0	0.0	0.0	0.0	0.0	0.0	0.0	0.0	0.0	0.0	0.0	0.0	0.0	0.0	0.0	0.0	0.0	0.0	0.0	0.0	0.0	0.0	0.0	0.0	0.0	0.0	0.0	0.0	0.0	0.0	0.0	0.0	0.0	0.0	0.0	0.0	0.0	0.0	0.0	0.0	0.0	0.0	0.0	0.0	0.0	0.04978596605453799	0.0	0.0	0.0	0.0	0.0	0.0	0.8752837170436729	0.0	0.0	0.0	0.0	0.0
ACH-002355	19	35831827	T[C>T]G	0.1563550688554526	0.0	0.0	0.0	0.07154096317376872	0.0	0.0	0.0	0.0	0.0	0.0	0.0	0.0	0.5865349766398608	0.0	0.0	0.0	0.0	0.0	0.0	0.0	0.0	0.0	0.0	0.0	0.0	0.0	0.0	0.0	0.0	0.0	0.0	0.0	0.0	0.0	0.0	0.0	0.0	0.0	0.0	0.0	0.0	0.0	0.0	0.0	0.0	0.0	0.0	0.0	0.0	0.0	0.0	0.0	0.0	0.0	0.0	0.0	0.0	0.0	0.0	0.0	0.0	0.0	0.0	0.0	0.0	0.0	0.0	0.0	0.0	0.0	0.0	0.0	0.15987174894856468	0.0	0.0	0.0	0.0	0.0	0.0	0.025697242382353196	0.0	0.0	0.0	0.0	0.0
ACH-002355	19	36206851	C[C>A]C	0.005853696909941299	0.0	0.0	0.0	0.0635600028465566	0.0	0.0	0.0	0.0	0.0	0.0	0.0	0.0	0.00981968246464503	0.0	0.0	0.0	0.0	0.0	0.0	0.0	0.0	0.0	0.0	0.0	0.0	0.0	0.0	0.0	0.0	0.0	0.0	0.0	0.0	0.0	0.0	0.0	0.0	0.0	0.0	0.0	0.0	0.0	0.0	0.0	0.0	0.0	0.0	0.0	0.0	0.0	0.0	0.0	0.0	0.0	0.0	0.0	0.0	0.0	0.0	0.0	0.0	0.0	0.0	0.0	0.0	0.0	0.0	0.0	0.0	0.0	0.0	0.0	0.03730523602373022	0.0	0.0	0.0	0.0	0.0	0.0	0.8834613817551268	0.0	0.0	0.0	0.0	0.0
ACH-002355	19	39051996	C[T>G]A	0.0010937704597873642	0.0	0.0	0.0	0.25264638233460546	0.0	0.0	0.0	0.0	0.0	0.0	0.0	0.0	0.006605327733999983	0.0	0.0	0.0	0.0	0.0	0.0	0.0	0.0	0.0	0.0	0.0	0.0	0.0	0.0	0.0	0.0	0.0	0.0	0.0	0.0	0.0	0.0	0.0	0.0	0.0	0.0	0.0	0.0	0.0	0.0	0.0	0.0	0.0	0.0	0.0	0.0	0.0	0.0	0.0	0.0	0.0	0.0	0.0	0.0	0.0	0.0	0.0	0.0	0.0	0.0	0.0	0.0	0.0	0.0	0.0	0.0	0.0	0.0	0.0	0.49557222290186814	0.0	0.0	0.0	0.0	0.0	0.0	0.24408229656973918	0.0	0.0	0.0	0.0	0.0
ACH-002355	19	39804795	G[T>G]G	0.010912606186923824	0.0	0.0	0.0	0.5260938487657488	0.0	0.0	0.0	0.0	0.0	0.0	0.0	0.0	0.05122575473688043	0.0	0.0	0.0	0.0	0.0	0.0	0.0	0.0	0.0	0.0	0.0	0.0	0.0	0.0	0.0	0.0	0.0	0.0	0.0	0.0	0.0	0.0	0.0	0.0	0.0	0.0	0.0	0.0	0.0	0.0	0.0	0.0	0.0	0.0	0.0	0.0	0.0	0.0	0.0	0.0	0.0	0.0	0.0	0.0	0.0	0.0	0.0	0.0	0.0	0.0	0.0	0.0	0.0	0.0	0.0	0.0	0.0	0.0	0.0	0.19166882447193284	0.0	0.0	0.0	0.0	0.0	0.0	0.2200989658385142	0.0	0.0	0.0	0.0	0.0
ACH-002355	19	54396630	C[C>G]C	0.000865847351344953	0.0	0.0	0.0	0.3237448605956256	0.0	0.0	0.0	0.0	0.0	0.0	0.0	0.0	2.3637933333158655e-15	0.0	0.0	0.0	0.0	0.0	0.0	0.0	0.0	0.0	0.0	0.0	0.0	0.0	0.0	0.0	0.0	0.0	0.0	0.0	0.0	0.0	0.0	0.0	0.0	0.0	0.0	0.0	0.0	0.0	0.0	0.0	0.0	0.0	0.0	0.0	0.0	0.0	0.0	0.0	0.0	0.0	0.0	0.0	0.0	0.0	0.0	0.0	0.0	0.0	0.0	0.0	0.0	0.0	0.0	0.0	0.0	0.0	0.0	0.0	0.07110933468764269	0.0	0.0	0.0	0.0	0.0	0.0	0.6042799573653843	0.0	0.0	0.0	0.0	0.0
ACH-002355	19	54940513	A[C>T]G	0.5237153204772383	0.0	0.0	0.0	0.028069148704286864	0.0	0.0	0.0	0.0	0.0	0.0	0.0	0.0	0.0005609133111684596	0.0	0.0	0.0	0.0	0.0	0.0	0.0	0.0	0.0	0.0	0.0	0.0	0.0	0.0	0.0	0.0	0.0	0.0	0.0	0.0	0.0	0.0	0.0	0.0	0.0	0.0	0.0	0.0	0.0	0.0	0.0	0.0	0.0	0.0	0.0	0.0	0.0	0.0	0.0	0.0	0.0	0.0	0.0	0.0	0.0	0.0	0.0	0.0	0.0	0.0	0.0	0.0	0.0	0.0	0.0	0.0	0.0	0.0	0.0	0.3298308548999561	0.0	0.0	0.0	0.0	0.0	0.0	0.11782376260735014	0.0	0.0	0.0	0.0	0.0
ACH-002355	19	58198231	A[C>G]G	0.0017577972831312072	0.0	0.0	0.0	0.0832222312781622	0.0	0.0	0.0	0.0	0.0	0.0	0.0	0.0	3.2042383674999397e-15	0.0	0.0	0.0	0.0	0.0	0.0	0.0	0.0	0.0	0.0	0.0	0.0	0.0	0.0	0.0	0.0	0.0	0.0	0.0	0.0	0.0	0.0	0.0	0.0	0.0	0.0	0.0	0.0	0.0	0.0	0.0	0.0	0.0	0.0	0.0	0.0	0.0	0.0	0.0	0.0	0.0	0.0	0.0	0.0	0.0	0.0	0.0	0.0	0.0	0.0	0.0	0.0	0.0	0.0	0.0	0.0	0.0	0.0	0.0	0.8851155398262536	0.0	0.0	0.0	0.0	0.0	0.0	0.029904431612449846	0.0	0.0	0.0	0.0	0.0
ACH-002355	20	3804636	C[C>T]G	0.29046482192873846	0.0	0.0	0.0	0.0820944686828651	0.0	0.0	0.0	0.0	0.0	0.0	0.0	0.0	0.005177646269620903	0.0	0.0	0.0	0.0	0.0	0.0	0.0	0.0	0.0	0.0	0.0	0.0	0.0	0.0	0.0	0.0	0.0	0.0	0.0	0.0	0.0	0.0	0.0	0.0	0.0	0.0	0.0	0.0	0.0	0.0	0.0	0.0	0.0	0.0	0.0	0.0	0.0	0.0	0.0	0.0	0.0	0.0	0.0	0.0	0.0	0.0	0.0	0.0	0.0	0.0	0.0	0.0	0.0	0.0	0.0	0.0	0.0	0.0	0.0	0.523086723196558	0.0	0.0	0.0	0.0	0.0	0.0	0.09917633992221753	0.0	0.0	0.0	0.0	0.0
ACH-002355	20	6759452	A[C>T]G	0.5237153204772383	0.0	0.0	0.0	0.028069148704286864	0.0	0.0	0.0	0.0	0.0	0.0	0.0	0.0	0.0005609133111684596	0.0	0.0	0.0	0.0	0.0	0.0	0.0	0.0	0.0	0.0	0.0	0.0	0.0	0.0	0.0	0.0	0.0	0.0	0.0	0.0	0.0	0.0	0.0	0.0	0.0	0.0	0.0	0.0	0.0	0.0	0.0	0.0	0.0	0.0	0.0	0.0	0.0	0.0	0.0	0.0	0.0	0.0	0.0	0.0	0.0	0.0	0.0	0.0	0.0	0.0	0.0	0.0	0.0	0.0	0.0	0.0	0.0	0.0	0.0	0.3298308548999561	0.0	0.0	0.0	0.0	0.0	0.0	0.11782376260735014	0.0	0.0	0.0	0.0	0.0
ACH-002355	20	10032441	C[T>A]C	0.006842263315286459	0.0	0.0	0.0	0.286030750419049	0.0	0.0	0.0	0.0	0.0	0.0	0.0	0.0	0.0017426415673303653	0.0	0.0	0.0	0.0	0.0	0.0	0.0	0.0	0.0	0.0	0.0	0.0	0.0	0.0	0.0	0.0	0.0	0.0	0.0	0.0	0.0	0.0	0.0	0.0	0.0	0.0	0.0	0.0	0.0	0.0	0.0	0.0	0.0	0.0	0.0	0.0	0.0	0.0	0.0	0.0	0.0	0.0	0.0	0.0	0.0	0.0	0.0	0.0	0.0	0.0	0.0	0.0	0.0	0.0	0.0	0.0	0.0	0.0	0.0	0.1614711727786181	0.0	0.0	0.0	0.0	0.0	0.0	0.543913171919716	0.0	0.0	0.0	0.0	0.0
ACH-002355	20	19677479	T[C>T]A	0.010917534121763762	0.0	0.0	0.0	0.6320276100570857	0.0	0.0	0.0	0.0	0.0	0.0	0.0	0.0	0.025354644559279594	0.0	0.0	0.0	0.0	0.0	0.0	0.0	0.0	0.0	0.0	0.0	0.0	0.0	0.0	0.0	0.0	0.0	0.0	0.0	0.0	0.0	0.0	0.0	0.0	0.0	0.0	0.0	0.0	0.0	0.0	0.0	0.0	0.0	0.0	0.0	0.0	0.0	0.0	0.0	0.0	0.0	0.0	0.0	0.0	0.0	0.0	0.0	0.0	0.0	0.0	0.0	0.0	0.0	0.0	0.0	0.0	0.0	0.0	0.0	0.0001619747824745678	0.0	0.0	0.0	0.0	0.0	0.0	0.33153823647939634	0.0	0.0	0.0	0.0	0.0
ACH-002355	20	25187762	A[C>T]G	0.5237153204772383	0.0	0.0	0.0	0.028069148704286864	0.0	0.0	0.0	0.0	0.0	0.0	0.0	0.0	0.0005609133111684596	0.0	0.0	0.0	0.0	0.0	0.0	0.0	0.0	0.0	0.0	0.0	0.0	0.0	0.0	0.0	0.0	0.0	0.0	0.0	0.0	0.0	0.0	0.0	0.0	0.0	0.0	0.0	0.0	0.0	0.0	0.0	0.0	0.0	0.0	0.0	0.0	0.0	0.0	0.0	0.0	0.0	0.0	0.0	0.0	0.0	0.0	0.0	0.0	0.0	0.0	0.0	0.0	0.0	0.0	0.0	0.0	0.0	0.0	0.0	0.3298308548999561	0.0	0.0	0.0	0.0	0.0	0.0	0.11782376260735014	0.0	0.0	0.0	0.0	0.0
ACH-002355	20	34063413	G[T>A]G	0.007228641737461455	0.0	0.0	0.0	0.3822972966567696	0.0	0.0	0.0	0.0	0.0	0.0	0.0	0.0	6.15989504975161e-15	0.0	0.0	0.0	0.0	0.0	0.0	0.0	0.0	0.0	0.0	0.0	0.0	0.0	0.0	0.0	0.0	0.0	0.0	0.0	0.0	0.0	0.0	0.0	0.0	0.0	0.0	0.0	0.0	0.0	0.0	0.0	0.0	0.0	0.0	0.0	0.0	0.0	0.0	0.0	0.0	0.0	0.0	0.0	0.0	0.0	0.0	0.0	0.0	0.0	0.0	0.0	0.0	0.0	0.0	0.0	0.0	0.0	0.0	0.0	0.3779491289164097	0.0	0.0	0.0	0.0	0.0	0.0	0.23252493268935312	0.0	0.0	0.0	0.0	0.0
ACH-002355	20	35743699	G[C>T]T	0.00031530157417294225	0.0	0.0	0.0	0.4835299339764981	0.0	0.0	0.0	0.0	0.0	0.0	0.0	0.0	0.2473750690065458	0.0	0.0	0.0	0.0	0.0	0.0	0.0	0.0	0.0	0.0	0.0	0.0	0.0	0.0	0.0	0.0	0.0	0.0	0.0	0.0	0.0	0.0	0.0	0.0	0.0	0.0	0.0	0.0	0.0	0.0	0.0	0.0	0.0	0.0	0.0	0.0	0.0	0.0	0.0	0.0	0.0	0.0	0.0	0.0	0.0	0.0	0.0	0.0	0.0	0.0	0.0	0.0	0.0	0.0	0.0	0.0	0.0	0.0	0.0	0.022432999033592464	0.0	0.0	0.0	0.0	0.0	0.0	0.24634669640919066	0.0	0.0	0.0	0.0	0.0
ACH-002355	20	44439830	A[C>A]C	0.0168958969850242	0.0	0.0	0.0	0.22144034309821387	0.0	0.0	0.0	0.0	0.0	0.0	0.0	0.0	0.04576329890748223	0.0	0.0	0.0	0.0	0.0	0.0	0.0	0.0	0.0	0.0	0.0	0.0	0.0	0.0	0.0	0.0	0.0	0.0	0.0	0.0	0.0	0.0	0.0	0.0	0.0	0.0	0.0	0.0	0.0	0.0	0.0	0.0	0.0	0.0	0.0	0.0	0.0	0.0	0.0	0.0	0.0	0.0	0.0	0.0	0.0	0.0	0.0	0.0	0.0	0.0	0.0	0.0	0.0	0.0	0.0	0.0	0.0	0.0	0.0	0.0639935963936742	0.0	0.0	0.0	0.0	0.0	0.0	0.6519068646156055	0.0	0.0	0.0	0.0	0.0
ACH-002355	21	43863444	C[C>A]T	1.2421734519817417e-15	0.0	0.0	0.0	0.11445573533796397	0.0	0.0	0.0	0.0	0.0	0.0	0.0	0.0	0.04382205078528611	0.0	0.0	0.0	0.0	0.0	0.0	0.0	0.0	0.0	0.0	0.0	0.0	0.0	0.0	0.0	0.0	0.0	0.0	0.0	0.0	0.0	0.0	0.0	0.0	0.0	0.0	0.0	0.0	0.0	0.0	0.0	0.0	0.0	0.0	0.0	0.0	0.0	0.0	0.0	0.0	0.0	0.0	0.0	0.0	0.0	0.0	0.0	0.0	0.0	0.0	0.0	0.0	0.0	0.0	0.0	0.0	0.0	0.0	0.0	0.051404282178086444	0.0	0.0	0.0	0.0	0.0	0.0	0.7903179316986623	0.0	0.0	0.0	0.0	0.0
ACH-002355	22	19052389	G[C>T]G	0.6014244446211667	0.0	0.0	0.0	0.1074157696126407	0.0	0.0	0.0	0.0	0.0	0.0	0.0	0.0	0.03282376124782076	0.0	0.0	0.0	0.0	0.0	0.0	0.0	0.0	0.0	0.0	0.0	0.0	0.0	0.0	0.0	0.0	0.0	0.0	0.0	0.0	0.0	0.0	0.0	0.0	0.0	0.0	0.0	0.0	0.0	0.0	0.0	0.0	0.0	0.0	0.0	0.0	0.0	0.0	0.0	0.0	0.0	0.0	0.0	0.0	0.0	0.0	0.0	0.0	0.0	0.0	0.0	0.0	0.0	0.0	0.0	0.0	0.0	0.0	0.0	0.09226681846612746	0.0	0.0	0.0	0.0	0.0	0.0	0.1660692060522444	0.0	0.0	0.0	0.0	0.0
ACH-002355	22	19132044	G[T>G]C	2.0470433719787403e-14	0.0	0.0	0.0	0.49697412158264687	0.0	0.0	0.0	0.0	0.0	0.0	0.0	0.0	0.08166641794290568	0.0	0.0	0.0	0.0	0.0	0.0	0.0	0.0	0.0	0.0	0.0	0.0	0.0	0.0	0.0	0.0	0.0	0.0	0.0	0.0	0.0	0.0	0.0	0.0	0.0	0.0	0.0	0.0	0.0	0.0	0.0	0.0	0.0	0.0	0.0	0.0	0.0	0.0	0.0	0.0	0.0	0.0	0.0	0.0	0.0	0.0	0.0	0.0	0.0	0.0	0.0	0.0	0.0	0.0	0.0	0.0	0.0	0.0	0.0	0.21477922782575906	0.0	0.0	0.0	0.0	0.0	0.0	0.20658023264866793	0.0	0.0	0.0	0.0	0.0
ACH-002355	22	29965222	C[C>A]A	0.0009611409898203757	0.0	0.0	0.0	0.07245364688822796	0.0	0.0	0.0	0.0	0.0	0.0	0.0	0.0	0.0015155290237407009	0.0	0.0	0.0	0.0	0.0	0.0	0.0	0.0	0.0	0.0	0.0	0.0	0.0	0.0	0.0	0.0	0.0	0.0	0.0	0.0	0.0	0.0	0.0	0.0	0.0	0.0	0.0	0.0	0.0	0.0	0.0	0.0	0.0	0.0	0.0	0.0	0.0	0.0	0.0	0.0	0.0	0.0	0.0	0.0	0.0	0.0	0.0	0.0	0.0	0.0	0.0	0.0	0.0	0.0	0.0	0.0	0.0	0.0	0.0	0.04978596605453799	0.0	0.0	0.0	0.0	0.0	0.0	0.8752837170436729	0.0	0.0	0.0	0.0	0.0
ACH-002355	22	31536388	C[C>A]T	1.2421734519817417e-15	0.0	0.0	0.0	0.11445573533796397	0.0	0.0	0.0	0.0	0.0	0.0	0.0	0.0	0.04382205078528611	0.0	0.0	0.0	0.0	0.0	0.0	0.0	0.0	0.0	0.0	0.0	0.0	0.0	0.0	0.0	0.0	0.0	0.0	0.0	0.0	0.0	0.0	0.0	0.0	0.0	0.0	0.0	0.0	0.0	0.0	0.0	0.0	0.0	0.0	0.0	0.0	0.0	0.0	0.0	0.0	0.0	0.0	0.0	0.0	0.0	0.0	0.0	0.0	0.0	0.0	0.0	0.0	0.0	0.0	0.0	0.0	0.0	0.0	0.0	0.051404282178086444	0.0	0.0	0.0	0.0	0.0	0.0	0.7903179316986623	0.0	0.0	0.0	0.0	0.0
ACH-002355	22	35658407	T[C>G]T	0.014200707943844489	0.0	0.0	0.0	0.3601917696917207	0.0	0.0	0.0	0.0	0.0	0.0	0.0	0.0	0.0003730563483623763	0.0	0.0	0.0	0.0	0.0	0.0	0.0	0.0	0.0	0.0	0.0	0.0	0.0	0.0	0.0	0.0	0.0	0.0	0.0	0.0	0.0	0.0	0.0	0.0	0.0	0.0	0.0	0.0	0.0	0.0	0.0	0.0	0.0	0.0	0.0	0.0	0.0	0.0	0.0	0.0	0.0	0.0	0.0	0.0	0.0	0.0	0.0	0.0	0.0	0.0	0.0	0.0	0.0	0.0	0.0	0.0	0.0	0.0	0.0	0.2171451149897299	0.0	0.0	0.0	0.0	0.0	0.0	0.4080893510263425	0.0	0.0	0.0	0.0	0.0
ACH-002355	22	38120455	C[C>T]G	0.29046482192873846	0.0	0.0	0.0	0.0820944686828651	0.0	0.0	0.0	0.0	0.0	0.0	0.0	0.0	0.005177646269620903	0.0	0.0	0.0	0.0	0.0	0.0	0.0	0.0	0.0	0.0	0.0	0.0	0.0	0.0	0.0	0.0	0.0	0.0	0.0	0.0	0.0	0.0	0.0	0.0	0.0	0.0	0.0	0.0	0.0	0.0	0.0	0.0	0.0	0.0	0.0	0.0	0.0	0.0	0.0	0.0	0.0	0.0	0.0	0.0	0.0	0.0	0.0	0.0	0.0	0.0	0.0	0.0	0.0	0.0	0.0	0.0	0.0	0.0	0.0	0.523086723196558	0.0	0.0	0.0	0.0	0.0	0.0	0.09917633992221753	0.0	0.0	0.0	0.0	0.0
ACH-002355	22	41833080	T[C>T]A	0.010917534121763762	0.0	0.0	0.0	0.6320276100570857	0.0	0.0	0.0	0.0	0.0	0.0	0.0	0.0	0.025354644559279594	0.0	0.0	0.0	0.0	0.0	0.0	0.0	0.0	0.0	0.0	0.0	0.0	0.0	0.0	0.0	0.0	0.0	0.0	0.0	0.0	0.0	0.0	0.0	0.0	0.0	0.0	0.0	0.0	0.0	0.0	0.0	0.0	0.0	0.0	0.0	0.0	0.0	0.0	0.0	0.0	0.0	0.0	0.0	0.0	0.0	0.0	0.0	0.0	0.0	0.0	0.0	0.0	0.0	0.0	0.0	0.0	0.0	0.0	0.0	0.0001619747824745678	0.0	0.0	0.0	0.0	0.0	0.0	0.33153823647939634	0.0	0.0	0.0	0.0	0.0
ACH-002355	22	42209814	T[C>T]G	0.1563550688554526	0.0	0.0	0.0	0.07154096317376872	0.0	0.0	0.0	0.0	0.0	0.0	0.0	0.0	0.5865349766398608	0.0	0.0	0.0	0.0	0.0	0.0	0.0	0.0	0.0	0.0	0.0	0.0	0.0	0.0	0.0	0.0	0.0	0.0	0.0	0.0	0.0	0.0	0.0	0.0	0.0	0.0	0.0	0.0	0.0	0.0	0.0	0.0	0.0	0.0	0.0	0.0	0.0	0.0	0.0	0.0	0.0	0.0	0.0	0.0	0.0	0.0	0.0	0.0	0.0	0.0	0.0	0.0	0.0	0.0	0.0	0.0	0.0	0.0	0.0	0.15987174894856468	0.0	0.0	0.0	0.0	0.0	0.0	0.025697242382353196	0.0	0.0	0.0	0.0	0.0
ACH-002355	MT	9010	G[C>T]G	0.6014244446211667	0.0	0.0	0.0	0.1074157696126407	0.0	0.0	0.0	0.0	0.0	0.0	0.0	0.0	0.03282376124782076	0.0	0.0	0.0	0.0	0.0	0.0	0.0	0.0	0.0	0.0	0.0	0.0	0.0	0.0	0.0	0.0	0.0	0.0	0.0	0.0	0.0	0.0	0.0	0.0	0.0	0.0	0.0	0.0	0.0	0.0	0.0	0.0	0.0	0.0	0.0	0.0	0.0	0.0	0.0	0.0	0.0	0.0	0.0	0.0	0.0	0.0	0.0	0.0	0.0	0.0	0.0	0.0	0.0	0.0	0.0	0.0	0.0	0.0	0.0	0.09226681846612746	0.0	0.0	0.0	0.0	0.0	0.0	0.1660692060522444	0.0	0.0	0.0	0.0	0.0
ACH-002355	MT	9093	G[T>C]G	0.019241605202812047	0.0	0.0	0.0	0.7808812730864044	0.0	0.0	0.0	0.0	0.0	0.0	0.0	0.0	0.02143027578665455	0.0	0.0	0.0	0.0	0.0	0.0	0.0	0.0	0.0	0.0	0.0	0.0	0.0	0.0	0.0	0.0	0.0	0.0	0.0	0.0	0.0	0.0	0.0	0.0	0.0	0.0	0.0	0.0	0.0	0.0	0.0	0.0	0.0	0.0	0.0	0.0	0.0	0.0	0.0	0.0	0.0	0.0	0.0	0.0	0.0	0.0	0.0	0.0	0.0	0.0	0.0	0.0	0.0	0.0	0.0	0.0	0.0	0.0	0.0	0.12304806391609839	0.0	0.0	0.0	0.0	0.0	0.0	0.05539878200803057	0.0	0.0	0.0	0.0	0.0
ACH-002355	MT	9554	G[C>T]C	0.0006299109214321347	0.0	0.0	0.0	0.46419495516455533	0.0	0.0	0.0	0.0	0.0	0.0	0.0	0.0	0.09680069087712752	0.0	0.0	0.0	0.0	0.0	0.0	0.0	0.0	0.0	0.0	0.0	0.0	0.0	0.0	0.0	0.0	0.0	0.0	0.0	0.0	0.0	0.0	0.0	0.0	0.0	0.0	0.0	0.0	0.0	0.0	0.0	0.0	0.0	0.0	0.0	0.0	0.0	0.0	0.0	0.0	0.0	0.0	0.0	0.0	0.0	0.0	0.0	0.0	0.0	0.0	0.0	0.0	0.0	0.0	0.0	0.0	0.0	0.0	0.0	0.033567692048641906	0.0	0.0	0.0	0.0	0.0	0.0	0.40480675098824315	0.0	0.0	0.0	0.0	0.0
ACH-002355	MT	11377	T[C>T]T	8.778961602135289e-16	0.0	0.0	0.0	0.2617418000684903	0.0	0.0	0.0	0.0	0.0	0.0	0.0	0.0	0.4759031565888253	0.0	0.0	0.0	0.0	0.0	0.0	0.0	0.0	0.0	0.0	0.0	0.0	0.0	0.0	0.0	0.0	0.0	0.0	0.0	0.0	0.0	0.0	0.0	0.0	0.0	0.0	0.0	0.0	0.0	0.0	0.0	0.0	0.0	0.0	0.0	0.0	0.0	0.0	0.0	0.0	0.0	0.0	0.0	0.0	0.0	0.0	0.0	0.0	0.0	0.0	0.0	0.0	0.0	0.0	0.0	0.0	0.0	0.0	0.0	0.08140988601118707	0.0	0.0	0.0	0.0	0.0	0.0	0.1809451573314964	0.0	0.0	0.0	0.0	0.0
ACH-002355	X	37969629	G[T>C]G	0.019241605202812047	0.0	0.0	0.0	0.7808812730864044	0.0	0.0	0.0	0.0	0.0	0.0	0.0	0.0	0.02143027578665455	0.0	0.0	0.0	0.0	0.0	0.0	0.0	0.0	0.0	0.0	0.0	0.0	0.0	0.0	0.0	0.0	0.0	0.0	0.0	0.0	0.0	0.0	0.0	0.0	0.0	0.0	0.0	0.0	0.0	0.0	0.0	0.0	0.0	0.0	0.0	0.0	0.0	0.0	0.0	0.0	0.0	0.0	0.0	0.0	0.0	0.0	0.0	0.0	0.0	0.0	0.0	0.0	0.0	0.0	0.0	0.0	0.0	0.0	0.0	0.12304806391609839	0.0	0.0	0.0	0.0	0.0	0.0	0.05539878200803057	0.0	0.0	0.0	0.0	0.0
ACH-002355	X	48887783	C[C>A]C	0.005853696909941299	0.0	0.0	0.0	0.0635600028465566	0.0	0.0	0.0	0.0	0.0	0.0	0.0	0.0	0.00981968246464503	0.0	0.0	0.0	0.0	0.0	0.0	0.0	0.0	0.0	0.0	0.0	0.0	0.0	0.0	0.0	0.0	0.0	0.0	0.0	0.0	0.0	0.0	0.0	0.0	0.0	0.0	0.0	0.0	0.0	0.0	0.0	0.0	0.0	0.0	0.0	0.0	0.0	0.0	0.0	0.0	0.0	0.0	0.0	0.0	0.0	0.0	0.0	0.0	0.0	0.0	0.0	0.0	0.0	0.0	0.0	0.0	0.0	0.0	0.0	0.03730523602373022	0.0	0.0	0.0	0.0	0.0	0.0	0.8834613817551268	0.0	0.0	0.0	0.0	0.0
ACH-002355	X	51487849	T[T>A]T	0.021865980048792553	0.0	0.0	0.0	0.26917390644023126	0.0	0.0	0.0	0.0	0.0	0.0	0.0	0.0	0.013948368916552186	0.0	0.0	0.0	0.0	0.0	0.0	0.0	0.0	0.0	0.0	0.0	0.0	0.0	0.0	0.0	0.0	0.0	0.0	0.0	0.0	0.0	0.0	0.0	0.0	0.0	0.0	0.0	0.0	0.0	0.0	0.0	0.0	0.0	0.0	0.0	0.0	0.0	0.0	0.0	0.0	0.0	0.0	0.0	0.0	0.0	0.0	0.0	0.0	0.0	0.0	0.0	0.0	0.0	0.0	0.0	0.0	0.0	0.0	0.0	0.09655287960359867	0.0	0.0	0.0	0.0	0.0	0.0	0.5984588649908253	0.0	0.0	0.0	0.0	0.0
ACH-002355	X	83128555	A[T>G]A	0.004229169012822464	0.0	0.0	0.0	0.3004354079103179	0.0	0.0	0.0	0.0	0.0	0.0	0.0	0.0	0.0008056644831661386	0.0	0.0	0.0	0.0	0.0	0.0	0.0	0.0	0.0	0.0	0.0	0.0	0.0	0.0	0.0	0.0	0.0	0.0	0.0	0.0	0.0	0.0	0.0	0.0	0.0	0.0	0.0	0.0	0.0	0.0	0.0	0.0	0.0	0.0	0.0	0.0	0.0	0.0	0.0	0.0	0.0	0.0	0.0	0.0	0.0	0.0	0.0	0.0	0.0	0.0	0.0	0.0	0.0	0.0	0.0	0.0	0.0	0.0	0.0	0.36940097328312227	0.0	0.0	0.0	0.0	0.0	0.0	0.32512878531057116	0.0	0.0	0.0	0.0	0.0
ACH-002355	X	85769308	A[C>T]G	0.5237153204772383	0.0	0.0	0.0	0.028069148704286864	0.0	0.0	0.0	0.0	0.0	0.0	0.0	0.0	0.0005609133111684596	0.0	0.0	0.0	0.0	0.0	0.0	0.0	0.0	0.0	0.0	0.0	0.0	0.0	0.0	0.0	0.0	0.0	0.0	0.0	0.0	0.0	0.0	0.0	0.0	0.0	0.0	0.0	0.0	0.0	0.0	0.0	0.0	0.0	0.0	0.0	0.0	0.0	0.0	0.0	0.0	0.0	0.0	0.0	0.0	0.0	0.0	0.0	0.0	0.0	0.0	0.0	0.0	0.0	0.0	0.0	0.0	0.0	0.0	0.0	0.3298308548999561	0.0	0.0	0.0	0.0	0.0	0.0	0.11782376260735014	0.0	0.0	0.0	0.0	0.0
ACH-002355	X	99854580	C[C>G]G	0.0019867781902195673	0.0	0.0	0.0	0.044488223326219004	0.0	0.0	0.0	0.0	0.0	0.0	0.0	0.0	1.1832039826773957e-15	0.0	0.0	0.0	0.0	0.0	0.0	0.0	0.0	0.0	0.0	0.0	0.0	0.0	0.0	0.0	0.0	0.0	0.0	0.0	0.0	0.0	0.0	0.0	0.0	0.0	0.0	0.0	0.0	0.0	0.0	0.0	0.0	0.0	0.0	0.0	0.0	0.0	0.0	0.0	0.0	0.0	0.0	0.0	0.0	0.0	0.0	0.0	0.0	0.0	0.0	0.0	0.0	0.0	0.0	0.0	0.0	0.0	0.0	0.0	0.9165517287770808	0.0	0.0	0.0	0.0	0.0	0.0	0.03697326970647956	0.0	0.0	0.0	0.0	0.0
ACH-002355	X	105449989	T[T>A]T	0.021865980048792553	0.0	0.0	0.0	0.26917390644023126	0.0	0.0	0.0	0.0	0.0	0.0	0.0	0.0	0.013948368916552186	0.0	0.0	0.0	0.0	0.0	0.0	0.0	0.0	0.0	0.0	0.0	0.0	0.0	0.0	0.0	0.0	0.0	0.0	0.0	0.0	0.0	0.0	0.0	0.0	0.0	0.0	0.0	0.0	0.0	0.0	0.0	0.0	0.0	0.0	0.0	0.0	0.0	0.0	0.0	0.0	0.0	0.0	0.0	0.0	0.0	0.0	0.0	0.0	0.0	0.0	0.0	0.0	0.0	0.0	0.0	0.0	0.0	0.0	0.0	0.09655287960359867	0.0	0.0	0.0	0.0	0.0	0.0	0.5984588649908253	0.0	0.0	0.0	0.0	0.0
ACH-002355	X	106034435	C[C>T]G	0.29046482192873846	0.0	0.0	0.0	0.0820944686828651	0.0	0.0	0.0	0.0	0.0	0.0	0.0	0.0	0.005177646269620903	0.0	0.0	0.0	0.0	0.0	0.0	0.0	0.0	0.0	0.0	0.0	0.0	0.0	0.0	0.0	0.0	0.0	0.0	0.0	0.0	0.0	0.0	0.0	0.0	0.0	0.0	0.0	0.0	0.0	0.0	0.0	0.0	0.0	0.0	0.0	0.0	0.0	0.0	0.0	0.0	0.0	0.0	0.0	0.0	0.0	0.0	0.0	0.0	0.0	0.0	0.0	0.0	0.0	0.0	0.0	0.0	0.0	0.0	0.0	0.523086723196558	0.0	0.0	0.0	0.0	0.0	0.0	0.09917633992221753	0.0	0.0	0.0	0.0	0.0
ACH-002355	X	106844895	T[C>T]A	0.010917534121763762	0.0	0.0	0.0	0.6320276100570857	0.0	0.0	0.0	0.0	0.0	0.0	0.0	0.0	0.025354644559279594	0.0	0.0	0.0	0.0	0.0	0.0	0.0	0.0	0.0	0.0	0.0	0.0	0.0	0.0	0.0	0.0	0.0	0.0	0.0	0.0	0.0	0.0	0.0	0.0	0.0	0.0	0.0	0.0	0.0	0.0	0.0	0.0	0.0	0.0	0.0	0.0	0.0	0.0	0.0	0.0	0.0	0.0	0.0	0.0	0.0	0.0	0.0	0.0	0.0	0.0	0.0	0.0	0.0	0.0	0.0	0.0	0.0	0.0	0.0	0.0001619747824745678	0.0	0.0	0.0	0.0	0.0	0.0	0.33153823647939634	0.0	0.0	0.0	0.0	0.0
ACH-002355	X	107978376	G[T>C]A	0.01312798844659946	0.0	0.0	0.0	0.5580416162239843	0.0	0.0	0.0	0.0	0.0	0.0	0.0	0.0	0.1735480052840198	0.0	0.0	0.0	0.0	0.0	0.0	0.0	0.0	0.0	0.0	0.0	0.0	0.0	0.0	0.0	0.0	0.0	0.0	0.0	0.0	0.0	0.0	0.0	0.0	0.0	0.0	0.0	0.0	0.0	0.0	0.0	0.0	0.0	0.0	0.0	0.0	0.0	0.0	0.0	0.0	0.0	0.0	0.0	0.0	0.0	0.0	0.0	0.0	0.0	0.0	0.0	0.0	0.0	0.0	0.0	0.0	0.0	0.0	0.0	0.07106321353002654	0.0	0.0	0.0	0.0	0.0	0.0	0.18421917651536981	0.0	0.0	0.0	0.0	0.0
